4.00467682532 12.9234 0.0 1504013830.78
4.0046 12.9239550795 0.0 1504013830.97
4.0048668365 12.9238 0.0 1504013831.09
4.00490001241 12.9242999814 0.0 1504013831.25
4.00491963275 12.9242 0.0 1504013831.42
4.00519594464 12.924406083 0.0 1504013831.49
4.00497085298 12.9245 0.0 1504013831.63
4.00507817082 12.9248345125 0.0 1504013831.86
4.00541469054 12.9248 0.0 1504013832.32
4.00554439723 12.925 0.0 1504013832.6
4.00554000052 12.9251 0.0 1504013832.83
4.00542171569 12.9252325735 0.0 1504013833.1
4.00551347419 12.9251067371 0.0 1504013833.22
4.0057417314 12.9254582686 0.0 1504013833.33
4.00574184807 12.925219384 0.0 1504013833.46
4.00578872525 12.9253 0.0 1504013833.76
4.00585993417 12.9255801317 0.0 1504013833.91
4.00561609026 12.9253919549 0.0 1504013834.01
4.00561514163 12.9253 0.0 1504013834.12
4.00562156921 12.9254647076 0.0 1504013834.3
4.00589774989 12.9256022501 0.0 1504013834.49
4.00584987478 12.9256501252 0.0 1504013834.52
4.00580183461 12.9256981654 0.0 1504013834.55
4.00571521724 12.9254456517 0.0 1504013834.6
4.00565427441 12.9255 0.0 1504013834.94
4.00556107438 12.9255 0.0 1504013835.01
4.00562226821 12.9255668046 0.0 1504013835.19
4.00569176912 12.9255 0.0 1504013835.27
4.00585087795 12.9255 0.0 1504013835.88
4.00590914397 12.925790856 0.0 1504013836.04
4.00580871931 12.9255261579 0.0 1504013836.1
4.00578175764 12.9255 0.0 1504013836.21
4.00597087472 12.9257582506 0.0 1504013836.31
4.00576111634 12.9255 0.0 1504013836.45
4.00584216206 12.9256421621 0.0 1504013836.58
4.00586831247 12.9257316875 0.0 1504013836.61
4.00581555812 12.9255 0.0 1504013837.04
4.00595246715 12.9257950657 0.0 1504013837.51
4.00575862087 12.9255 0.0 1504013837.63
4.00576289179 12.9255419279 0.0 1504013838.34
4.00589285484 12.9256 0.0 1504013838.56
4.00587775194 12.9256592506 0.0 1504013838.66
4.005718897 12.925656691 0.0 1504013838.79
4.00576359436 12.9258453915 0.0 1504013839.06
4.00572793723 12.9255 0.0 1504013839.19
4.00589714097 12.9257057181 0.0 1504013839.29
4.00573029567 12.925690887 0.0 1504013839.39
4.00585782808 12.9256052187 0.0 1504013839.56
4.00588957545 12.9256 0.0 1504013839.76
4.00582276564 12.9256 0.0 1504013839.79
4.00566729943 12.9257345989 0.0 1504013840.29
4.00578385737 12.9255612858 0.0 1504013840.39
4.00563080391 12.925510268 0.0 1504013840.42
4.00587399168 12.925821975 0.0 1504013840.86
4.00575581252 12.9258232501 0.0 1504013841.18
4.00580352567 12.9259929487 0.0 1504013841.45
4.00591569778 12.9257156978 0.0 1504013841.96
4.00595745351 12.925885093 0.0 1504013842.01
4.00578224622 12.9259289849 0.0 1504013842.66
4.00587043405 12.9258295659 0.0 1504013842.93
4.00581292302 12.925712923 0.0 1504013843.16
4.00573892873 12.9257167862 0.0 1504013843.28
4.00586800383 12.9258639923 0.0 1504013843.51
4.00570136211 12.9256 0.0 1504013843.64
4.0058664491 12.9257664491 0.0 1504013843.78
4.00571564011 12.9257156401 0.0 1504013844.35
4.00568224605 12.925682246 0.0 1504013844.66
4.00573748304 12.9259250339 0.0 1504013844.73
4.00579303867 12.9257286924 0.0 1504013845.26
4.00589727956 12.9256 0.0 1504013845.47
4.00582580214 12.9256887032 0.0 1504013845.57
4.00582326102 12.9257488407 0.0 1504013845.87
4.00580781267 12.9258921873 0.0 1504013845.94
4.00568156251 12.9256 0.0 1504013846.04
4.00561190339 12.9255059517 0.0 1504013846.13
4.00581927201 12.925961456 0.0 1504013846.24
4.00566095887 12.9256 0.0 1504013846.41
4.00581137692 12.9257409179 0.0 1504013846.47
4.00564536678 12.9257 0.0 1504013847.01
4.00585248176 12.9259950365 0.0 1504013847.11
4.00571853206 12.9258555962 0.0 1504013847.2
4.00583449391 12.9260655061 0.0 1504013847.43
4.00564376559 12.9257875312 0.0 1504013847.5
4.00569792521 12.9257 0.0 1504013847.54
4.00574857035 12.925945711 0.0 1504013847.78
4.00553050669 12.9243440535 0.0 1504013847.98
4.0049 12.9239 0.0 1504013848.12
4.00495611567 12.9246158265 0.0 1504013848.63
4.00496071114 12.9245 0.0 1504013848.79
4.0052635324 12.9252 0.0 1504013849.35
4.00522155479 12.9252 0.0 1504013849.42
4.00543177638 12.9256046709 0.0 1504013849.53
4.00557587764 12.9256482447 0.0 1504013849.8
4.00543890968 12.9255 0.0 1504013849.93
4.00555160762 12.9256 0.0 1504013850.3
4.00578281249 12.9257885417 0.0 1504013850.39
4.00558410108 12.9259682022 0.0 1504013850.46
4.00558099175 12.9258 0.0 1504013850.56
4.00569965567 12.926098967 0.0 1504013850.75
4.00573046041 12.9261390792 0.0 1504013851.03
4.00553060062 12.9258612012 0.0 1504013851.1
4.00572881478 12.9259525432 0.0 1504013851.27
4.00572584469 12.9261483106 0.0 1504013851.33
4.00560628657 12.9259188597 0.0 1504013851.4
4.00579435117 12.9259 0.0 1504013851.46
4.00589217731 12.9259921773 0.0 1504013851.59
4.00574777303 12.9260433191 0.0 1504013851.68
4.00568178216 12.9259 0.0 1504013852.06
4.00580735843 12.926038239 0.0 1504013853.07
4.0056246192 12.9260738576 0.0 1504013853.19
4.00575507426 12.9262449257 0.0 1504013853.41
4.00560532283 12.9259 0.0 1504013853.62
4.00519463075 12.9240691275 0.0 1504013854.02
4.0048 12.9239 0.0 1504013854.17
4.00507186736 12.9240718674 0.0 1504013854.28
4.004785291 12.9243 0.0 1504013854.46
4.00487277088 12.9247272291 0.0 1504013854.63
4.00519485668 12.9247897134 0.0 1504013854.76
4.0053 12.9248 0.0 1504013854.97
4.00539115014 12.9248607668 0.0 1504013855.15
4.0053 12.9252 0.0 1504013855.4
4.0053 12.9252 0.0 1504013855.43
4.00546171391 12.9254078093 0.0 1504013855.76
4.00568118739 12.9255874583 0.0 1504013856.08
4.00560986899 12.925780262 0.0 1504013856.14
4.00551207928 12.9256 0.0 1504013856.21
4.0055 12.9257 0.0 1504013856.53
4.00555391355 12.9257460865 0.0 1504013856.84
4.00574156652 12.926016867 0.0 1504013857.02
4.0055553981 12.9258830972 0.0 1504013857.09
4.00561353474 12.9257 0.0 1504013857.19
4.00575707749 12.9259570775 0.0 1504013857.58
4.00561703407 12.9259340681 0.0 1504013857.7
4.00572688362 12.9261731164 0.0 1504013857.93
4.00564220236 12.9259688094 0.0 1504013857.98
4.00560729823 12.9258 0.0 1504013858.12
4.00570850142 12.9261829972 0.0 1504013858.24
4.0056250068 12.9258 0.0 1504013858.41
4.00564152753 12.9259622913 0.0 1504013858.6
4.00550602978 12.9243025062 0.0 1504013858.79
4.00473513828 12.9239 0.0 1504013858.95
4.00470780154 12.9242 0.0 1504013859.32
4.0050643263 12.9245237825 0.0 1504013859.39
4.00495262548 12.9249526255 0.0 1504013859.77
4.0051 12.9249 0.0 1504013859.92
4.00462864145 12.9236143207 0.0 1504013860.24
4.00474316176 12.9237757843 0.0 1504013860.3
4.00455876336 12.924 0.0 1504013860.46
4.00475519665 12.9241034644 0.0 1504013860.56
4.00484012163 12.9242598784 0.0 1504013860.6
4.00426550998 12.92336551 0.0 1504013861.29
4.00456105626 12.9239073708 0.0 1504013861.76
4.0046 12.9242 0.0 1504013861.98
4.00528581251 12.9253858125 0.0 1504013862.98
4.00458477263 12.9237 0.0 1504013863.76
4.00458798451 12.9241 0.0 1504013864.06
4.00467946623 12.9241529775 0.0 1504013864.14
4.00461560293 12.9245843971 0.0 1504013864.24
4.00461560293 12.9245843971 0.0 1504013864.24
4.00496822332 12.924747665 0.0 1504013864.5
4.0048 12.924917523 0.0 1504013864.6
4.0049 12.9248 0.0 1504013864.69
4.00521557445 12.9252770496 0.0 1504013865.35
4.00512842327 12.9254568465 0.0 1504013865.49
4.00531656185 12.9255 0.0 1504013865.82
4.00520353681 12.9240495154 0.0 1504013865.99
4.00445279094 12.9236 0.0 1504013866.2
4.0045 12.924 0.0 1504013866.47
4.00472473749 12.9242752625 0.0 1504013866.6
4.0045 12.9243837597 0.0 1504013866.68
4.00461919505 12.9243 0.0 1504013866.74
4.00497894926 12.9249 0.0 1504013867.35
4.005 12.9249 0.0 1504013867.42
4.00503450627 12.9252690125 0.0 1504013867.59
4.00523021923 12.9255697808 0.0 1504013867.84
4.00511955522 12.9253586657 0.0 1504013867.9
4.00526360669 12.9253 0.0 1504013867.99
4.0052140378 12.9253 0.0 1504013868.02
4.00520742752 12.9253049517 0.0 1504013868.03
4.00540178007 12.9256964399 0.0 1504013868.15
4.00533679727 12.9255 0.0 1504013868.23
4.00429181678 12.9236622748 0.0 1504013868.48
4.02291558204 12.9228224776 0.0 1504013869.07
4.04860403572 12.9240374561 0.0 1504013869.28
4.05919520217 12.9229 0.0 1504013869.39
4.11432289894 12.9203205764 0.0 1504013869.81
4.13654633872 12.9199740192 0.0 1504013869.99
4.18494431223 12.9210853869 0.0 1504013870.5
4.22592464618 12.9201305564 0.0 1504013870.87
4.24837668545 12.9185712562 0.0 1504013871.1
4.39466282213 12.9088973458 0.0 1504013872.6
4.41169879395 12.9078886037 0.0 1504013872.78
4.42696699836 12.9069190358 0.0 1504013872.94
4.45324205342 12.9096551677 0.0 1504013873.14
4.48077740427 12.9088933894 0.0 1504013873.45
4.49921793001 12.9033696965 0.0 1504013873.83
4.5828714164 12.8916135046 0.0 1504013874.56
4.59519526558 12.8901187557 0.0 1504013874.67
4.60427189744 12.888963466 0.0 1504013874.76
4.62464312062 12.886162066 0.0 1504013874.98
4.62642510948 12.8859445335 0.0 1504013875.0
4.63920815055 12.8842446447 0.0 1504013875.16
4.65316442253 12.882475664 0.0 1504013875.34
4.6597204811 12.8815365965 0.0 1504013875.42
4.67378653284 12.8796890059 0.0 1504013875.61
4.69222398043 12.8774140816 0.0 1504013875.83
4.7128748074 12.8740220928 0.0 1504013876.07
4.71766455956 12.8733215186 0.0 1504013876.12
4.72689166978 12.8721619657 0.0 1504013876.23
4.75954325118 12.8721458024 0.0 1504013876.57
4.77146314533 12.8700186259 0.0 1504013876.71
4.781699724 12.867820988 0.0 1504013876.85
4.78773006904 12.866633429 0.0 1504013876.91
4.83149941755 12.8546357117 0.0 1504013877.46
4.85892501337 12.8484438748 0.0 1504013877.78
4.86521509743 12.8471769805 0.0 1504013877.85
4.87520873136 12.8454603335 0.0 1504013877.98
4.89113453533 12.8420465406 0.0 1504013878.15
4.89201597516 12.8418600822 0.0 1504013878.16
4.89470986513 12.8412836003 0.0 1504013878.2
4.92366322926 12.836288216 0.0 1504013878.51
4.94857928759 12.8302373512 0.0 1504013878.81
4.968283079 12.8250504539 0.0 1504013879.08
4.97309102434 12.8236359512 0.0 1504013879.17
4.98679566156 12.8202032114 0.0 1504013879.34
4.99351527583 12.8184412884 0.0 1504013879.42
5.00505879852 12.8153923604 0.0 1504013879.56
5.01420693693 12.8128094884 0.0 1504013879.66
5.0227208629 12.8106874932 0.0 1504013879.76
5.05418609553 12.8025126302 0.0 1504013880.13
5.08775005402 12.7939641367 0.0 1504013880.53
5.10576465053 12.7889169486 0.0 1504013880.74
5.125214742 12.7836386451 0.0 1504013880.98
5.13421573173 12.7808945753 0.0 1504013881.08
5.17879641541 12.7677122263 0.0 1504013881.63
5.18678707267 12.7653508285 0.0 1504013881.72
5.19384375918 12.7631854136 0.0 1504013881.8
5.2235848967 12.7538661229 0.0 1504013882.16
5.23616467969 12.7493941281 0.0 1504013882.3
5.25172983856 12.7440377968 0.0 1504013882.49
5.26143790411 12.7407267766 0.0 1504013882.61
5.26723267581 12.7388777221 0.0 1504013882.67
5.2711012634 12.7377844256 0.0 1504013882.72
5.27856757991 12.7352721461 0.0 1504013882.83
5.29125846411 12.7308819497 0.0 1504013882.97
5.31579433431 12.7225352219 0.0 1504013883.25
5.33779731167 12.7141537635 0.0 1504013883.5
5.37488299616 12.7004796834 0.0 1504013883.94
5.38390581224 12.6970844511 0.0 1504013884.06
5.4016833325 12.6907803336 0.0 1504013884.26
5.41069622936 12.6870815083 0.0 1504013884.37
5.41814297614 12.6841890455 0.0 1504013884.46
5.42728408077 12.6803121637 0.0 1504013884.57
5.43908153941 12.6751977534 0.0 1504013884.72
5.44895431853 12.6711728407 0.0 1504013884.83
5.47151549774 12.6618746991 0.0 1504013885.11
5.47893021923 12.6586820269 0.0 1504013885.21
5.48964754284 12.6548509915 0.0 1504013885.34
5.49931477583 12.6508508104 0.0 1504013885.45
5.51046786025 12.6458509726 0.0 1504013885.59
5.53058021229 12.6368244538 0.0 1504013885.84
5.53821159074 12.6331472676 0.0 1504013885.93
5.56218396264 12.6224488966 0.0 1504013886.23
5.57892502514 12.6149346038 0.0 1504013886.45
5.59600028383 12.607650931 0.0 1504013886.65
5.63468299543 12.589078072 0.0 1504013887.13
5.664874219 12.5740128905 0.0 1504013887.51
5.67720235319 12.5677989915 0.0 1504013887.67
5.69036843175 12.5615619145 0.0 1504013887.83
5.74615014164 12.5328839207 0.0 1504013888.52
5.74855062477 12.5315396501 0.0 1504013888.55
5.75808913171 12.5267719361 0.0 1504013888.65
5.80089611457 12.5032521856 0.0 1504013889.2
5.80169927742 12.5028004064 0.0 1504013889.21
5.82971502717 12.4878592096 0.0 1504013889.56
5.8383682487 12.4827990508 0.0 1504013889.68
5.84646570561 12.478219945 0.0 1504013889.78
5.86074655449 12.4720350849 0.0 1504013889.88
5.87168860914 12.4632606067 0.0 1504013890.03
5.87961491164 12.4592707666 0.0 1504013890.14
5.89816285886 12.4488127542 0.0 1504013890.41
5.90536526607 12.4448962213 0.0 1504013890.49
5.95583614761 12.4157230344 0.0 1504013891.11
5.97328860777 12.4050756437 0.0 1504013891.33
6.00051416456 12.3884090948 0.0 1504013891.66
6.0105377218 12.3816173669 0.0 1504013891.81
6.01842251198 12.376867649 0.0 1504013891.91
6.03588688484 12.365653463 0.0 1504013892.13
6.05220662509 12.3558636274 0.0 1504013892.33
6.06107361286 12.3497965711 0.0 1504013892.45
6.07080965439 12.3441358863 0.0 1504013892.56
6.08012268942 12.3378300278 0.0 1504013892.68
6.08721332285 12.3330061062 0.0 1504013892.77
6.12619979242 12.3070513613 0.0 1504013893.27
6.14366594477 12.2958215893 0.0 1504013893.48
6.15927457548 12.2849980845 0.0 1504013893.7
6.16395275429 12.2822036202 0.0 1504013893.75
6.17204257554 12.2766640254 0.0 1504013893.86
6.18580444011 12.2674373359 0.0 1504013894.05
6.21174354951 12.2496119952 0.0 1504013894.38
6.21643288812 12.2461961561 0.0 1504013894.44
6.22784175188 12.2378912591 0.0 1504013894.59
6.23317559703 12.2343854661 0.0 1504013894.65
6.25113812096 12.2209560898 0.0 1504013894.88
6.28481638537 12.1973672192 0.0 1504013895.32
6.32147491268 12.1708261477 0.0 1504013895.8
6.33097565844 12.1641255753 0.0 1504013895.92
6.35070049139 12.1494403949 0.0 1504013896.16
6.35430184645 12.1469308569 0.0 1504013896.2
6.35430184645 12.1469308569 0.0 1504013896.2
6.39098232932 12.12031361 0.0 1504013896.69
6.39357478046 12.1188660089 0.0 1504013896.72
6.42864035138 12.0938202212 0.0 1504013897.17
6.4292441794 12.0932958442 0.0 1504013897.18
6.43901199765 12.0858715804 0.0 1504013897.33
6.44651386329 12.0807091614 0.0 1504013897.41
6.45174874308 12.0764429897 0.0 1504013897.49
6.45937586293 12.070635736 0.0 1504013897.59
6.47902757941 12.0561906944 0.0 1504013897.83
6.49375568629 12.0453823315 0.0 1504013898.01
6.5080025932 12.0343459094 0.0 1504013898.2
6.51252678814 12.0309949717 0.0 1504013898.25
6.52839630177 12.0181423731 0.0 1504013898.46
6.5580689177 11.995716916 0.0 1504013898.84
6.59017446328 11.9700599856 0.0 1504013899.29
6.61604877536 11.9493916425 0.0 1504013899.63
6.62873918964 11.9395699996 0.0 1504013899.79
6.63957493437 11.9305276548 0.0 1504013899.94
6.66230585672 11.9126117861 0.0 1504013900.23
6.70839491023 11.8739632524 0.0 1504013900.83
6.71599037305 11.8676070014 0.0 1504013900.93
6.72607599087 11.8595520071 0.0 1504013901.05
6.73320279129 11.8535579547 0.0 1504013901.14
6.74020743655 11.8474998979 0.0 1504013901.23
6.76253673899 11.8291286781 0.0 1504013901.53
6.79726761493 11.799029051 0.0 1504013902.01
6.82009315161 11.7790326928 0.0 1504013902.31
6.82798759953 11.7713269004 0.0 1504013902.43
6.83686210419 11.763691811 0.0 1504013902.54
6.84407448185 11.7572231983 0.0 1504013902.64
6.84407448185 11.7572231983 0.0 1504013902.64
6.85253857373 11.7493249979 0.0 1504013902.76
6.90481738295 11.7026563271 0.0 1504013903.48
6.90918118561 11.698597077 0.0 1504013903.54
6.94208019023 11.667914244 0.0 1504013903.98
6.94291377043 11.6672307083 0.0 1504013903.99
6.98702143392 11.6303544623 0.0 1504013904.54
6.99934406309 11.6199145237 0.0 1504013904.67
7.00734711123 11.6095201974 0.0 1504013904.86
7.00916256501 11.607598153 0.0 1504013904.89
7.01465818794 11.6021518654 0.0 1504013904.98
7.07729534638 11.5403996701 0.0 1504013905.88
7.08296594612 11.5346954635 0.0 1504013905.96
7.10085044868 11.5179840858 0.0 1504013906.21
7.10430494505 11.514611449 0.0 1504013906.26
7.14524085309 11.4749689739 0.0 1504013906.85
7.15047692888 11.470137638 0.0 1504013906.92
7.15787724543 11.4632984404 0.0 1504013907.02
7.16381124161 11.4572731344 0.0 1504013907.11
7.17867390889 11.4425225886 0.0 1504013907.32
7.18593375102 11.43513586 0.0 1504013907.42
7.18818672425 11.4328132757 0.0 1504013907.46
7.19957909619 11.4222209038 0.0 1504013907.62
7.20383185095 11.4179681491 0.0 1504013907.68
7.20718354533 11.4142091066 0.0 1504013907.73
7.21903605075 11.402518276 0.0 1504013907.9
7.22720555486 11.3941835078 0.0 1504013908.01
7.24084299732 11.3800756948 0.0 1504013908.2
7.25674431086 11.364210779 0.0 1504013908.45
7.31078026247 11.3078617441 0.0 1504013909.15
7.3247634237 11.2957812075 0.0 1504013909.36
7.33104271791 11.2903572821 0.0 1504013909.45
7.33676133973 11.2845421268 0.0 1504013909.55
7.33676133973 11.2845421268 0.0 1504013909.55
7.34462240235 11.2767671115 0.0 1504013909.67
7.34530315905 11.2758287703 0.0 1504013909.69
7.35025866469 11.2703413353 0.0 1504013909.78
7.35796874487 11.2621364643 0.0 1504013909.9
7.38748045691 11.2317831522 0.0 1504013910.31
7.40830007833 11.2109899138 0.0 1504013910.57
7.43928218316 11.1774249514 0.0 1504013911.03
7.46211420355 11.1538857964 0.0 1504013911.37
7.47915187132 11.1364581932 0.0 1504013911.62
7.50684445502 11.106455545 0.0 1504013912.01
7.53004758796 11.081852412 0.0 1504013912.35
7.57215549377 11.0367445062 0.0 1504013912.96
7.58324504474 11.0243937652 0.0 1504013913.13
7.59251632751 11.0145836725 0.0 1504013913.26
7.59686753057 11.0098049046 0.0 1504013913.33
7.60734794506 10.997685584 0.0 1504013913.5
7.61171115529 10.9928975125 0.0 1504013913.57
7.63738849541 10.9647697431 0.0 1504013913.95
7.64757977176 10.9533727568 0.0 1504013914.1
7.65447595206 10.9461240479 0.0 1504013914.2
7.66828523963 10.9306865721 0.0 1504013914.41
7.68293762795 10.9146472915 0.0 1504013914.64
7.6931254197 10.9031702813 0.0 1504013914.79
7.70995725673 10.8844736798 0.0 1504013915.05
7.71398767434 10.8800110891 0.0 1504013915.11
7.71593537862 10.8778907757 0.0 1504013915.14
7.72370971012 10.8689047579 0.0 1504013915.27
7.72848223114 10.86320749 0.0 1504013915.34
7.74074225957 10.8492615942 0.0 1504013915.53
7.74851862849 10.8398625042 0.0 1504013915.65
7.80597062102 10.772599508 0.0 1504013916.56
7.80662659203 10.7718089788 0.0 1504013916.57
7.81357662665 10.7642269692 0.0 1504013916.67
7.82095761133 10.7553767846 0.0 1504013916.79
7.82577025439 10.7495350846 0.0 1504013916.87
7.83413933479 10.740207086 0.0 1504013916.99
7.88494101604 10.6811689205 0.0 1504013917.81
7.88847739902 10.6771951854 0.0 1504013917.86
7.89785137053 10.6657803481 0.0 1504013918.0
7.90505429004 10.6575848935 0.0 1504013918.11
7.92070018703 10.6386872779 0.0 1504013918.35
7.9270278801 10.6317418924 0.0 1504013918.45
7.9327869469 10.6241673371 0.0 1504013918.56
7.93828786202 10.617504167 0.0 1504013918.65
7.95599281694 10.5962315428 0.0 1504013918.93
7.98529842924 10.5611019528 0.0 1504013919.39
7.99937808483 10.5437760588 0.0 1504013919.62
8.00444484007 10.5375465352 0.0 1504013919.7
8.01054633263 10.5297611149 0.0 1504013919.8
8.01767787542 10.5210716822 0.0 1504013919.92
8.03083976029 10.5043970835 0.0 1504013920.14
8.04457260209 10.4873678472 0.0 1504013920.37
8.05046431123 10.4793485764 0.0 1504013920.47
8.06835563455 10.4563048308 0.0 1504013920.76
8.07021242521 10.4539440119 0.0 1504013920.79
8.07447355677 10.448578233 0.0 1504013920.86
8.08092903507 10.4400758464 0.0 1504013920.97
8.08619258741 10.4332938724 0.0 1504013921.06
8.08619258741 10.4332938724 0.0 1504013921.06
8.0917865781 10.4263386711 0.0 1504013921.15
8.10216509746 10.4124710335 0.0 1504013921.33
8.10374365473 10.4103136719 0.0 1504013921.36
8.11835384725 10.391662819 0.0 1504013921.61
8.12187753948 10.3868666824 0.0 1504013921.67
8.12187753948 10.3868666824 0.0 1504013921.67
8.12830918675 10.3788938169 0.0 1504013921.77
8.14162656807 10.3610539816 0.0 1504013921.98
8.14763973689 10.3534631954 0.0 1504013922.08
8.15339300356 10.3454980231 0.0 1504013922.18
8.1606990914 10.336261113 0.0 1504013922.3
8.166504149 10.3285907198 0.0 1504013922.4
8.17047114933 10.3229965239 0.0 1504013922.47
8.17526283613 10.3163320294 0.0 1504013922.55
8.18126100345 10.3083009122 0.0 1504013922.66
8.19433551763 10.2907762064 0.0 1504013922.89
8.20435158273 10.2774726259 0.0 1504013923.07
8.21579266345 10.2617155662 0.0 1504013923.28
8.23579512837 10.2341287257 0.0 1504013923.64
8.24101193051 10.2267232973 0.0 1504013923.73
8.25212503466 10.211734796 0.0 1504013923.92
8.26213772311 10.1976952694 0.0 1504013924.09
8.268384741 10.1890861741 0.0 1504013924.2
8.27840238023 10.1746400689 0.0 1504013924.39
8.29212675537 10.1554576373 0.0 1504013924.64
8.29620921741 10.1497495652 0.0 1504013924.72
8.30593993888 10.1363948173 0.0 1504013924.89
8.3190923415 10.1177307219 0.0 1504013925.12
8.3202726599 10.1160782761 0.0 1504013925.14
8.3202726599 10.1160782761 0.0 1504013925.14
8.32519836969 10.1085641302 0.0 1504013925.23
8.33576291451 10.0930101221 0.0 1504013925.42
8.34281108886 10.0818383062 0.0 1504013925.56
8.35319479879 10.0672414241 0.0 1504013925.76
8.35794635497 10.0600537911 0.0 1504013925.85
8.36937746117 10.0438256309 0.0 1504013926.05
8.38570675629 10.0190688761 0.0 1504013926.36
8.39028344503 10.0113337065 0.0 1504013926.45
8.39530394966 10.0042440755 0.0 1504013926.54
8.40616944426 9.98781406839 0.0 1504013926.74
8.40893575829 9.98406769424 0.0 1504013926.79
8.41659545045 9.97256554925 0.0 1504013926.94
8.42757519396 9.95648875943 0.0 1504013927.14
8.44692568427 9.92760642798 0.0 1504013927.5
8.45585958922 9.91358335773 0.0 1504013927.67
8.46368729011 9.90184154524 0.0 1504013927.82
8.46758181262 9.89581222443 0.0 1504013927.89
8.48979894009 9.86244552627 0.0 1504013928.32
8.49570361457 9.85305048928 0.0 1504013928.43
8.50193331766 9.84270507521 0.0 1504013928.56
8.50501233636 9.83808149547 0.0 1504013928.62
8.50974157557 9.83044311393 0.0 1504013928.72
8.52405678 9.80858960108 0.0 1504013928.98
8.52724086067 9.80361796666 0.0 1504013929.04
8.52871608446 9.80116011639 0.0 1504013929.07
8.54025682835 9.78255766138 0.0 1504013929.3
8.551445663 9.76358347459 0.0 1504013929.52
8.55477199979 9.75830303482 0.0 1504013929.59
8.57453751547 9.72523423061 0.0 1504013929.96
8.60310981868 9.67826170444 0.0 1504013930.42
8.60847742893 9.66884127563 0.0 1504013930.54
8.60847742893 9.66884127563 0.0 1504013930.54
8.60924954603 9.66745586254 0.0 1504013930.57
8.6194955506 9.64960889879 0.0 1504013930.89
8.62332373186 9.64290889197 0.0 1504013930.98
8.627195251 9.63582573705 0.0 1504013931.08
8.63189711146 9.62738761045 0.0 1504013931.18
8.63748334327 9.61816280599 0.0 1504013931.28
8.64267373164 9.61000217433 0.0 1504013931.37
8.65315270747 9.59085176169 0.0 1504013931.58
8.65966441254 9.57954339144 0.0 1504013931.71
8.66461816556 9.57053060808 0.0 1504013931.8
8.66461816556 9.57053060808 0.0 1504013931.8
8.67579513677 9.55162314374 0.0 1504013932.01
8.68235959815 9.53946265636 0.0 1504013932.14
8.70445551285 9.50255069794 0.0 1504013932.54
8.70795725445 9.49551404022 0.0 1504013932.62
8.71640310418 9.47996403168 0.0 1504013932.81
8.72348242257 9.46646764477 0.0 1504013932.99
8.72860433663 9.45699132674 0.0 1504013933.12
8.74424879592 9.4260828953 0.0 1504013933.5
8.75051413005 9.41343892991 0.0 1504013933.65
8.75962314163 9.3962706424 0.0 1504013933.86
8.77194723843 9.37424976302 0.0 1504013934.07
8.77471161179 9.36851439227 0.0 1504013934.14
8.78026654341 9.35756319579 0.0 1504013934.27
8.78099430584 9.352409253 0.0 1504013934.36
8.78524698056 9.34423319421 0.0 1504013934.47
8.7906069936 9.33215564808 0.0 1504013934.62
8.79668934836 9.31990955366 0.0 1504013934.77
8.80258238185 9.30780918174 0.0 1504013934.91
8.80787610173 9.29735275247 0.0 1504013935.04
8.81262699669 9.28731357851 0.0 1504013935.15
8.8205461057 9.27290655881 0.0 1504013935.33
8.83342368652 9.24641139812 0.0 1504013935.63
8.84840383764 9.2135677107 0.0 1504013935.98
8.85110245592 9.20755303135 0.0 1504013936.04
8.86414876768 9.17947783434 0.0 1504013936.36
8.87545184213 9.154074624 0.0 1504013936.67
8.8810025138 9.14206592216 0.0 1504013936.82
8.89157244627 9.11877564396 0.0 1504013937.09
8.91750026112 9.06209482549 0.0 1504013937.7
8.92181933021 9.05210650703 0.0 1504013937.82
8.92759962227 9.03995737574 0.0 1504013937.97
8.94315479588 9.00443575735 0.0 1504013938.4
8.95074684292 8.98782403318 0.0 1504013938.58
8.95431094155 8.97980643535 0.0 1504013938.67
8.96212634248 8.96173327698 0.0 1504013938.87
8.96952896373 8.94375091379 0.0 1504013939.06
8.97576888141 8.9302409844 0.0 1504013939.21
8.9807778256 8.91800181594 0.0 1504013939.34
8.98296909187 8.91276396468 0.0 1504013939.4
8.98823130961 8.90143817268 0.0 1504013939.52
8.99776901062 8.87809149634 0.0 1504013939.78
9.01016486413 8.84786962861 0.0 1504013940.11
9.03875182133 8.77564046794 0.0 1504013940.93
9.0427188072 8.76550298199 0.0 1504013941.04
9.0427188072 8.76550298199 0.0 1504013941.04
9.04563974926 8.75738828355 0.0 1504013941.13
9.05612414656 8.7301901848 0.0 1504013941.43
9.05969757106 8.72110613628 0.0 1504013941.53
9.05969757106 8.72110613628 0.0 1504013941.53
9.06168127671 8.7165826891 0.0 1504013941.58
9.07371957019 8.68491447948 0.0 1504013941.93
9.0835158519 8.65947561467 0.0 1504013942.21
9.08524128775 8.65467364752 0.0 1504013942.26
9.09165236656 8.63891587781 0.0 1504013942.47
9.10729554516 8.5956976963 0.0 1504013942.9
9.11109214508 8.5844080898 0.0 1504013943.0
9.11643342082 8.56997576903 0.0 1504013943.14
9.11864989439 8.56393665167 0.0 1504013943.21
9.133095665 8.52299127099 0.0 1504013943.61
9.14424239559 8.49017281324 0.0 1504013943.93
9.14987439499 8.4732334895 0.0 1504013944.11
9.15632064149 8.45489294182 0.0 1504013944.3
9.16167129301 8.4376345505 0.0 1504013944.48
9.17080875145 8.41013381842 0.0 1504013944.75
9.17442670939 8.39890339372 0.0 1504013944.87
9.18116147955 8.37816736409 0.0 1504013945.08
9.18621224911 8.36346325266 0.0 1504013945.24
9.19343092914 8.33860721259 0.0 1504013945.52
9.19983127356 8.31757849064 0.0 1504013945.75
9.20491770249 8.30122883854 0.0 1504013945.94
9.20873618677 8.28992137299 0.0 1504013946.07
9.21074579605 8.28376261185 0.0 1504013946.14
9.21164619439 8.28083334822 0.0 1504013946.17
9.2169607918 8.26321762461 0.0 1504013946.37
9.22947496398 8.22328553973 0.0 1504013946.81
9.23821032845 8.19576488326 0.0 1504013947.09
9.23930039454 8.19198096046 0.0 1504013947.13
9.24720224207 8.16751248907 0.0 1504013947.37
9.25010053114 8.15792603681 0.0 1504013947.46
9.25136332775 8.15464693724 0.0 1504013947.49
9.25266944218 8.15133141602 0.0 1504013947.52
9.25581440858 8.14127819599 0.0 1504013947.63
9.259551939 8.12848323255 0.0 1504013947.76
9.27022202299 8.09469215955 0.0 1504013948.16
9.27380066661 8.08306214304 0.0 1504013948.3
9.27558324154 8.0759692683 0.0 1504013948.37
9.2772689616 8.07122690753 0.0 1504013948.42
9.2841531347 8.04865713661 0.0 1504013948.66
9.29547531426 8.01260968172 0.0 1504013949.05
9.30709776055 7.97510755813 0.0 1504013949.45
9.30995899401 7.96536258533 0.0 1504013949.55
9.31380047463 7.95315100784 0.0 1504013949.67
9.31615342665 7.94554748228 0.0 1504013949.75
9.32224551766 7.92722478303 0.0 1504013949.95
9.3251666933 7.91710383383 0.0 1504013950.07
9.33006658607 7.90195926574 0.0 1504013950.23
9.34117031839 7.86478123167 0.0 1504013950.65
9.34375663046 7.85618763576 0.0 1504013950.74
9.34753623404 7.84467100753 0.0 1504013950.86
9.35153872424 7.83125023496 0.0 1504013951.0
9.35285496371 7.8267153752 0.0 1504013951.04
9.35720656951 7.81348183231 0.0 1504013951.17
9.37909787706 7.74070672264 0.0 1504013951.93
9.38635874047 7.71799716429 0.0 1504013952.16
9.39247494842 7.70141446256 0.0 1504013952.34
9.39506595051 7.693691508 0.0 1504013952.44
9.39705608632 7.68133174104 0.0 1504013952.59
9.40455498914 7.65785972754 0.0 1504013952.82
9.40852616371 7.64623267726 0.0 1504013952.94
9.41104777768 7.63750725179 0.0 1504013953.02
9.41646555388 7.61998611529 0.0 1504013953.19
9.42015286417 7.60842968898 0.0 1504013953.3
9.42733676899 7.58564401048 0.0 1504013953.54
9.43632250151 7.5559417253 0.0 1504013953.88
9.44198050466 7.53485848602 0.0 1504013954.1
9.44611736264 7.52016939558 0.0 1504013954.26
9.46028931855 7.47033975872 0.0 1504013954.79
9.46028931855 7.47033975872 0.0 1504013954.79
9.4651037584 7.45066504192 0.0 1504013954.99
9.47461640994 7.41639903243 0.0 1504013955.33
9.48054495942 7.39457837363 0.0 1504013955.55
9.48241201519 7.38598844588 0.0 1504013955.64
9.49038219027 7.35907397676 0.0 1504013955.92
9.49693259023 7.33179535859 0.0 1504013956.22
9.49934353178 7.32047056847 0.0 1504013956.34
9.51201275014 7.27447476337 0.0 1504013956.73
9.51630261665 7.26204326673 0.0 1504013956.85
9.51953293649 7.25111795642 0.0 1504013956.95
9.52262767344 7.23978808174 0.0 1504013957.05
9.52801132654 7.22291035711 0.0 1504013957.22
9.53294123505 7.20581468416 0.0 1504013957.42
9.5347364433 7.19756268037 0.0 1504013957.52
9.5389157216 7.18119300919 0.0 1504013957.71
9.54263815909 7.16596644319 0.0 1504013957.87
9.54653591232 7.15333877262 0.0 1504013958.0
9.55228200689 7.13297197246 0.0 1504013958.21
9.55228200689 7.13297197246 0.0 1504013958.21
9.55318955595 7.12958887507 0.0 1504013958.24
9.55688677037 7.11764795742 0.0 1504013958.36
9.56172372651 7.09948240888 0.0 1504013958.54
9.56837474299 7.07557589197 0.0 1504013958.79
9.57053832465 7.06727357316 0.0 1504013958.88
9.57809780235 7.04008835107 0.0 1504013959.16
9.58528065471 7.01547738115 0.0 1504013959.42
9.59506713643 6.98036547091 0.0 1504013959.81
9.59872919887 6.96764904429 0.0 1504013959.94
9.60143628412 6.95755198783 0.0 1504013960.05
9.60497520042 6.94556992803 0.0 1504013960.17
9.60628779492 6.9393634664 0.0 1504013960.24
9.61744169058 6.9012361873 0.0 1504013960.65
9.62243807881 6.88405530054 0.0 1504013960.83
9.62437585801 6.87726471973 0.0 1504013960.9
9.62908794022 6.86039307489 0.0 1504013961.07
9.63225379212 6.84870956063 0.0 1504013961.19
9.6333000787 6.8447879529 0.0 1504013961.23
9.63681931586 6.83205549978 0.0 1504013961.36
9.64864874546 6.79021476724 0.0 1504013961.79
9.65194931118 6.77773752961 0.0 1504013961.92
9.65453217461 6.76917706149 0.0 1504013962.02
9.65962171679 6.75002127665 0.0 1504013962.23
9.66386823045 6.73537395379 0.0 1504013962.39
9.67144660909 6.70800619 0.0 1504013962.67
9.67840891882 6.68384266928 0.0 1504013962.93
9.68292272729 6.66921791438 0.0 1504013963.08
9.68582278957 6.65986243246 0.0 1504013963.18
9.69442385554 6.62874354319 0.0 1504013963.5
9.70140458986 6.60344531244 0.0 1504013963.77
9.71205179334 6.56730294618 0.0 1504013964.16
9.71437532044 6.55816373958 0.0 1504013964.25
9.71852188478 6.54418316766 0.0 1504013964.39
9.72087480542 6.53456311617 0.0 1504013964.49
9.72305867143 6.52705100076 0.0 1504013964.56
9.73532925053 6.48882403998 0.0 1504013964.96
9.7458311108 6.45210269093 0.0 1504013965.38
9.74902244008 6.44293018643 0.0 1504013965.47
9.7525556366 6.43184048409 0.0 1504013965.59
9.76159570337 6.40220154008 0.0 1504013965.88
9.78367653026 6.32650876892 0.0 1504013966.65
9.78484835828 6.32304525349 0.0 1504013966.68
9.79503902181 6.28961163019 0.0 1504013967.03
9.79644286119 6.28553927408 0.0 1504013967.08
9.81201871711 6.23516775542 0.0 1504013967.62
9.83497332931 6.1648940866 0.0 1504013968.34
9.85319496688 6.11086384109 0.0 1504013968.92
9.86016766745 6.09183083139 0.0 1504013969.12
9.8716627822 6.0589116534 0.0 1504013969.46
9.87636309127 6.04560489848 0.0 1504013969.6
9.88634018107 6.0195794568 0.0 1504013969.89
9.89309118173 6.00449925025 0.0 1504013970.06
9.89726621051 5.99330798951 0.0 1504013970.18
9.90549986086 5.97300036901 0.0 1504013970.39
9.90549986086 5.97300036901 0.0 1504013970.39
9.91073805042 5.95844700399 0.0 1504013970.53
9.91839341839 5.93834104706 0.0 1504013970.74
9.91946256675 5.93549982199 0.0 1504013970.77
9.92225822268 5.92819314168 0.0 1504013970.84
9.93493967359 5.89724572082 0.0 1504013971.18
9.943732455 5.87547214166 0.0 1504013971.44
9.94798350107 5.8644504711 0.0 1504013971.57
9.9500910629 5.8589571656 0.0 1504013971.63
9.95443307441 5.84902267843 0.0 1504013971.75
9.96344312132 5.82687063605 0.0 1504013971.99
9.97819670046 5.79134139889 0.0 1504013972.39
9.98214253583 5.78107615717 0.0 1504013972.51
9.98703965435 5.76871231739 0.0 1504013972.64
9.99056656873 5.75981612953 0.0 1504013972.74
10.0010889086 5.73165354151 0.0 1504013973.06
10.0054493121 5.72079720734 0.0 1504013973.18
10.0302792019 5.6599314196 0.0 1504013973.86
10.0329139132 5.65361293864 0.0 1504013973.93
10.0392366869 5.63788343081 0.0 1504013974.1
10.0440478747 5.62568012007 0.0 1504013974.24
10.0543802845 5.60216018927 0.0 1504013974.5
10.0618904076 5.58422293835 0.0 1504013974.71
10.0868445499 5.52828033149 0.0 1504013975.33
10.0983269551 5.50317149664 0.0 1504013975.6
10.0999854983 5.50014610305 0.0 1504013975.65
10.1059624533 5.48765948013 0.0 1504013975.8
10.112211603 5.4739366994 0.0 1504013975.95
10.1171371789 5.46336634744 0.0 1504013976.07
10.1283764386 5.43828943191 0.0 1504013976.34
10.1334200148 5.42675496678 0.0 1504013976.48
10.1378851649 5.41729947146 0.0 1504013976.59
10.1413748807 5.4099013052 0.0 1504013976.67
10.1497533589 5.39047994248 0.0 1504013976.9
10.1522073751 5.38432650805 0.0 1504013976.98
10.1556739137 5.37672753464 0.0 1504013977.08
10.1616809469 5.36377951607 0.0 1504013977.22
10.1616809469 5.36377951607 0.0 1504013977.22
10.1629988739 5.36053436465 0.0 1504013977.26
10.1667963727 5.35152368996 0.0 1504013977.36
10.1784771326 5.32681922302 0.0 1504013977.63
10.1835601138 5.31560438337 0.0 1504013977.75
10.1896814419 5.30165060091 0.0 1504013977.91
10.1939569803 5.2935050749 0.0 1504013978.01
10.1978830367 5.28565596213 0.0 1504013978.1
10.2033978384 5.27342004042 0.0 1504013978.24
10.205312216 5.26882047795 0.0 1504013978.29
10.2103674282 5.25796514356 0.0 1504013978.41
10.2165133637 5.24521772328 0.0 1504013978.56
10.2340710119 5.20963360664 0.0 1504013978.96
10.2372564633 5.20303078964 0.0 1504013979.04
10.2463439019 5.18390234632 0.0 1504013979.26
10.2507900195 5.1744839531 0.0 1504013979.37
10.2533392567 5.16922148667 0.0 1504013979.44
10.2616936335 5.15324427508 0.0 1504013979.63
10.2965467494 5.08454805943 0.0 1504013980.43
10.303555161 5.07072773099 0.0 1504013980.59
10.3169737203 5.04509108927 0.0 1504013980.9
10.3239685027 5.03151441786 0.0 1504013981.05
10.3291385123 5.02192297544 0.0 1504013981.17
10.3384189199 5.00504189015 0.0 1504013981.38
10.3456873486 4.99099066442 0.0 1504013981.57
10.353165357 4.97703566802 0.0 1504013981.75
10.3561017346 4.97174684062 0.0 1504013981.82
10.3617072646 4.96187368172 0.0 1504013981.94
10.3650894512 4.95580101634 0.0 1504013982.01
10.3680338152 4.94976564266 0.0 1504013982.08
10.3728171871 4.941077156 0.0 1504013982.18
10.3817038017 4.92476661157 0.0 1504013982.37
10.3910644868 4.90794643741 0.0 1504013982.57
10.4073779241 4.87987012655 0.0 1504013982.92
10.4167141136 4.86245546327 0.0 1504013983.13
10.4248500132 4.84854030165 0.0 1504013983.31
10.4295905531 4.84063637459 0.0 1504013983.4
10.4352384671 4.83152247623 0.0 1504013983.52
10.4404875258 4.82205412373 0.0 1504013983.64
10.4426265575 4.81854044563 0.0 1504013983.69
10.4542822013 4.79994161075 0.0 1504013983.92
10.4610376136 4.78811277536 0.0 1504013984.07
10.4615674806 4.78726107906 0.0 1504013984.08
10.4784006849 4.76077586946 0.0 1504013984.41
10.4928318631 4.73752901912 0.0 1504013984.7
10.4974097083 4.73051397287 0.0 1504013984.79
10.5083706146 4.71264407811 0.0 1504013985.0
10.5254138933 4.68948610672 0.0 1504013985.32
10.5333504782 4.68016595815 0.0 1504013985.44
10.5549090826 4.64605042526 0.0 1504013985.87
10.5780625457 4.61055618146 0.0 1504013986.33
10.5889143964 4.59450972838 0.0 1504013986.55
10.6182279895 4.55410654839 0.0 1504013987.11
10.6238874357 4.54624383893 0.0 1504013987.21
10.6297908661 4.5377597081 0.0 1504013987.3
10.6387448728 4.52530808279 0.0 1504013987.47
10.6588303291 4.49841043035 0.0 1504013987.83
10.6718069685 4.48051276979 0.0 1504013988.05
10.6871519155 4.46042326166 0.0 1504013988.32
10.6871519155 4.46042326166 0.0 1504013988.32
10.6906346352 4.45605670601 0.0 1504013988.38
10.6938840194 4.45185077473 0.0 1504013988.44
10.6998684904 4.44396616004 0.0 1504013988.54
10.7053881128 4.43701134565 0.0 1504013988.64
10.717928157 4.42069508627 0.0 1504013988.87
10.7331390535 4.40152679017 0.0 1504013989.14
10.7382328422 4.39519157884 0.0 1504013989.24
10.7433199863 4.38871601644 0.0 1504013989.34
10.7497915317 4.38041100874 0.0 1504013989.46
10.7875545733 4.33395624257 0.0 1504013990.07
10.7940733859 4.32655823128 0.0 1504013990.17
10.8003162676 4.31887526727 0.0 1504013990.26
10.8066117726 4.31113528431 0.0 1504013990.36
10.8066117726 4.31113528431 0.0 1504013990.36
10.8129102954 4.3040091316 0.0 1504013990.46
10.8183352963 4.29761395096 0.0 1504013990.54
10.8194565899 4.29627209211 0.0 1504013990.56
10.8266046544 4.28776101264 0.0 1504013990.68
10.8320436169 4.28160224596 0.0 1504013990.77
10.8454114553 4.26628854466 0.0 1504013991.0
10.8642909411 4.24415033395 0.0 1504013991.32
10.8778880709 4.22885823551 0.0 1504013991.55
10.8891969585 4.21614546689 0.0 1504013991.74
10.93359767 4.16693433813 0.0 1504013992.44
10.9415783236 4.15837753556 0.0 1504013992.57
10.9487586441 4.15063445828 0.0 1504013992.68
10.9611603749 4.13789379447 0.0 1504013992.87
10.9655100945 4.13228912905 0.0 1504013992.95
10.9712433064 4.12581175757 0.0 1504013993.04
10.9741467632 4.12275043489 0.0 1504013993.1
10.989403615 4.10597417714 0.0 1504013993.35
11.0205451118 4.07319465041 0.0 1504013993.83
11.0250992079 4.0685083119 0.0 1504013993.9
11.0305062011 4.06292472715 0.0 1504013993.98
11.0425963162 4.05050368384 0.0 1504013994.16
11.0705805102 4.02150055581 0.0 1504013994.62
11.0812612728 4.01071488688 0.0 1504013994.77
11.0986711502 3.99332884979 0.0 1504013995.03
11.1350933424 3.95730741842 0.0 1504013995.59
11.1373751196 3.95512829495 0.0 1504013995.62
11.1407946131 3.95195334264 0.0 1504013995.67
11.1506777326 3.94222109548 0.0 1504013995.83
11.1630720631 3.93079808081 0.0 1504013996.0
11.1903059999 3.90517552394 0.0 1504013996.39
11.2092954718 3.88696102414 0.0 1504013996.69
11.2159774659 3.88051677238 0.0 1504013996.8
11.2277836464 3.86752830311 0.0 1504013997.09
11.23982747 3.85706389549 0.0 1504013997.27
11.2772828711 3.82488862529 0.0 1504013997.73
11.3037556862 3.803111005 0.0 1504013998.07
11.3134163495 3.79515180853 0.0 1504013998.2
11.3290759498 3.78322053065 0.0 1504013998.4
11.3395914312 3.77485207589 0.0 1504013998.56
11.3599727972 3.75841935363 0.0 1504013998.86
11.3734833634 3.74793330932 0.0 1504013999.05
11.3928416801 3.73246427416 0.0 1504013999.33
11.3988710355 3.72763147256 0.0 1504013999.42
11.4152695891 3.7152963907 0.0 1504013999.67
11.449006985 3.68983052276 0.0 1504014000.12
11.4665095632 3.6772178593 0.0 1504014000.36
11.4773418887 3.66948261492 0.0 1504014000.52
11.4868379631 3.6625965277 0.0 1504014000.65
11.5071834393 3.64816089809 0.0 1504014000.95
11.5119370117 3.64477467618 0.0 1504014001.02
11.5201404267 3.63905241694 0.0 1504014001.13
11.5933538373 3.58967692911 0.0 1504014002.17
11.6055756247 3.5812186399 0.0 1504014002.34
11.6200342147 3.57096601032 0.0 1504014002.53
11.6215309147 3.56985144649 0.0 1504014002.55
11.6215309147 3.56985144649 0.0 1504014002.55
11.6282510799 3.56549928006 0.0 1504014002.63
11.6352031201 3.56098098716 0.0 1504014002.72
11.6442539986 3.5551036605 0.0 1504014002.84
11.6674859747 3.53989644363 0.0 1504014003.17
11.6782938207 3.53299416251 0.0 1504014003.32
11.7087103766 3.51432067128 0.0 1504014003.75
11.7170330561 3.50917594032 0.0 1504014003.86
11.7248627493 3.50443708552 0.0 1504014003.97
11.7392795337 3.4957574759 0.0 1504014004.16
11.7509133078 3.48898847627 0.0 1504014004.32
11.7615772573 3.48289014456 0.0 1504014004.46
11.7700841556 3.47780304285 0.0 1504014004.58
11.7742199197 3.47536394944 0.0 1504014004.64
11.7987777861 3.46154796322 0.0 1504014004.96
11.8229201831 3.44813800806 0.0 1504014005.27
11.8329082703 3.44259586483 0.0 1504014005.41
11.8418838024 3.437522994 0.0 1504014005.53
11.8577988845 3.43040893759 0.0 1504014005.72
11.8650010257 3.42637216778 0.0 1504014005.83
11.8798430626 3.41845131559 0.0 1504014006.02
11.9569188043 3.37702978262 0.0 1504014007.04
11.9687951755 3.37119004064 0.0 1504014007.2
11.9831276803 3.36561638572 0.0 1504014007.38
11.9890285936 3.36273570322 0.0 1504014007.46
11.9923196543 3.36120295901 0.0 1504014007.5
12.0074671447 3.35520349123 0.0 1504014007.68
12.0155238681 3.35147247008 0.0 1504014007.78
12.0244437184 3.347290945 0.0 1504014007.9
12.0465911244 3.33764972776 0.0 1504014008.17
12.0674582484 3.32811201632 0.0 1504014008.41
12.1285547117 3.30249585091 0.0 1504014009.16
12.1312811049 3.30154161328 0.0 1504014009.21
12.1496906875 3.29463199389 0.0 1504014009.44
12.1549743984 3.29271840057 0.0 1504014009.5
12.1642454781 3.28881238543 0.0 1504014009.61
12.169218219 3.28685907678 0.0 1504014009.67
12.1802295868 3.28313943209 0.0 1504014009.81
12.1933651962 3.27793319322 0.0 1504014009.98
12.1964675878 3.27678182779 0.0 1504014010.02
12.2053930788 3.27331857903 0.0 1504014010.13
12.2105990222 3.27122487882 0.0 1504014010.2
12.2210876922 3.26751738756 0.0 1504014010.32
12.2421545995 3.25983367076 0.0 1504014010.58
12.2474449575 3.25782126643 0.0 1504014010.65
12.2484596883 3.25747010716 0.0 1504014010.66
12.2626142829 3.25234582312 0.0 1504014010.82
12.2783488462 3.24698683179 0.0 1504014011.0
12.285051471 3.24439191163 0.0 1504014011.08
12.2922671741 3.24201094197 0.0 1504014011.17
12.2998769379 3.23944142529 0.0 1504014011.26
12.3129851885 3.2347934301 0.0 1504014011.42
12.3266595029 3.22999590333 0.0 1504014011.59
12.3518726115 3.22137053354 0.0 1504014011.9
12.3657718214 3.21638559341 0.0 1504014012.06
12.3734266976 3.21414501839 0.0 1504014012.16
12.3902710942 3.20847665082 0.0 1504014012.34
12.396425702 3.20642476599 0.0 1504014012.49
12.3946687422 3.20500139163 0.0 1504014012.57
12.420651421 3.19824526503 0.0 1504014012.82
12.4406277411 3.19266294377 0.0 1504014013.02
12.4532505447 3.18918524216 0.0 1504014013.13
12.4907930486 3.17748691606 0.0 1504014013.46
12.4907930486 3.17748691606 0.0 1504014013.46
12.497361847 3.1746391791 0.0 1504014013.52
12.5072434036 3.17224505543 0.0 1504014013.62
12.5186079189 3.16932266034 0.0 1504014013.75
12.5272082151 3.16706447598 0.0 1504014013.86
12.5343580967 3.1654089156 0.0 1504014013.95
12.5564447827 3.15964160324 0.0 1504014014.22
12.5972645995 3.14893910584 0.0 1504014014.68
12.6127684275 3.14465911663 0.0 1504014014.87
12.6315247222 3.1399414293 0.0 1504014015.08
12.6611110744 3.13277993041 0.0 1504014015.44
12.6648709051 3.13193410749 0.0 1504014015.48
12.6713429368 3.13014492249 0.0 1504014015.56
12.6795973241 3.12838948354 0.0 1504014015.65
12.6921816606 3.12591928224 0.0 1504014015.79
12.7132915713 3.12126168574 0.0 1504014016.02
12.7221483805 3.11934548585 0.0 1504014016.13
12.7299927514 3.11752010911 0.0 1504014016.21
12.7408766725 3.11548605954 0.0 1504014016.33
12.7466917087 3.11440663057 0.0 1504014016.39
12.7590427228 3.11354288876 0.0 1504014016.5
12.7666769499 3.1118673021 0.0 1504014016.58
12.7697329469 3.11131414278 0.0 1504014016.62
12.7962961983 3.10540711096 0.0 1504014016.93
12.8477255607 3.0958173206 0.0 1504014017.52
12.8712207767 3.09183258606 0.0 1504014017.77
12.9050421136 3.08758464084 0.0 1504014018.16
12.9177065757 3.0853580273 0.0 1504014018.28
12.9273784219 3.08326430853 0.0 1504014018.38
12.9462112356 3.08031354033 0.0 1504014018.57
12.9531018205 3.07899229276 0.0 1504014018.64
12.9723996866 3.07614078137 0.0 1504014018.83
12.9791152928 3.07518555801 0.0 1504014018.9
12.9903195507 3.07350499168 0.0 1504014019.01
12.9913566193 3.07333498045 0.0 1504014019.02
13.005056641 3.07119532613 0.0 1504014019.16
13.0292589123 3.0683107162 0.0 1504014019.41
13.0721880947 3.06312648817 0.0 1504014019.88
13.0759510111 3.06266391092 0.0 1504014019.92
13.1044816729 3.05987773443 0.0 1504014020.26
13.1128794316 3.05822870112 0.0 1504014020.34
13.1757140034 3.0494857416 0.0 1504014020.89
13.1973383831 3.04646594527 0.0 1504014021.1
13.2072861059 3.04532069943 0.0 1504014021.2
13.2357360773 3.04185087886 0.0 1504014021.49
13.2576480683 3.03967734783 0.0 1504014021.74
13.2970882745 3.03593862079 0.0 1504014022.16
13.3078907509 3.03472582581 0.0 1504014022.27
13.3196089864 3.03385008044 0.0 1504014022.39
13.3237722071 3.0335196661 0.0 1504014022.43
13.3819289012 3.02854498859 0.0 1504014023.01
13.4025351203 3.02703059519 0.0 1504014023.24
13.4119524221 3.02632108255 0.0 1504014023.32
13.4274963511 3.02494024326 0.0 1504014023.48
13.4395729721 3.02429156925 0.0 1504014023.6
13.4643064125 3.02223404052 0.0 1504014023.84
13.4754524201 3.02125237683 0.0 1504014023.95
13.5460317065 3.01707289976 0.0 1504014024.66
13.5648113719 3.01604163873 0.0 1504014024.87
13.582982504 3.01541492283 0.0 1504014025.06
13.6039526759 3.014108833 0.0 1504014025.28
13.613220144 3.01371969289 0.0 1504014025.37
13.6234413286 3.01286346216 0.0 1504014025.48
13.6468626173 3.01182691586 0.0 1504014025.7
13.7009646729 3.00953631857 0.0 1504014026.24
13.7042003723 3.00935452289 0.0 1504014026.27
13.7277516131 3.00832016129 0.0 1504014026.5
13.7430033443 3.0077790797 0.0 1504014026.64
13.7597720291 3.0074744621 0.0 1504014026.83
13.7660417877 3.00722027617 0.0 1504014026.9
13.7836743377 3.00666691412 0.0 1504014027.1
13.8083003674 3.00584073394 0.0 1504014027.36
13.8245342016 3.00543619638 0.0 1504014027.53
13.8368520432 3.00502450831 0.0 1504014027.67
13.8505415166 3.00482116077 0.0 1504014027.8
13.8831502011 3.00355788062 0.0 1504014028.14
13.8906043946 3.00331026906 0.0 1504014028.22
13.9092139816 3.00270397008 0.0 1504014028.4
13.9218504924 3.00198239829 0.0 1504014028.54
13.9539329087 3.00146919835 0.0 1504014028.84
13.9897533541 3.00113604232 0.0 1504014029.23
14.0047724298 3.00072637851 0.0 1504014029.38
14.0138651626 3.00040489245 0.0 1504014029.48
14.0310163361 3.00027366658 0.0 1504014029.65
14.0404491106 2.99996526931 0.0 1504014029.75
14.0515419378 2.99989809374 0.0 1504014029.85
14.0708585355 2.99907485284 0.0 1504014030.04
14.0941073357 2.99837407612 0.0 1504014030.27
14.1058835068 2.99801054977 0.0 1504014030.38
14.1111486228 2.99791752295 0.0 1504014030.43
14.1337574719 2.9969714176 0.0 1504014030.66
14.1560854795 2.99616829041 0.0 1504014030.89
14.1655027712 2.99584273838 0.0 1504014030.98
14.1780078559 2.99524509746 0.0 1504014031.1
14.2150708411 2.99390506506 0.0 1504014031.47
14.2345859277 2.99328218795 0.0 1504014031.65
14.2454209633 2.99281842449 0.0 1504014031.76
14.2529712344 2.99259704768 0.0 1504014031.83
14.2750874123 2.99190041959 0.0 1504014032.04
14.2820666987 2.99173040879 0.0 1504014032.11
14.3465593009 2.99006848643 0.0 1504014032.74
14.4188389026 2.98832805487 0.0 1504014033.44
14.4257695758 2.98795098215 0.0 1504014033.5
14.4698041115 2.98690851689 0.0 1504014033.92
14.5139614172 2.98542280602 0.0 1504014034.36
14.5241863052 2.98470770812 0.0 1504014034.47
14.5538376048 2.984 0.0 1504014034.77
14.5634917738 2.98391910735 0.0 1504014034.87
14.5755606282 2.98327350786 0.0 1504014034.99
14.5877201346 2.98308241147 0.0 1504014035.14
14.6152164417 2.98221178549 0.0 1504014035.42
14.6253402458 2.98204032384 0.0 1504014035.52
14.6396541482 2.98123229259 0.0 1504014035.66
14.6457044501 2.9812 0.0 1504014035.72
14.6607619106 2.9803661097 0.0 1504014035.86
14.7157126574 2.97808927073 0.0 1504014036.39
14.7329323892 2.97654715899 0.0 1504014036.58
14.7385185975 2.97637362805 0.0 1504014036.64
14.7766197206 2.97357308583 0.0 1504014036.97
14.7833972015 2.97228486007 0.0 1504014037.06
14.7900677718 2.97206546782 0.0 1504014037.17
14.7988421588 2.97259649242 0.0 1504014037.28
14.8096793648 2.97200865236 0.0 1504014037.4
14.8188924287 2.97187377842 0.0 1504014037.5
14.8293329642 2.97134217319 0.0 1504014037.62
14.8659377225 2.96917674043 0.0 1504014037.98
14.8782944923 2.96909896561 0.0 1504014038.07
14.8958071006 2.96672584666 0.0 1504014038.24
14.9244118528 2.96584071165 0.0 1504014038.56
14.9397172558 2.9652 0.0 1504014038.74
15.0027201737 2.96232206597 0.0 1504014039.37
15.0215440203 2.96103007257 0.0 1504014039.55
15.0387923001 2.96075821216 0.0 1504014039.71
15.0703271729 2.9597 0.0 1504014040.01
15.0963346949 2.95832255271 0.0 1504014040.28
15.1044842778 2.95784257659 0.0 1504014040.36
15.123716153 2.95692148634 0.0 1504014040.55
15.1444967447 2.95569316516 0.0 1504014040.76
15.1455103545 2.95566896503 0.0 1504014040.77
15.1799502658 2.95496153027 0.0 1504014041.07
15.2124425187 2.95198412072 0.0 1504014041.42
15.2209471135 2.95140549049 0.0 1504014041.52
15.2350459585 2.95 0.0 1504014041.68
15.2546709826 2.94914004803 0.0 1504014041.89
15.2790982793 2.94813184425 0.0 1504014042.13
15.2903341845 2.94732364682 0.0 1504014042.23
15.309581241 2.94646745351 0.0 1504014042.42
15.316846903 2.94575648737 0.0 1504014042.49
15.320646988 2.94538268629 0.0 1504014042.53
15.351841239 2.94417842674 0.0 1504014042.86
15.3638113902 2.94380872517 0.0 1504014042.98
15.3998970293 2.94194332353 0.0 1504014043.33
15.4046140412 2.94148169596 0.0 1504014043.37
15.4142271578 2.94026746815 0.0 1504014043.47
15.434180326 2.93980722827 0.0 1504014043.67
15.4436747697 2.93854265315 0.0 1504014043.76
15.448262635 2.93835043386 0.0 1504014043.81
15.4782145183 2.93691674075 0.0 1504014044.12
15.5060821402 2.93562328875 0.0 1504014044.41
15.5855860972 2.93035501002 0.0 1504014045.21
15.6198681655 2.92843659173 0.0 1504014045.56
15.6346995662 2.92791701387 0.0 1504014045.7
15.6449064229 2.92712329977 0.0 1504014045.8
15.6592349886 2.92639825057 0.0 1504014045.95
15.6745942496 2.92547024531 0.0 1504014046.11
15.6926884114 2.92441557943 0.0 1504014046.3
15.7163941479 2.92333176298 0.0 1504014046.53
15.7376703461 2.9219964827 0.0 1504014046.74
15.7871438203 2.91990045776 0.0 1504014047.23
15.7980130919 2.91922434541 0.0 1504014047.34
15.8543704345 2.91699147827 0.0 1504014047.91
15.887827374 2.91566921495 0.0 1504014048.24
15.8979278224 2.91530860888 0.0 1504014048.34
15.909506519 2.91460467405 0.0 1504014048.46
15.9359937089 2.91751331701 0.0 1504014048.68
15.9379838102 2.91738774599 0.0 1504014048.71
15.9646941921 2.9143 0.0 1504014049.03
15.9749803289 2.91311402534 0.0 1504014049.14
15.987326559 2.91230386531 0.0 1504014049.28
16.0058362713 2.91123756043 0.0 1504014049.45
16.0157433851 2.91084134097 0.0 1504014049.56
16.0337845629 2.90968769581 0.0 1504014049.72
16.0473135785 2.90897146786 0.0 1504014049.85
16.0623989705 2.90830335049 0.0 1504014050.0
16.0709405568 2.90794952133 0.0 1504014050.08
16.1530609792 2.90431635539 0.0 1504014050.92
16.2667217289 2.89659626498 0.0 1504014051.91
16.3137571287 2.89337428713 0.0 1504014052.39
16.3251795079 2.8929 0.0 1504014052.52
16.3342435549 2.89222159146 0.0 1504014052.63
16.3400468127 2.89162637367 0.0 1504014052.7
16.3591705017 2.890459627 0.0 1504014052.9
16.3718653385 2.88893853064 0.0 1504014053.05
16.3827016586 2.88818655609 0.0 1504014053.16
16.3967393889 2.88674671759 0.0 1504014053.3
16.4126066034 2.88583828365 0.0 1504014053.45
16.4249744367 2.8841496785 0.0 1504014053.56
16.4393359391 2.88325252006 0.0 1504014053.7
16.4705626212 2.88066464682 0.0 1504014054.02
16.4818167495 2.87956374216 0.0 1504014054.13
16.4952533469 2.87843233266 0.0 1504014054.26
16.50250943 2.87797270466 0.0 1504014054.33
16.5186992896 2.87651481233 0.0 1504014054.49
16.5315002915 2.87542855061 0.0 1504014054.61
16.5986434638 2.8708851889 0.0 1504014055.27
16.6320792963 2.86812378837 0.0 1504014055.6
16.6442914952 2.86690098132 0.0 1504014055.73
16.6631615297 2.86548247249 0.0 1504014055.94
16.6781524297 2.86453559858 0.0 1504014056.1
16.6991067163 2.8625899976 0.0 1504014056.31
16.7118802641 2.86183120954 0.0 1504014056.43
16.7234794828 2.86084803448 0.0 1504014056.55
16.7464397575 2.8595043654 0.0 1504014056.79
16.7719519736 2.85774898431 0.0 1504014057.05
16.7878004617 2.8568 0.0 1504014057.23
16.7995340822 2.85612148122 0.0 1504014057.38
16.8085850646 2.85567872553 0.0 1504014057.47
16.8420743178 2.85417463637 0.0 1504014057.78
16.8551776701 2.8532735954 0.0 1504014057.91
16.8703530671 2.85243234665 0.0 1504014058.06
16.8968052088 2.85044597216 0.0 1504014058.32
16.9187226237 2.8489329225 0.0 1504014058.55
16.9265499134 2.84823158806 0.0 1504014058.63
16.9285193109 2.84805283207 0.0 1504014058.65
16.9334665622 2.84772842215 0.0 1504014058.7
16.9473489478 2.84659926657 0.0 1504014058.85
16.9669265655 2.84526091082 0.0 1504014059.04
16.9871192838 2.84414627647 0.0 1504014059.25
17.0434213278 2.84117857815 0.0 1504014059.82
17.0869013058 2.83909324628 0.0 1504014060.25
17.1135127883 2.83812290706 0.0 1504014060.53
17.1329291809 2.83721854095 0.0 1504014060.72
17.1622539104 2.83578938549 0.0 1504014061.01
17.1834640696 2.835 0.0 1504014061.24
17.2397625458 2.83248916361 0.0 1504014061.8
17.2596721656 2.83147300709 0.0 1504014061.99
17.3051922058 2.82988573797 0.0 1504014062.43
17.3165383805 2.82978911972 0.0 1504014062.54
17.3231096726 2.82961259121 0.0 1504014062.6
17.3332093529 2.82915375127 0.0 1504014062.7
17.3478667874 2.82898889464 0.0 1504014062.84
17.3794433516 2.82835666608 0.0 1504014063.16
17.3899001837 2.8279492455 0.0 1504014063.26
17.4171058078 2.82637470961 0.0 1504014063.53
17.4235989979 2.82599667811 0.0 1504014063.59
17.4528400649 2.82529764324 0.0 1504014063.88
17.4721125019 2.82410486101 0.0 1504014064.02
17.5277500492 2.82150227049 0.0 1504014064.33
17.5679641576 2.81989643569 0.0 1504014064.57
17.5879869672 2.81911652131 0.0 1504014064.76
17.5959328216 2.8187 0.0 1504014064.94
17.5954347107 2.81874694214 0.0 1504014065.1
17.590866137 2.81921113633 0.0 1504014065.31
17.5867032701 2.81939836493 0.0 1504014065.66
17.5865164494 2.81928355062 0.0 1504014065.9
17.5865 2.8193 0.0 1504014065.96
17.5866 2.8193557055 0.0 1504014066.12
17.5866 2.8194 0.0 1504014066.22
17.5866 2.8194 0.0 1504014066.26
17.5865 2.8194 0.0 1504014066.39
17.5866665285 2.8196 0.0 1504014066.78
17.5867 2.8196 0.0 1504014066.85
17.5867699638 2.8196 0.0 1504014066.96
17.5867 2.81943112019 0.0 1504014067.09
17.5867 2.81945507437 0.0 1504014067.14
17.5868 2.8195 0.0 1504014067.42
17.5866086061 2.81940430306 0.0 1504014067.52
17.5866 2.8194 0.0 1504014067.55
17.586625495 2.81945099001 0.0 1504014067.6
17.5866 2.8195 0.0 1504014067.81
17.5867 2.81953958814 0.0 1504014067.97
17.586588912 2.81954445601 0.0 1504014068.1
17.5865 2.81949227612 0.0 1504014068.19
17.5865 2.8194 0.0 1504014068.29
17.5866 2.8195 0.0 1504014068.6
17.5865 2.81952319172 0.0 1504014068.82
17.5865 2.81956860484 0.0 1504014068.92
17.5866 2.81959887612 0.0 1504014069.14
17.5866 2.81959887612 0.0 1504014069.14
17.5866 2.8196 0.0 1504014069.18
17.5864 2.81942578092 0.0 1504014069.43
17.5865 2.81947614468 0.0 1504014069.61
17.5866 2.8194 0.0 1504014069.86
17.5865 2.8194 0.0 1504014069.96
17.5866 2.8195 0.0 1504014070.34
17.5866 2.81958922271 0.0 1504014070.46
17.5867 2.8196 0.0 1504014070.58
17.5866360503 2.8194721007 0.0 1504014070.62
17.5867 2.8194 0.0 1504014070.85
17.5867 2.8194 0.0 1504014070.9
17.5866016106 2.8194 0.0 1504014071.09
17.5865916224 2.8194832449 0.0 1504014071.24
17.5866 2.8195 0.0 1504014071.58
17.5864895077 2.8193 0.0 1504014071.9
17.5864 2.81943438668 0.0 1504014072.43
17.5865755079 2.8195 0.0 1504014072.79
17.5866881789 2.81948817893 0.0 1504014073.22
17.5867 2.8194 0.0 1504014073.42
17.5865 2.81954726478 0.0 1504014073.73
17.5865 2.8195 0.0 1504014074.18
17.5865 2.8194 0.0 1504014074.4
17.5866025544 2.8194 0.0 1504014074.61
17.5865071997 2.8195928003 0.0 1504014074.9
17.5866948922 2.81959489222 0.0 1504014075.26
17.5867789709 2.81955794186 0.0 1504014075.39
17.586628187 2.81941409351 0.0 1504014075.92
17.5866789178 2.8196 0.0 1504014076.06
17.5866 2.81951170678 0.0 1504014076.16
17.5865955197 2.8194955197 0.0 1504014076.59
17.5866 2.8194 0.0 1504014076.8
17.5865 2.81940509977 0.0 1504014077.19
17.5865 2.81956430168 0.0 1504014077.28
17.5865 2.8195994898 0.0 1504014077.43
17.5867 2.8196 0.0 1504014077.77
17.5866227656 2.81944553116 0.0 1504014077.83
17.5865500091 2.8194 0.0 1504014078.05
17.5865 2.8194 0.0 1504014078.36
17.5865 2.81950413618 0.0 1504014078.56
17.5865625094 2.8195 0.0 1504014078.66
17.5867 2.8196 0.0 1504014078.9
17.5866 2.8194 0.0 1504014079.39
17.5865857958 2.81948579576 0.0 1504014079.64
17.5865886606 2.8195 0.0 1504014079.82
17.5865293749 2.8194 0.0 1504014080.04
17.5865083552 2.8195 0.0 1504014080.19
17.5867 2.8194 0.0 1504014080.62
17.5865 2.8194 0.0 1504014080.77
17.5865574437 2.8196 0.0 1504014081.0
17.5866 2.8195 0.0 1504014081.13
17.5864965514 2.8193 0.0 1504014081.51
17.5865 2.8194 0.0 1504014081.77
17.5865 2.8195 0.0 1504014082.22
17.5865847983 2.8195 0.0 1504014082.28
17.5866 2.81945279416 0.0 1504014082.38
17.5866972097 2.8195 0.0 1504014082.47
17.5867 2.8195 0.0 1504014082.58
17.5868 2.8194 0.0 1504014082.85
17.5867 2.8194 0.0 1504014083.17
17.5867 2.8195 0.0 1504014083.54
17.5866 2.81933794866 0.0 1504014083.82
17.5865225565 2.8193 0.0 1504014083.95
17.5865965167 2.81939651673 0.0 1504014084.15
17.5865 2.8193 0.0 1504014084.38
17.5865 2.8195 0.0 1504014084.46
17.5865 2.8195 0.0 1504014084.59
17.586634553 2.8195 0.0 1504014084.76
17.5867 2.8197 0.0 1504014084.95
17.5867 2.81943239946 0.0 1504014085.08
17.5866 2.8194 0.0 1504014085.27
17.5866 2.8194 0.0 1504014085.34
17.5866193024 2.8196 0.0 1504014086.11
17.5865 2.8194 0.0 1504014086.38
17.5865 2.81948885645 0.0 1504014086.54
17.5865 2.81959413957 0.0 1504014086.6
17.5865570477 2.8195 0.0 1504014086.69
17.5865265394 2.8197 0.0 1504014086.98
17.5866 2.8197 0.0 1504014087.13
17.5867 2.8199 0.0 1504014087.28
17.5867839609 2.81961603911 0.0 1504014087.5
17.5867297795 2.8196 0.0 1504014087.55
17.5866 2.8196 0.0 1504014087.68
17.5866272986 2.81965459718 0.0 1504014088.0
17.5868 2.8197 0.0 1504014088.47
17.5867385447 2.81957708944 0.0 1504014088.62
17.5866 2.8196 0.0 1504014089.18
17.5867 2.8196 0.0 1504014089.61
17.5867807897 2.8195 0.0 1504014089.89
17.5866 2.8195 0.0 1504014090.0
17.5866 2.8195 0.0 1504014090.11
17.5867 2.81956229797 0.0 1504014090.23
17.5866 2.8195 0.0 1504014090.6
17.5867990039 2.8196 0.0 1504014090.8
17.5868 2.8197 0.0 1504014090.89
17.5867448731 2.81964487308 0.0 1504014092.03
17.5868 2.8197 0.0 1504014092.12
17.5866010445 2.8195 0.0 1504014092.42
17.5866 2.8197 0.0 1504014092.94
17.5866 2.8197 0.0 1504014093.02
17.5867 2.81960129958 0.0 1504014093.14
17.5867 2.8196 0.0 1504014093.17
17.5867664061 2.81966640608 0.0 1504014093.4
17.5867 2.8196 0.0 1504014093.79
17.5866 2.8195 0.0 1504014093.98
17.5867 2.8195 0.0 1504014094.77
17.5867 2.8195 0.0 1504014094.87
17.5866 2.8196098974 0.0 1504014095.19
17.5867 2.8197171552 0.0 1504014095.51
17.5867 2.8196 0.0 1504014095.7
17.5867931686 2.8195 0.0 1504014095.9
17.5867 2.8195 0.0 1504014096.02
17.5867 2.81967926683 0.0 1504014096.21
17.5866734932 2.81967349318 0.0 1504014096.43
17.5867 2.8197 0.0 1504014096.56
17.586723227 2.8197 0.0 1504014096.64
17.5868742534 2.81974850671 0.0 1504014096.85
17.5868642866 2.8199 0.0 1504014096.96
17.5867697807 2.8195 0.0 1504014097.12
17.5865035303 2.81950706056 0.0 1504014097.52
17.5865975818 2.81969758176 0.0 1504014097.88
17.5865856613 2.8195143387 0.0 1504014097.99
17.5866 2.8196 0.0 1504014098.12
17.5866 2.8196 0.0 1504014098.2
17.5866 2.8197 0.0 1504014098.6
17.5866 2.81968697192 0.0 1504014098.61
17.5866506737 2.81964932632 0.0 1504014098.75
17.5868 2.8197 0.0 1504014099.1
17.5869 2.8196 0.0 1504014099.47
17.5867 2.8196 0.0 1504014099.62
17.5867764414 2.81977644136 0.0 1504014100.18
17.5866251771 2.8197 0.0 1504014100.27
17.5866935676 2.81978713516 0.0 1504014100.46
17.5867495307 2.8198 0.0 1504014100.55
17.5867670334 2.81956703336 0.0 1504014100.66
17.5867 2.81964120094 0.0 1504014101.52
17.5867 2.8196 0.0 1504014101.6
17.5867 2.8196 0.0 1504014102.34
17.5866 2.8195 0.0 1504014103.17
17.5867 2.8197 0.0 1504014103.4
17.5867 2.8197 0.0 1504014103.46
17.5866 2.8196 0.0 1504014103.57
17.5866 2.8198 0.0 1504014103.68
17.5866 2.8197 0.0 1504014103.85
