4.00454283473 12.9231 0.0 1504013830434464555
4.00452088215 12.9231 0.0 1504013830515524126
4.00452659222 12.9234734078 0.0 1504013830627701535
4.00473007321 12.9235300732 0.0 1504013830851722691
4.00482169836 12.9237783016 0.0 1504013830902049942
4.0046 12.9239050926 0.0 1504013831002654031
4.00488371902 12.923805427 0.0 1504013831062974638
4.00480498545 12.9238 0.0 1504013831123405960
4.00498087845 12.9241786823 0.0 1504013831224319463
4.00499355669 12.9242 0.0 1504013831365707213
4.00498272253 12.9246654451 0.0 1504013831559106826
4.00510447706 12.9246 0.0 1504013831931555581
4.00541879107 12.9248812089 0.0 1504013832112905796
4.00522230795 12.9248446159 0.0 1504013832193544439
4.00568272489 12.9249884833 0.0 1504013832384730102
4.00565324609 12.9250935078 0.0 1504013832414930526
4.00551651613 12.9250330323 0.0 1504013832495426208
4.00558205606 12.925 0.0 1504013832577215793
4.00564287736 12.9253142453 0.0 1504013832720270087
4.00545361116 12.9251 0.0 1504013832912613103
4.00567487035 12.9252832469 0.0 1504013832983041821
4.00567487035 12.9252832469 0.0 1504013832983041821
4.00548684309 12.9253302646 0.0 1504013833083635253
4.00564914172 12.9251745709 0.0 1504013833184286473
4.00578261771 12.9253826177 0.0 1504013833285442463
4.00558010447 12.9253801045 0.0 1504013833386248710
4.0057961591 12.9252012803 0.0 1504013833467946328
4.0057923203 12.9253282135 0.0 1504013833568629609
4.00571256304 12.9253376891 0.0 1504013833699529196
4.00576528955 12.925410193 0.0 1504013833860690654
4.00574922575 12.9256238386 0.0 1504013833961351750
4.0057152733 12.9253423634 0.0 1504013834041903379
4.00571742888 12.9253 0.0 1504013834092211344
4.00562531162 12.9254759349 0.0 1504013834293797177
4.00576731984 12.9256019595 0.0 1504013834569246922
4.00599814323 12.9256018568 0.0 1504013834792645391
4.00567270682 12.9255 0.0 1504013834953651943
4.00552632367 12.9255 0.0 1504013835024054253
4.00552632367 12.9255 0.0 1504013835024054253
4.00567018756 12.9256134584 0.0 1504013835064339764
4.00565510042 12.9256653013 0.0 1504013835175036905
4.005502936 12.925401468 0.0 1504013835326018147
4.00569769536 12.9255976954 0.0 1504013835366259740
4.00556838972 12.9256367794 0.0 1504013835487854320
4.00578601499 12.92552401 0.0 1504013835662960200
4.00560532169 12.9255079825 0.0 1504013835803884998
4.00574900796 12.925532672 0.0 1504013835937073314
4.00576211528 12.9255 0.0 1504013836211260052
4.00577236067 12.9255723607 0.0 1504013836563581894
4.00588296153 12.9254056795 0.0 1504013836764805509
4.00593787686 12.9255585846 0.0 1504013836875631683
4.00575507886 12.9256652366 0.0 1504013836976334726
4.00583028678 12.9254302868 0.0 1504013837108247151
4.00601037751 12.9257896225 0.0 1504013837239127625
4.00592501882 12.9258499624 0.0 1504013837531575614
4.00571235472 12.9255494189 0.0 1504013837903898494
4.00582009439 12.9255 0.0 1504013837984398431
4.00582471397 12.9255 0.0 1504013838245999812
4.00582808212 12.9256842464 0.0 1504013838490841991
4.00575184181 12.9256 0.0 1504013838613440470
4.0058384246 12.9258615754 0.0 1504013838734152243
4.00574669812 12.9257400944 0.0 1504013839380825257
4.00594572984 12.9258085403 0.0 1504013839622255005
4.00586073355 12.9257822007 0.0 1504013839672615837
4.0057760106 12.9256 0.0 1504013839807978054
4.00593468286 12.9258653171 0.0 1504013839908667903
4.00576633332 12.9256 0.0 1504013840049639010
4.00562573905 12.9256 0.0 1504013840120088378
4.00575507438 12.9259101488 0.0 1504013840261045472
4.00587675744 12.9256 0.0 1504013840361752707
4.00581101549 12.9256330465 0.0 1504013840901107272
4.0058899552 12.9256 0.0 1504013840961490366
4.00572715441 12.9256 0.0 1504013841021917641
4.00572317344 12.9256 0.0 1504013841294097630
4.00585048785 12.9258990243 0.0 1504013841419132925
4.00591425915 12.9259714817 0.0 1504013841741424367
4.00591415961 12.9257141596 0.0 1504013841962929070
4.00585352051 12.9258605615 0.0 1504013842073691572
4.00589767496 12.9257 0.0 1504013842164192780
4.00573246985 12.9256649397 0.0 1504013842397602024
4.00576172593 12.9256 0.0 1504013842509699016
4.0059247042 12.9258752958 0.0 1504013842610380310
4.00570033101 12.925601324 0.0 1504013842711014226
4.00570033101 12.925601324 0.0 1504013842711014226
4.00587345096 12.9256 0.0 1504013842761380670
4.00591354645 12.9256423643 0.0 1504013842872127922
4.00576518386 12.9257955516 0.0 1504013842972757452
4.00571196267 12.9256 0.0 1504013843315018203
4.00568995496 12.9255449775 0.0 1504013843699630592
4.00575333784 12.9259466622 0.0 1504013843830426603
4.00577909885 12.9256 0.0 1504013843961221941
4.00580583851 12.9259941615 0.0 1504013844445538036
4.00569223359 12.9257 0.0 1504013844566251808
4.00570089576 12.9259982085 0.0 1504013844747559147
4.00570089576 12.9259982085 0.0 1504013844747559147
4.00561259308 12.9257377792 0.0 1504013844799893790
4.00571610768 12.9256419462 0.0 1504013845141967460
4.00564382864 12.9256 0.0 1504013845212383744
4.00561017758 12.9256 0.0 1504013845222459143
4.00561017758 12.9256 0.0 1504013845222459143
4.00585442495 12.925845575 0.0 1504013845313682772
4.00584446659 12.9256 0.0 1504013845454540962
4.00573647116 12.9255182356 0.0 1504013845515072094
4.00569864406 12.925549322 0.0 1504013846101516147
4.00581146507 12.9259770699 0.0 1504013846242346795
4.00571258985 12.9256 0.0 1504013846343102946
4.00573324782 12.9256888319 0.0 1504013846453900209
4.0056038004 12.9257057006 0.0 1504013846605226261
4.00565442798 12.9257 0.0 1504013847011412311
4.00584067956 12.9260186409 0.0 1504013847122055755
4.00580557838 12.9260944216 0.0 1504013847445069615
4.0056838888 12.9258677776 0.0 1504013847485284724
4.00571530779 12.9258 0.0 1504013847817542757
4.0057336725 12.9257336725 0.0 1504013847908119210
4.00496378847 12.9239212628 0.0 1504013848241718587
4.00496203994 12.92417847 0.0 1504013848322224523
4.00489149931 12.9242085007 0.0 1504013848463125816
4.0049388089 12.9242925393 0.0 1504013848553711599
4.00485559618 12.9246555962 0.0 1504013848674501727
4.00493647061 12.9245 0.0 1504013848805369076
4.00512390029 12.9249282991 0.0 1504013848936239161
4.00500213181 12.9249021318 0.0 1504013849006673066
4.00506222532 12.9249 0.0 1504013849026790012
4.00541566113 12.9251843389 0.0 1504013849207991057
4.0052 12.9252365812 0.0 1504013849298623208
4.00546363987 12.9255090804 0.0 1504013849510075405
4.00547404321 12.9254740432 0.0 1504013849761781737
4.00543782343 12.9255 0.0 1504013850003914443
4.00540432885 12.9255 0.0 1504013850024037157
4.00540432885 12.9255 0.0 1504013850024037157
4.00578452727 12.9257896848 0.0 1504013850386923331
4.00559800644 12.9258 0.0 1504013850568014468
4.00573047057 12.9259304706 0.0 1504013850668641831
4.00565795189 12.9261159038 0.0 1504013851062329933
4.00561091369 12.9258 0.0 1504013851142981453
4.00558135797 12.9258542386 0.0 1504013851243668625
4.00565930902 12.9259 0.0 1504013851424885240
4.00579834766 12.9258983477 0.0 1504013851556401908
4.00586711636 12.9260657673 0.0 1504013851606861044
4.0057 12.9259 0.0 1504013851758982853
4.0058442928 12.9262114144 0.0 1504013851920109624
4.00581022797 12.9262795441 0.0 1504013852242116416
4.00572056098 12.9258 0.0 1504013852393064806
4.00579863289 12.9260972658 0.0 1504013852554069335
4.00579483545 12.9259 0.0 1504013852665405483
4.00575437375 12.9259 0.0 1504013852695615201
4.00589026582 12.9260194684 0.0 1504013852796240588
4.00575476505 12.9260031767 0.0 1504013853058807061
4.00573881061 12.9262611894 0.0 1504013853421977131
4.00562373571 12.9259 0.0 1504013853522626889
4.00560576247 12.9259 0.0 1504013853623297632
4.00588269509 12.9260884634 0.0 1504013853683700442
4.00580994764 12.9261900524 0.0 1504013853744104501
4.0048425742 12.9239182461 0.0 1504013854046652890
4.0048285319 12.9239 0.0 1504013854187558922
4.00499475644 12.9242052436 0.0 1504013854308458943
4.00473078348 12.9243307835 0.0 1504013854388918789
4.00486987366 12.9247534176 0.0 1504013854660725807
4.0053 12.9248392029 0.0 1504013854862586736
4.0053 12.9248 0.0 1504013854943130157
4.0053 12.9252 0.0 1504013855316439193
4.0053 12.9252 0.0 1504013855366705759
4.00539949033 12.925598471 0.0 1504013855548519213
4.0053 12.9253 0.0 1504013855669317932
4.0053 12.9253 0.0 1504013855669317932
4.00555775948 12.9254718397 0.0 1504013855780058302
4.00533261475 12.9255652295 0.0 1504013855890927446
4.00568836579 12.9258232684 0.0 1504013856395774015
4.0055 12.9257 0.0 1504013856516512426
4.00556488951 12.9257 0.0 1504013856890919263
4.00565041211 12.9257247939 0.0 1504013857153557676
4.0055265664 12.9257177109 0.0 1504013857234698895
4.00560426861 12.9258128058 0.0 1504013857405797950
4.00560426861 12.9258128058 0.0 1504013857405797950
4.00560426861 12.9258128058 0.0 1504013857405797950
4.00563527952 12.9258 0.0 1504013857506483407
4.00575297668 12.9260470233 0.0 1504013857617180247
4.0056 12.9259 0.0 1504013857728829531
4.0056 12.9259 0.0 1504013857820380072
4.00570739698 12.926192603 0.0 1504013857941113036
4.0056040632 12.9258 0.0 1504013858122552465
4.00572197278 12.9261560544 0.0 1504013858233247192
4.00567013614 12.9259 0.0 1504013858686072716
4.00495013376 12.9242123997 0.0 1504013859110083145
4.00467332766 12.9242633362 0.0 1504013859230967440
4.00473648195 12.9242273615 0.0 1504013859331554931
4.00474029254 12.9246402925 0.0 1504013859482507657
4.00483418589 12.9246 0.0 1504013859604411232
4.00465000742 12.923660003 0.0 1504013860029206755
4.0045 12.9236 0.0 1504013860079556839
4.0046 12.9236 0.0 1504013860220710497
4.0045 12.9247 0.0 1504013860968654709
4.0043 12.9234 0.0 1504013861412524249
4.00451304696 12.923686953 0.0 1504013861503387633
4.00420497647 12.9239 0.0 1504013861604389418
4.00468958002 12.9239930533 0.0 1504013861785557013
4.0046104586 12.9240895414 0.0 1504013861805717651
4.00451101409 12.9241889859 0.0 1504013861825792569
4.00486211166 12.9245 0.0 1504013862290548649
4.00500743015 12.9247074302 0.0 1504013862371075405
4.00506196461 12.9248380354 0.0 1504013862401273015
4.0049 12.9249 0.0 1504013862512014793
4.00518640759 12.9251864076 0.0 1504013862683576908
4.00500619774 12.9253938023 0.0 1504013862743964911
4.00491873377 12.9252374675 0.0 1504013862794325946
4.00523191318 12.9255361736 0.0 1504013863026749049
4.0051043372 12.9253130116 0.0 1504013863107658241
4.00516161028 12.9253 0.0 1504013863127799788
4.00533176132 12.9255635226 0.0 1504013863389565426
4.00531999582 12.9255 0.0 1504013863419781502
4.00523318865 12.9244978298 0.0 1504013863570660733
4.0045 12.9237 0.0 1504013863671277718
4.0045 12.9237 0.0 1504013863671277718
4.00458917493 12.9237 0.0 1504013863761851896
4.0046 12.9237 0.0 1504013863812185530
4.00479958815 12.9239753089 0.0 1504013863903056143
4.0046 12.9241 0.0 1504013864105782492
4.00473961171 12.9245 0.0 1504013864347923463
4.0049 12.9248 0.0 1504013864721215084
4.005 12.9251 0.0 1504013865023106866
4.00539646359 12.9253976424 0.0 1504013865387059081
4.00520127157 12.9254 0.0 1504013865539008191
4.00547959686 12.9255795969 0.0 1504013865682377145
4.00520598148 12.9240837408 0.0 1504013865985151365
4.0044422154 12.924 0.0 1504013866451829740
4.0045 12.924 0.0 1504013866514956721
4.00471289822 12.9247128982 0.0 1504013867001439647
4.0049142766 12.9246142766 0.0 1504013867132453145
4.00502409937 12.9250277019 0.0 1504013867233120348
4.00493909391 12.9249781878 0.0 1504013867283476893
4.00508719743 12.9249581316 0.0 1504013867445844634
4.00513194051 12.9253520892 0.0 1504013867536460078
4.00503413315 12.9251658668 0.0 1504013867627249676
4.00502734898 12.9251 0.0 1504013867709497136
4.0053611197 12.9253708398 0.0 1504013867779962343
4.00511360507 12.9253408152 0.0 1504013867901407981
4.00525591729 12.9253 0.0 1504013867993265456
4.00548202816 12.9254880188 0.0 1504013868083949690
4.00532243776 12.9255448755 0.0 1504013868194912870
4.00456725131 12.9236045321 0.0 1504013868436542822
4.00420986681 12.9237851998 0.0 1504013868507032307
4.00420986681 12.9237851998 0.0 1504013868507032307
4.00441416418 12.9237858358 0.0 1504013868577472601
4.00808697838 12.9242773957 0.0 1504013868801045236
4.00960407805 12.9242574522 0.0 1504013868834562923
4.03989139239 12.92446433 0.0 1504013869208014050
4.05352866958 12.9230420122 0.0 1504013869339851805
4.06552325421 12.9227763268 0.0 1504013869443343666
4.10750636766 12.9205560112 0.0 1504013869757217802
4.12487653387 12.9200006705 0.0 1504013869888218487
4.19019450142 12.9219869346 0.0 1504013870534077505
4.24778846224 12.9185905422 0.0 1504013871089278028
4.25588588762 12.9181333131 0.0 1504013871169986398
4.26566705493 12.9173533111 0.0 1504013871261614872
4.27355828824 12.9166473263 0.0 1504013871353125778
4.28465947345 12.9157257895 0.0 1504013871464029917
4.29382231572 12.9151953345 0.0 1504013871554861701
4.3488105488 12.9117587402 0.0 1504013872131044528
4.39703344273 12.9087309865 0.0 1504013872626739889
4.4042278276 12.9083093912 0.0 1504013872707713199
4.42485992559 12.9069942884 0.0 1504013872920769326
4.43468604605 12.9062863897 0.0 1504013873021397635
4.45910976153 12.9113956956 0.0 1504013873192619677
4.4731292612 12.9095778003 0.0 1504013873353622789
4.48559043017 12.9085 0.0 1504013873520224510
4.49080169838 12.907783853 0.0 1504013873600791578
4.49561286129 12.906605395 0.0 1504013873701429659
4.49865820577 12.9037647959 0.0 1504013873813206031
4.49969081683 12.900920396 0.0 1504013873904060715
4.5171287377 12.8991609487 0.0 1504013874079793479
4.5366130548 12.896794947 0.0 1504013874200809731
4.553037993 12.8949684942 0.0 1504013874331668554
4.58363825094 12.8915084588 0.0 1504013874567895724
4.59016087848 12.8907285518 0.0 1504013874628383499
4.59016087848 12.8907285518 0.0 1504013874628383499
4.59016087848 12.8907285518 0.0 1504013874628383499
4.60596231679 12.8886720143 0.0 1504013874780625960
4.61073290441 12.887958808 0.0 1504013874830921023
4.61858524138 12.8870877337 0.0 1504013874911565547
4.62726535036 12.8858528709 0.0 1504013875013857043
4.64316263087 12.8837217918 0.0 1504013875205269463
4.64874469317 12.8830091881 0.0 1504013875275928214
4.65461148421 12.8822816586 0.0 1504013875358686038
4.66124115976 12.8813148309 0.0 1504013875439251637
4.66761440317 12.8804619911 0.0 1504013875519719527
4.69664341669 12.8765356003 0.0 1504013875873547183
4.70674209649 12.8750654148 0.0 1504013875994373472
4.71553231128 12.8736316638 0.0 1504013876096411111
4.72480827351 12.8722688065 0.0 1504013876197100754
4.73150220265 12.8714307142 0.0 1504013876283685688
4.74165115012 12.8696353511 0.0 1504013876396129104
4.74957701861 12.8724669936 0.0 1504013876486838267
4.76319753635 12.8715640843 0.0 1504013876610931621
4.77207368069 12.8699012153 0.0 1504013876721941984
4.77689356342 12.8688361388 0.0 1504013876782368342
4.78438887503 12.8672907131 0.0 1504013876872942849
4.8037054883 12.8616529566 0.0 1504013877104894005
4.81335917856 12.8593155426 0.0 1504013877216977768
4.83512782267 12.853897731 0.0 1504013877499551099
4.8416653447 12.8526025431 0.0 1504013877580199117
4.85454608557 12.8494594207 0.0 1504013877731328805
4.87984057271 12.8445184205 0.0 1504013878033266788
4.90677691165 12.8385434429 0.0 1504013878345623798
4.92092126724 12.8359758406 0.0 1504013878487560529
4.94058804479 12.8324528557 0.0 1504013878689207175
4.94864059273 12.8302134272 0.0 1504013878810260058
4.95256388101 12.829272443 0.0 1504013878871010679
4.95665391017 12.8280248033 0.0 1504013878931435296
4.96067162476 12.8269070938 0.0 1504013878981837496
4.97325416218 12.8235883694 0.0 1504013879173125187
4.98320062721 12.8210843205 0.0 1504013879296366231
4.99790527647 12.8174488693 0.0 1504013879478764853
5.00877723014 12.814276831 0.0 1504013879599630558
5.01229513023 12.8133144939 0.0 1504013879639898246
5.02078933474 12.8111332304 0.0 1504013879733867522
5.02796348952 12.8092914652 0.0 1504013879828715252
5.03543987217 12.8070488526 0.0 1504013879909396887
5.03543987217 12.8070488526 0.0 1504013879909396887
5.04280516739 12.8052615311 0.0 1504013879989923050
5.05199992985 12.8030691088 0.0 1504013880101552952
5.0634870747 12.8001282313 0.0 1504013880232820130
5.09854136456 12.7910928471 0.0 1504013880645557831
5.10224266964 12.7901151439 0.0 1504013880685809332
5.11184825321 12.7873131719 0.0 1504013880806898534
5.12278827205 12.7843319223 0.0 1504013880937824175
5.14475599329 12.777845306 0.0 1504013881210203293
5.17004694264 12.7703844268 0.0 1504013881523197085
5.20384169333 12.7599829629 0.0 1504013881929705492
5.21974392626 12.7551015845 0.0 1504013882111098972
5.22518571316 12.7533093172 0.0 1504013882181765540
5.23056249195 12.7516062525 0.0 1504013882242152841
5.2343262336 12.7501295066 0.0 1504013882282442327
5.24350262212 12.7469324593 0.0 1504013882393166494
5.25016460361 12.7446106753 0.0 1504013882473629370
5.26247993868 12.7403912062 0.0 1504013882624717907
5.27290655098 12.7371978163 0.0 1504013882749701290
5.27736680628 12.7356898065 0.0 1504013882810231567
5.28599447088 12.7326679474 0.0 1504013882910924587
5.29318127416 12.7303979562 0.0 1504013882992000505
5.32054681616 12.7208456236 0.0 1504013883299890908
5.34976368842 12.7098834041 0.0 1504013883642955731
5.35826336859 12.7065020763 0.0 1504013883745649434
5.38215065478 12.6976724892 0.0 1504013884038037512
5.39546133906 12.6930685766 0.0 1504013884189053606
5.39886898931 12.6918469661 0.0 1504013884229312920
5.39974215505 12.6915179811 0.0 1504013884239382145
5.41824507672 12.6841500616 0.0 1504013884464544181
5.4200847902 12.6834082003 0.0 1504013884484673235
5.42742672173 12.6802479752 0.0 1504013884577146503
5.43182331885 12.6784909316 0.0 1504013884629037065
5.43769168026 12.6758359935 0.0 1504013884699576650
5.44206643205 12.6739440985 0.0 1504013884750172022
5.45206491796 12.669617541 0.0 1504013884886756365
5.45715696557 12.6673632652 0.0 1504013884948170625
5.48410644948 12.6567695859 0.0 1504013885267554805
5.49785268101 12.6514774224 0.0 1504013885429830777
5.53387523951 12.6352123802 0.0 1504013885879717983
5.54213689566 12.6314413731 0.0 1504013885980837233
5.54972943212 12.6277995481 0.0 1504013886081478205
5.56299045768 12.6221208308 0.0 1504013886242588649
5.57824654733 12.6152477474 0.0 1504013886438555692
5.60152417526 12.6050456308 0.0 1504013886720766359
5.61298366354 12.5998537216 0.0 1504013886858551475
5.62454047148 12.5941507493 0.0 1504013887011396126
5.6362025263 12.5883359755 0.0 1504013887152370302
5.65715030195 12.5775626148 0.0 1504013887414234653
5.67711024486 12.5678384665 0.0 1504013887667551093
5.68945501247 12.5619917588 0.0 1504013887818562733
5.72281849894 12.5451545496 0.0 1504013888243116668
5.74216926901 12.5350334847 0.0 1504013888464557370
5.75028242601 12.5306436602 0.0 1504013888566405005
5.76308933837 12.5242232915 0.0 1504013888700107833
5.76739217274 12.5218466368 0.0 1504013888760508249
5.7751991312 12.5175504344 0.0 1504013888861085054
5.78671848946 12.5116607997 0.0 1504013889002205955
5.79886424831 12.5043951103 0.0 1504013889174270888
5.80471724764 12.5012629116 0.0 1504013889245937200
5.81114962357 12.4981194978 0.0 1504013889326479109
5.81458691284 12.4961675251 0.0 1504013889376822219
5.82165103055 12.492143209 0.0 1504013889467908724
5.83472256399 12.4849769129 0.0 1504013889622113452
5.84204825061 12.4806480146 0.0 1504013889722881734
5.85757446943 12.4738548613 0.0 1504013889853770386
5.8633597047 12.4693760899 0.0 1504013889904419797
5.86996317605 12.4642613579 0.0 1504013890011108548
5.89583769375 12.4499811531 0.0 1504013890373545068
5.91304795299 12.4402402691 0.0 1504013890606519930
5.93573173294 12.4272568188 0.0 1504013890882502956
5.94816043471 12.4198937754 0.0 1504013891023625832
5.953919665 12.4168345943 0.0 1504013891084040687
5.95889950186 12.4138607384 0.0 1504013891144466673
5.97990502945 12.4010782019 0.0 1504013891397137853
5.9852124818 12.397572698 0.0 1504013891477811699
5.98743373149 12.3961997611 0.0 1504013891507997148
5.99419510401 12.3921722854 0.0 1504013891589645167
6.00407143653 12.3860075747 0.0 1504013891701959787
6.00792520973 12.3832962788 0.0 1504013891765320620
6.01134630095 12.3811322194 0.0 1504013891815985416
6.02545117933 12.3726432452 0.0 1504013891987028619
6.03423543824 12.3667319587 0.0 1504013892108529042
6.04417352945 12.3607559838 0.0 1504013892229338108
6.05072301981 12.3568409382 0.0 1504013892309897873
6.0552591121 12.353848986 0.0 1504013892370372122
6.06964926284 12.3447961091 0.0 1504013892551452240
6.07643713428 12.3404703689 0.0 1504013892621923742
6.08007000552 12.3378686626 0.0 1504013892683188092
6.08395436886 12.3351876214 0.0 1504013892733892269
6.09847215157 12.325642909 0.0 1504013892905748382
6.10152394093 12.3234303578 0.0 1504013892946010115
6.10730987124 12.3193462606 0.0 1504013893027076198
6.11590872118 12.3138640483 0.0 1504013893138100872
6.12098378488 12.310592553 0.0 1504013893198614674
6.13141980988 12.3033818013 0.0 1504013893339525035
6.14192692998 12.2969738826 0.0 1504013893461221595
6.14945227618 12.2917547761 0.0 1504013893561955645
6.15467002073 12.2878518263 0.0 1504013893642497253
6.16650085174 12.2805834208 0.0 1504013893783435809
6.18246995982 12.2694500262 0.0 1504013894007144523
6.18246995982 12.2694500262 0.0 1504013894007144523
6.18506471016 12.2678811739 0.0 1504013894037340800
6.19411304767 12.2617117819 0.0 1504013894157683368
6.20307490413 12.2552479335 0.0 1504013894278480900
6.22702599607 12.2384690861 0.0 1504013894581320707
6.23227832863 12.2349610722 0.0 1504013894641952452
6.23819126207 12.230814583 0.0 1504013894712427958
6.24567310917 12.2251338189 0.0 1504013894813578645
6.26249487787 12.2134036587 0.0 1504013895020023287
6.27032875134 12.2073948903 0.0 1504013895130952206
6.27742634849 12.202524151 0.0 1504013895231765598
6.29000284543 12.1933629905 0.0 1504013895392827254
6.33575890165 12.160559941 0.0 1504013895981025787
6.34520371624 12.1533041066 0.0 1504013896102290645
6.36830033482 12.1366562888 0.0 1504013896395092229
6.41449264638 12.1043303549 0.0 1504013896984862866
6.42485889198 12.096953142 0.0 1504013897115667086
6.44686912574 12.0804314108 0.0 1504013897410577502
6.45140926484 12.0767277134 0.0 1504013897481162087
6.45281173558 12.0756082069 0.0 1504013897501501355
6.46042199863 12.0698749101 0.0 1504013897602089084
6.4923429575 12.0463840847 0.0 1504013897996355556
6.51202259951 12.0313684448 0.0 1504013898248337610
6.51609628148 12.0283006554 0.0 1504013898298660400
6.52343225118 12.0225536877 0.0 1504013898389240802
6.53159409108 12.0156882557 0.0 1504013898501335660
6.54323363863 12.0069864072 0.0 1504013898633301044
6.55177485665 11.9999203287 0.0 1504013898749120196
6.55426175287 11.9982366535 0.0 1504013898789419537
6.56375507073 11.9916150492 0.0 1504013898902799234
6.57260407104 11.9839194688 0.0 1504013899033648597
6.5799580646 11.9783350806 0.0 1504013899144693856
6.592647913 11.9681654283 0.0 1504013899326824957
6.60176496682 11.9613037283 0.0 1504013899438230224
6.61251075193 11.952693324 0.0 1504013899579323794
6.63226048054 11.93660118 0.0 1504013899841373442
6.63895813142 11.931003107 0.0 1504013899933807143
6.65252077874 11.9207236876 0.0 1504013900106365186
6.65705135792 11.9169670708 0.0 1504013900166768019
6.66170105371 11.9131157886 0.0 1504013900227201561
6.6714980049 11.9049599963 0.0 1504013900349303769
6.68515498279 11.8936125697 0.0 1504013900541083753
6.68837621474 11.8909544313 0.0 1504013900581360103
6.69635967088 11.884810279 0.0 1504013900673335645
6.70871858415 11.873622543 0.0 1504013900834785888
6.73295329919 11.853774495 0.0 1504013901139081036
6.74153720846 11.8463640511 0.0 1504013901249772727
6.75603106846 11.8348047695 0.0 1504013901441116614
6.76300158671 11.8287392111 0.0 1504013901541737417
6.76844321501 11.8243103566 0.0 1504013901612134820
6.7737799291 11.8198691505 0.0 1504013901682612148
6.77442590268 11.8192378859 0.0 1504013901692684003
6.79062947556 11.804839783 0.0 1504013901925057249
6.79989536066 11.7968853637 0.0 1504013902050039807
6.81281098023 11.7859175702 0.0 1504013902211118428
6.82508825942 11.7738705675 0.0 1504013902392263044
6.85722830766 11.7454327877 0.0 1504013902815502210
6.86782082617 11.7350713245 0.0 1504013902966435503
6.89401658402 11.7120717636 0.0 1504013903344796614
6.91398793993 11.6934131321 0.0 1504013903608957470
6.92109137314 11.6870738557 0.0 1504013903701675406
6.92760144328 11.6812645642 0.0 1504013903782202420
6.93468404788 11.674685319 0.0 1504013903882901439
6.94328894866 11.6669230621 0.0 1504013903994253783
6.95175528129 11.6592786007 0.0 1504013904107233538
6.96130966884 11.6503091722 0.0 1504013904248761470
6.97428424503 11.6382909805 0.0 1504013904430315155
7.00071390672 11.616819396 0.0 1504013904725631968
7.00678908118 11.6102022341 0.0 1504013904847273797
7.01338954903 11.6034578172 0.0 1504013904958275384
7.02446142375 11.5923041714 0.0 1504013905149494251
7.04149878248 11.5752829804 0.0 1504013905402304928
7.04375927467 11.5731252378 0.0 1504013905432515299
7.05213959245 11.5652157765 0.0 1504013905544227553
7.08341339979 11.5342655571 0.0 1504013905968693031
7.09515399653 11.5236224123 0.0 1504013906119710671
7.09845170461 11.5203482954 0.0 1504013906170062912
7.10324011091 11.5156513203 0.0 1504013906240697434
7.10529437621 11.5136450279 0.0 1504013906270933737
7.11585473815 11.5038012962 0.0 1504013906413212805
7.12339453442 11.4965853063 0.0 1504013906534696694
7.14494202959 11.4752940779 0.0 1504013906847228877
7.14564398734 11.4745939653 0.0 1504013906857289134
7.14932169021 11.4711728463 0.0 1504013906907619385
7.15095358989 11.4697116856 0.0 1504013906928226170
7.15552697208 11.4655393987 0.0 1504013906988629956
7.16218492276 11.4590930626 0.0 1504013907090148664
7.16962595879 11.4511740412 0.0 1504013907201055234
7.17666038817 11.4444801782 0.0 1504013907291618024
7.1873155993 11.4336925963 0.0 1504013907442596756
7.1893463742 11.4316536258 0.0 1504013907472793153
7.19795636691 11.4238436331 0.0 1504013907593711800
7.215767677 11.4056512514 0.0 1504013907853783379
7.21940784625 11.4021551269 0.0 1504013907904113544
7.22564843096 11.3960427147 0.0 1504013907984653940
7.23931915623 11.3814823173 0.0 1504013908183983647
7.24728619164 11.3739088361 0.0 1504013908285166071
7.25227821235 11.3686802025 0.0 1504013908386253904
7.26008311413 11.3607253654 0.0 1504013908487259338
7.26896749651 11.3523325035 0.0 1504013908599321470
7.27571973396 11.3453181818 0.0 1504013908702478553
7.28122382081 11.3391494216 0.0 1504013908783017544
7.28849393935 11.3320920111 0.0 1504013908883683519
7.29670616549 11.3236010526 0.0 1504013909004582002
7.31294780681 11.3057483884 0.0 1504013909185713099
7.3190842578 11.2998714871 0.0 1504013909276314643
7.33072776939 11.2906722306 0.0 1504013909449031540
7.33982491202 11.2811897307 0.0 1504013909590011364
7.34468076355 11.2767166369 0.0 1504013909670489976
7.34962425745 11.2709757425 0.0 1504013909771189818
7.36449158511 11.255368139 0.0 1504013909992687615
7.37103457594 11.2490405088 0.0 1504013910083586628
7.3841402989 11.2350671291 0.0 1504013910264876356
7.39258250895 11.226717491 0.0 1504013910375641521
7.43272035774 11.1845929586 0.0 1504013910921158589
7.43963303735 11.1770015066 0.0 1504013911041875773
7.44673722908 11.1700360598 0.0 1504013911142583862
7.4543432935 11.1624117481 0.0 1504013911253813021
7.46065373007 11.1553863604 0.0 1504013911346099251
7.46846760407 11.1475323959 0.0 1504013911457210307
7.47707528257 11.1387420034 0.0 1504013911588019613
7.48416977713 11.1309539645 0.0 1504013911690126977
7.49171705093 11.123471701 0.0 1504013911791039314
7.51788643796 11.0950222976 0.0 1504013912163429602
7.52288381127 11.0893188869 0.0 1504013912244171188
7.52690706168 11.0850067196 0.0 1504013912305020624
7.53421810653 11.0776131592 0.0 1504013912405812443
7.5395356673 11.0718338076 0.0 1504013912487492917
7.54762388553 11.0628977068 0.0 1504013912609600616
7.56002767903 11.0502133924 0.0 1504013912782889832
7.5624508766 11.0472170661 0.0 1504013912823186584
7.57657059285 11.0318432121 0.0 1504013913018339291
7.57899588353 11.0291545281 0.0 1504013913059144093
7.58306328129 11.0245994449 0.0 1504013913129623578
7.59084062911 11.0162593709 0.0 1504013913241060652
7.59636493212 11.0103514397 0.0 1504013913326095059
7.60045009184 11.0059536513 0.0 1504013913386578652
7.60756332319 10.9974496936 0.0 1504013913508181901
7.61537791721 10.9888642911 0.0 1504013913620281755
7.6212802238 10.9823417258 0.0 1504013913712543276
7.62959051658 10.9731172631 0.0 1504013913833342610
7.63593283088 10.9663640424 0.0 1504013913925793487
7.65560197983 10.9449980202 0.0 1504013914217777589
7.66267199174 10.9370903254 0.0 1504013914330674115
7.66760670531 10.9314351939 0.0 1504013914402862595
7.6794863919 10.9185251545 0.0 1504013914584108107
7.68471018034 10.9126273542 0.0 1504013914664642416
7.69087455336 10.9056286275 0.0 1504013914755611125
7.69561029848 10.9005035821 0.0 1504013914826080439
7.70123668053 10.8943336589 0.0 1504013914918001190
7.71665908991 10.8771099293 0.0 1504013915153939699
7.78768362145 10.7939342829 0.0 1504013916264941489
7.79104009079 10.7902438028 0.0 1504013916315388746
7.79609963078 10.7844542722 0.0 1504013916395988408
7.80320938831 10.7759271474 0.0 1504013916513026989
7.80923720563 10.769046737 0.0 1504013916603612129
7.81474700933 10.7628765277 0.0 1504013916684171247
7.82131757975 10.7548890855 0.0 1504013916795031114
7.82853287449 10.7465005036 0.0 1504013916906526373
7.83711497715 10.7367616054 0.0 1504013917037373620
7.84025773497 10.7329970886 0.0 1504013917087684902
7.85325842465 10.7179464866 0.0 1504013917300121998
7.85833695544 10.7117108708 0.0 1504013917400794033
7.86355174436 10.7056712987 0.0 1504013917481341029
7.87202885927 10.6960895088 0.0 1504013917612282860
7.87682799054 10.6902732749 0.0 1504013917686599014
7.88063074066 10.6858362671 0.0 1504013917747027892
7.89645907736 10.6676035892 0.0 1504013917978793988
7.90234935174 10.6603776877 0.0 1504013918069624152
7.90234935174 10.6603776877 0.0 1504013918069624152
7.90991546703 10.651953745 0.0 1504013918171259681
7.96863942973 10.5814547476 0.0 1504013919124618797
7.97622911451 10.5717872437 0.0 1504013919247841647
7.98605727002 10.5601789959 0.0 1504013919399186522
7.99954744683 10.5435939947 0.0 1504013919620942341
8.00343478812 10.5388540472 0.0 1504013919681560476
8.01071648189 10.5295506671 0.0 1504013919802386828
8.01781673591 10.5209114586 0.0 1504013919923846962
8.0214939448 10.5164704879 0.0 1504013919984307603
8.04279074308 10.4897164689 0.0 1504013920336884332
8.05380979327 10.4752934081 0.0 1504013920518098190
8.06439447619 10.4617187831 0.0 1504013920695228353
8.08603116812 10.4335006909 0.0 1504013921058676897
8.0962526177 10.4204835502 0.0 1504013921230787037
8.10043658666 10.4148262342 0.0 1504013921301353713
8.10667211178 10.4069014095 0.0 1504013921412116112
8.12111056893 10.3879106145 0.0 1504013921653682155
8.13295508726 10.3728586361 0.0 1504013921845424224
8.14826780325 10.3526140483 0.0 1504013922090868527
8.15531586606 10.3429979886 0.0 1504013922211752252
8.16200462709 10.3346618318 0.0 1504013922322521308
8.16702861327 10.3278389876 0.0 1504013922413360054
8.17756400973 10.3131997584 0.0 1504013922595414622
8.18567924769 10.3023223339 0.0 1504013922737919804
8.20371290197 10.278430647 0.0 1504013923060259814
8.22343403239 10.2510793641 0.0 1504013923423593952
8.23263705218 10.2385531014 0.0 1504013923582542687
8.24672861254 10.2193119792 0.0 1504013923826632546
8.24792981252 10.2177067242 0.0 1504013923846869648
8.25253899047 10.2111075902 0.0 1504013923927910871
8.25422584085 10.2085980529 0.0 1504013923958409564
8.26095708051 10.1992579413 0.0 1504013924069696705
8.26658321796 10.1916234949 0.0 1504013924170505470
8.27408099271 10.1807285109 0.0 1504013924311435852
8.27659294629 10.1768715468 0.0 1504013924362542158
8.2800440868 10.1727169269 0.0 1504013924422961197
8.28630755837 10.1636062717 0.0 1504013924534350867
8.29282428124 10.1543532214 0.0 1504013924655193091
8.30009807798 10.1443426908 0.0 1504013924787893004
8.30652102368 10.135630232 0.0 1504013924898645681
8.3082783316 10.1329856593 0.0 1504013924928892483
8.32371366443 10.1111244248 0.0 1504013925202654751
8.33003982982 10.1012939477 0.0 1504013925318887301
8.34592208067 10.0780557263 0.0 1504013925620901094
8.34705443096 10.0765127318 0.0 1504013925641019252
8.35193627134 10.069205826 0.0 1504013925731642968
8.35756133492 10.0606192893 0.0 1504013925845188198
8.36207544491 10.0544327401 0.0 1504013925928443308
8.36807347494 10.0457794038 0.0 1504013926031567393
8.3849324869 10.020399284 0.0 1504013926345292854
8.3849324869 10.020399284 0.0 1504013926345292854
8.38704943694 10.0167300131 0.0 1504013926385561504
8.40984428787 9.98293891506 0.0 1504013926810506139
8.41518906457 9.97487928087 0.0 1504013926911264761
8.42062866542 9.96630700187 0.0 1504013927023143946
8.42062866542 9.96630700187 0.0 1504013927023143946
8.42596112748 9.95881849669 0.0 1504013927113755124
8.43207540098 9.94926760607 0.0 1504013927235155469
8.43698907721 9.94198288536 0.0 1504013927326827021
8.45085181747 9.92149264573 0.0 1504013927580128787
8.4580485333 9.91054782967 0.0 1504013927701035565
8.46791455293 9.89530271583 0.0 1504013927894495619
8.47806804498 9.8803286691 0.0 1504013928078557510
8.48113576657 9.87578184285 0.0 1504013928138949817
8.48969377084 9.86259696999 0.0 1504013928320154875
8.50180079361 9.84291390097 0.0 1504013928561688973
8.53392273532 9.79223820147 0.0 1504013929175315201
8.54047743504 9.78219395845 0.0 1504013929308399968
8.54286582644 9.7782563402 0.0 1504013929349007915
8.56098617475 9.74752526683 0.0 1504013929704837393
8.56751133131 9.73684015373 0.0 1504013929825726143
8.58599387052 9.70778520679 0.0 1504013930110825451
8.58981572654 9.70140868047 0.0 1504013930161201530
8.59181258092 9.69758597324 0.0 1504013930201628360
8.60258906697 9.67919546612 0.0 1504013930413334321
8.60850438183 9.66879994786 0.0 1504013930545566583
8.61041752864 9.66523669559 0.0 1504013930598458489
8.61114808697 9.66317650431 0.0 1504013930660521325
8.61613440768 9.6559256211 0.0 1504013930801490955
8.62435194112 9.64076678934 0.0 1504013931007302051
8.63275576583 9.62576230039 0.0 1504013931200113226
8.63609326333 9.62026239973 0.0 1504013931260872873
8.63943123815 9.61531588271 0.0 1504013931311172965
8.65765240483 9.5829696048 0.0 1504013931665253117
8.6674018056 9.56562441083 0.0 1504013931859990479
8.6697915663 9.56182132851 0.0 1504013931900281206
8.67668438533 9.550003441 0.0 1504013932031527679
8.67975276061 9.54399447878 0.0 1504013932091900862
8.68428579021 9.53639512167 0.0 1504013932183923028
8.70093755769 9.50861373421 0.0 1504013932468185101
8.70351879745 9.50424410086 0.0 1504013932518571113
8.70884428308 9.49356257722 0.0 1504013932640059101
8.7097294033 9.49189854422 0.0 1504013932660185969
8.71644571816 9.47988806763 0.0 1504013932811262424
8.71991729941 9.473291122 0.0 1504013932901883061
8.72855931517 9.45707606295 0.0 1504013933123441556
8.73101476708 9.45217046583 0.0 1504013933184764155
8.73519552939 9.44326227154 0.0 1504013933295563116
8.74017265235 9.43392221706 0.0 1504013933407324739
8.76149701668 9.3925978473 0.0 1504013933907145970
8.76388312088 9.3879954709 0.0 1504013933957517201
8.77269099018 9.37281735225 0.0 1504013934088352410
8.78006067666 9.35795205521 0.0 1504013934260766038
8.78163931182 9.3513611183 0.0 1504013934381616649
8.78416861939 9.346457506 0.0 1504013934441989960
8.78893916427 9.33643036229 0.0 1504013934563576827
8.80894002503 9.29512594744 0.0 1504013935065128096
8.810892108 9.29102657319 0.0 1504013935106530946
8.82291640511 9.26829722117 0.0 1504013935382715484
8.83236643839 9.24887831043 0.0 1504013935598437982
8.83675489426 9.23907506823 0.0 1504013935709191511
8.84199256636 9.22711703542 0.0 1504013935830104931
8.85836701644 9.19239256383 0.0 1504013936217952468
8.88173893718 9.14045280428 0.0 1504013936842512305
8.88339151575 9.13687832599 0.0 1504013936882772727
8.88655897817 9.12934948889 0.0 1504013936963357342
8.89733650477 9.10558538161 0.0 1504013937236278550
8.90070665045 9.09828669909 0.0 1504013937309615853
8.90446321314 9.09013840256 0.0 1504013937400661613
8.91156617041 9.07407752614 0.0 1504013937564366302
8.9131004246 9.07128955557 0.0 1504013937594547722
8.91659418945 9.06419984079 0.0 1504013937675077008
8.91806570923 9.06073260958 0.0 1504013937715784235
8.92289484472 9.04968659938 0.0 1504013937847426689
8.92605767898 9.04344350839 0.0 1504013937929085590
8.93054030322 9.03382938191 0.0 1504013938039821130
8.93262863811 9.02900270043 0.0 1504013938100290319
8.93491396416 9.02345295682 0.0 1504013938160795202
8.93959838454 9.01330356747 0.0 1504013938286570200
8.945399019 8.99925938514 0.0 1504013938449595262
8.94757321675 8.99475966789 0.0 1504013938499893667
8.95045568842 8.98850339368 0.0 1504013938570605810
8.95485004211 8.97848114648 0.0 1504013938682867700
8.95883141568 8.96882229038 0.0 1504013938793843827
8.96426114977 8.95684507664 0.0 1504013938924661186
8.96714266426 8.94995449851 0.0 1504013938997722973
8.97016748314 8.94221628909 0.0 1504013939079433346
8.98152905384 8.91617273848 0.0 1504013939363304131
8.99111879497 8.89420670371 0.0 1504013939602225555
8.99322104392 8.88885552456 0.0 1504013939662668766
8.99531521369 8.88393116805 0.0 1504013939714039227
8.99950613487 8.8740403237 0.0 1504013939824884211
9.00398664128 8.8628812802 0.0 1504013939945891400
9.00678453502 8.85631748516 0.0 1504013940016357695
9.01038097548 8.84732420473 0.0 1504013940116976944
9.01977322809 8.82415996908 0.0 1504013940390577868
9.01977322809 8.82415996908 0.0 1504013940390577868
9.02196739133 8.81868152167 0.0 1504013940446736653
9.02693094163 8.80559809968 0.0 1504013940597808912
9.03217716819 8.79326945908 0.0 1504013940739029140
9.04011102292 8.77208065425 0.0 1504013940970802552
9.04750807497 8.75205980366 0.0 1504013941192779403
9.06141837377 8.71718210781 0.0 1504013941569703806
9.06434904531 8.70950254583 0.0 1504013941650255039
9.07172078015 8.69029285458 0.0 1504013941866993370
9.07630066471 8.67812206863 0.0 1504013942002495143
9.07837233261 8.67251795434 0.0 1504013942063629031
9.08238681366 8.66237006486 0.0 1504013942174444690
9.08560049807 8.65369864809 0.0 1504013942267248438
9.08998825197 8.64145485565 0.0 1504013942398806683
9.09720785966 8.62198007892 0.0 1504013942661362656
9.1095665274 8.58813737748 0.0 1504013942967627149
9.11458750378 8.57484899002 0.0 1504013943099986532
9.1271084497 8.54021634083 0.0 1504013943438622909
9.1277579276 8.53832621721 0.0 1504013943458750781
9.12936185313 8.53351444062 0.0 1504013943509464961
9.13231613621 8.52501804585 0.0 1504013943589937846
9.13551388281 8.51596869143 0.0 1504013943680581430
9.13974993599 8.50365019203 0.0 1504013943801552971
9.14209282029 8.49611974419 0.0 1504013943875876095
9.14575282272 8.48564153184 0.0 1504013943986678217
9.1506678752 8.47072776252 0.0 1504013944138795796
9.1538937994 8.46211550151 0.0 1504013944222502757
9.15627028711 8.45503743699 0.0 1504013944293964091
9.16069657055 8.44081200306 0.0 1504013944446702912
9.16650253476 8.42324176204 0.0 1504013944622654508
9.16870681659 8.41686518621 0.0 1504013944685769118
9.17451198474 8.39863251907 0.0 1504013944873272401
9.18070904243 8.37957765994 0.0 1504013945065128092
9.1817463516 8.37633476499 0.0 1504013945106024483
9.1842446013 8.36932179646 0.0 1504013945186605269
9.18828882858 8.35594859662 0.0 1504013945327593374
9.19108131641 8.34606264497 0.0 1504013945428349099
9.19357465334 8.33817603999 0.0 1504013945519582015
9.19538715757 8.33251072169 0.0 1504013945591134764
9.20374460064 8.30510835782 0.0 1504013945893094884
9.20477607542 8.30169148697 0.0 1504013945933360066
9.20731702165 8.29442127559 0.0 1504013946013890507
9.20909568104 8.28871449937 0.0 1504013946085257134
9.2171396975 8.26268090749 0.0 1504013946377641055
9.22376035248 8.24136948742 0.0 1504013946599119280
9.22564616961 8.2356563612 0.0 1504013946660286205
9.22777879848 8.22895047147 0.0 1504013946730717800
9.2309050448 8.21821209096 0.0 1504013946851641657
9.23759810467 8.19784644412 0.0 1504013947063090591
9.24777856158 8.16558181872 0.0 1504013947386770765
9.25120197099 8.15505653519 0.0 1504013947487436970
9.25416290824 8.14640018468 0.0 1504013947578052429
9.26390308272 8.11540393658 0.0 1504013947920701021
9.26694554443 8.10495154383 0.0 1504013948041790985
9.27230630885 8.08787949624 0.0 1504013948233127347
9.27805438911 8.06880700721 0.0 1504013948447065876
9.28622616985 8.04325037811 0.0 1504013948720282433
9.28902856495 8.03422412861 0.0 1504013948820989346
9.29044766885 8.02958107135 0.0 1504013948871320591
9.29250740971 8.02151665632 0.0 1504013948951915063
9.29440483517 8.01584401883 0.0 1504013949012384659
9.2986778657 8.00228581988 0.0 1504013949165803212
9.30169301864 7.99182478382 0.0 1504013949266959619
9.30586767941 7.97925908198 0.0 1504013949398813514
9.31243602037 7.95778234195 0.0 1504013949624233459
9.3137198504 7.95342682759 0.0 1504013949664591139
9.32194320579 7.92826398008 0.0 1504013949937611884
9.33565751543 7.88228431713 0.0 1504013950454749870
9.33929997496 7.87117067218 0.0 1504013950577029853
9.34039413498 7.86742641101 0.0 1504013950617618762
9.34207339718 7.86197165322 0.0 1504013950678022177
9.34555290014 7.8505421282 0.0 1504013950794607824
9.34771935771 7.84407854859 0.0 1504013950864903811
9.3523671529 7.82839832249 0.0 1504013951025994363
9.36062820242 7.80156592144 0.0 1504013951300597356
9.36170722111 7.79765462214 0.0 1504013951341014194
9.36448604247 7.7893633832 0.0 1504013951421601715
9.36983486431 7.77130268784 0.0 1504013951613044292
9.37442734461 7.75660429387 0.0 1504013951764820796
9.37797327647 7.74433508927 0.0 1504013951890173584
9.38158884747 7.73361929736 0.0 1504013952001523589
9.38409091165 7.72596576682 0.0 1504013952081985485
9.38583575265 7.71978399057 0.0 1504013952142423044
9.38892472991 7.71008364814 0.0 1504013952243388185
9.39508881868 7.6936300498 0.0 1504013952444001534
9.39769411119 7.67941766642 0.0 1504013952615708026
9.39927166137 7.67442464669 0.0 1504013952666020295
9.40116160046 7.66861519863 0.0 1504013952716361383
9.40559588151 7.65402143692 0.0 1504013952858494086
9.41711221774 7.61836945566 0.0 1504013953206838453
9.44497577357 7.52436141246 0.0 1504013954210866203
9.45345241816 7.49430460193 0.0 1504013954547239654
9.45638034359 7.48347862563 0.0 1504013954658785970
9.45823787648 7.47777257458 0.0 1504013954719469175
9.45998579079 7.47146955652 0.0 1504013954780097589
9.46530021583 7.44981781925 0.0 1504013955001900875
9.46780572747 7.44039464866 0.0 1504013955092478219
9.47043643451 7.43127645204 0.0 1504013955172981514
9.47194792608 7.42560829567 0.0 1504013955234234740
9.47542673146 7.41360792496 0.0 1504013955355021581
9.47927222677 7.40007914959 0.0 1504013955486414472
9.4861761824 7.37198257332 0.0 1504013955780064344
9.49604105803 7.33511383957 0.0 1504013956189315877
9.49938575046 7.32011874614 0.0 1504013956346922532
9.49938575046 7.32011874614 0.0 1504013956346922532
9.50647319188 7.29536547742 0.0 1504013956561037169
9.53629597801 7.19066754435 0.0 1504013957602372820
9.53756049042 7.18610438078 0.0 1504013957662742633
9.54178129908 7.16935315028 0.0 1504013957836228497
9.54346862095 7.16305982667 0.0 1504013957907156692
9.54631300468 7.15391630606 0.0 1504013957998612119
9.54991758436 7.1421362567 0.0 1504013958119371248
9.55331534377 7.12912066486 0.0 1504013958240419370
9.55559023873 7.12195281961 0.0 1504013958310915719
9.55919341721 7.10928636262 0.0 1504013958441908664
9.56223998066 7.09725854483 0.0 1504013958562637374
9.5632265806 7.09404376665 0.0 1504013958592842393
9.56521828145 7.08746748728 0.0 1504013958663299274
9.57454577316 7.05308979394 0.0 1504013959029085202
9.57643549035 7.04634912286 0.0 1504013959099547498
9.57980960606 7.03549713974 0.0 1504013959220417588
9.58404265608 7.02024565912 0.0 1504013959372247869
9.58735309324 7.00800669956 0.0 1504013959503139613
9.59331305852 6.98503734218 0.0 1504013959754831849
9.60041993472 6.96117273257 0.0 1504013960009720929
9.60374652135 6.94961734143 0.0 1504013960130484926
9.60624391638 6.93959163484 0.0 1504013960241244050
9.60956163002 6.92834388741 0.0 1504013960362661372
9.61191597133 6.92074448171 0.0 1504013960443151912
9.61421942332 6.91330619139 0.0 1504013960523699883
9.61843236716 6.89747053134 0.0 1504013960685010803
9.62126179286 6.88838697999 0.0 1504013960785698152
9.64155704186 6.81484162894 0.0 1504013961542470140
9.64525553467 6.80202546246 0.0 1504013961666257825
9.64865663598 6.79018478326 0.0 1504013961787076002
9.64947742941 6.78719009793 0.0 1504013961817267283
9.65154401058 6.77945226291 0.0 1504013961898783646
9.654694468 6.76830473452 0.0 1504013962029744724
9.65642371336 6.76177177116 0.0 1504013962102982971
9.65895479267 6.75235822565 0.0 1504013962203682992
9.66333960505 6.73724447445 0.0 1504013962367034085
9.66772494907 6.72003455962 0.0 1504013962550097901
9.67351463028 6.70118710027 0.0 1504013962741454357
9.67516756683 6.69492952493 0.0 1504013962807711731
9.68587441652 6.65970181526 0.0 1504013963181082908
9.68678229372 6.6548304273 0.0 1504013963231762489
9.69201396156 6.63622694607 0.0 1504013963422988085
9.69389465442 6.63051603674 0.0 1504013963483357440
9.69474529116 6.62766578848 0.0 1504013963513571589
9.69683782667 6.62009625865 0.0 1504013963594045708
9.6995882806 6.60938704267 0.0 1504013963704754120
9.70367349316 6.59580602737 0.0 1504013963856482032
9.71156330555 6.5689287886 0.0 1504013964138894433
9.71877782956 6.54295750331 0.0 1504013964401102144
9.72323538514 6.5264278524 0.0 1504013964564911059
9.72394771187 6.52422742293 0.0 1504013964585049311
9.72937974362 6.50853697425 0.0 1504013964756726463
9.73180560722 6.49994828744 0.0 1504013964847295007
9.73522903309 6.4891413952 0.0 1504013964958759219
9.73631759831 6.48574720507 0.0 1504013964999037736
9.74088778785 6.47135346827 0.0 1504013965160695711
9.74374814375 6.4605994471 0.0 1504013965282020654
9.74892433874 6.44322010549 0.0 1504013965463598745
9.75013404879 6.43947184821 0.0 1504013965503863243
9.7513138589 6.43577278016 0.0 1504013965544164132
9.75666755131 6.41718300718 0.0 1504013965735571571
9.75948866769 6.40855574273 0.0 1504013965816090320
9.76276269617 6.39601636224 0.0 1504013965946890155
9.77701364668 6.3475552333 0.0 1504013966454231219
9.7850256272 6.32247799295 0.0 1504013966685813900
9.80740137278 6.24919588167 0.0 1504013967483579999
9.81145421389 6.23702729543 0.0 1504013967604400364
9.81313685585 6.23188369206 0.0 1504013967654707568
9.81670425915 6.22003601278 0.0 1504013967775503740
9.82346336445 6.19901194196 0.0 1504013967987085120
9.82927956287 6.18138138426 0.0 1504013968159820602
9.83287741041 6.17130104409 0.0 1504013968270893572
9.8362904112 6.16092876639 0.0 1504013968381855635
9.83902266422 6.15215410327 0.0 1504013968464837829
9.8425064218 6.142897687 0.0 1504013968565487651
9.85921414109 6.09421464728 0.0 1504013969095658108
9.86195318369 6.08641099889 0.0 1504013969175138419
9.86559423157 6.07520224097 0.0 1504013969295948921
9.87434455079 6.05132933592 0.0 1504013969540183335
9.88595196768 6.02074409695 0.0 1504013969872277207
9.89613551345 5.99656414757 0.0 1504013970145427717
9.9074636708 5.96785705267 0.0 1504013970442133796
9.90984542994 5.96113794851 0.0 1504013970502521323
9.91050552357 5.95915682279 0.0 1504013970522619481
9.91339068084 5.95128796566 0.0 1504013970603073737
9.92692829326 5.91615581733 0.0 1504013970975722334
9.92728250427 5.91524498903 0.0 1504013970985786328
9.9315806532 5.90405513838 0.0 1504013971107115834
9.93546202508 5.89609219462 0.0 1504013971197750448
9.94758802125 5.86540794856 0.0 1504013971556526553
9.95004387703 5.85908299459 0.0 1504013971628662246
9.95261550902 5.85237799937 0.0 1504013971699219224
9.95582484203 5.84610905279 0.0 1504013971790001940
9.9609876855 5.83382225508 0.0 1504013971920824878
9.96700250156 5.81809356742 0.0 1504013972088651774
9.96846148325 5.81433399522 0.0 1504013972128946282
9.97125491274 5.80698307321 0.0 1504013972211786087
9.97500396947 5.79845563795 0.0 1504013972315063240
9.97936107439 5.7884951515 0.0 1504013972425755057
9.98510447693 5.77360719298 0.0 1504013972587918787
9.99053601452 5.75989615245 0.0 1504013972740608713
9.9971897771 5.74167008373 0.0 1504013972945177449
9.99975351343 5.73520501249 0.0 1504013973019649677
10.0015759789 5.73033558644 0.0 1504013973080053316
10.0142930667 5.6990316 0.0 1504013973426155404
10.0174325724 5.69084104495 0.0 1504013973516869224
10.0243617013 5.6730957468 0.0 1504013973709844398
10.0299229247 5.66074373178 0.0 1504013973850885594
10.0345546506 5.64947828055 0.0 1504013973971725175
10.0548430818 5.60105349994 0.0 1504013974515641679
10.0589386633 5.59125270344 0.0 1504013974626467759
10.0629028324 5.58204005339 0.0 1504013974728236926
10.0685860966 5.56936126415 0.0 1504013974869157900
10.0731494175 5.55911984225 0.0 1504013974990064485
10.0833262227 5.53626599901 0.0 1504013975244160672
10.0857382239 5.53064414414 0.0 1504013975304767615
10.0881856883 5.52543041232 0.0 1504013975365261220
10.0944217957 5.51209204939 0.0 1504013975506222824
10.1076838453 5.48378634813 0.0 1504013975840020029
10.1185028109 5.46002607176 0.0 1504013976104457696
10.1259451465 5.4434723803 0.0 1504013976285695348
10.1302198974 5.43395523088 0.0 1504013976396418590
10.1409889872 5.41075348667 0.0 1504013976658688972
10.1958722658 5.28981637701 0.0 1504013978055519174
10.2030476828 5.27417422156 0.0 1504013978234994235
10.205775803 5.26770014269 0.0 1504013978305708226
10.2157490383 5.24672028871 0.0 1504013978538349049
10.2193802233 5.23989420514 0.0 1504013978620993811
10.2242748555 5.22995028894 0.0 1504013978727799418
10.2258027949 5.22663305467 0.0 1504013978768074827
10.2292680427 5.21915745146 0.0 1504013978849906528
10.2341732737 5.20943665802 0.0 1504013978960714908
10.2380079346 5.20140919382 0.0 1504013979061439371
10.2421485183 5.19220296331 0.0 1504013979162246259
10.2455905954 5.18537998589 0.0 1504013979242802961
10.2505749373 5.17500015048 0.0 1504013979365054344
10.2610680886 5.15454598354 0.0 1504013979618680798
10.2654831683 5.14511637476 0.0 1504013979730329809
10.2687108812 5.13885722446 0.0 1504013979800818529
10.2739305888 5.12863230655 0.0 1504013979921615193
10.2778437988 5.12043211028 0.0 1504013980012242366
10.2869982028 5.10307831355 0.0 1504013980213575825
10.2952986915 5.08700213241 0.0 1504013980405577099
10.3186932033 5.04146789315 0.0 1504013980936346941
10.3211354434 5.03687472813 0.0 1504013980986639848
10.3397181385 5.00276825767 0.0 1504013981411084932
10.3426302733 4.9967959406 0.0 1504013981501622502
10.3464184646 4.98942873466 0.0 1504013981592644332
10.3512649469 4.98042688058 0.0 1504013981703384184
10.356431995 4.97114529486 0.0 1504013981824218934
10.3677114925 4.9504505785 0.0 1504013982071285784
10.3766761932 4.93392468639 0.0 1504013982262517653
10.3796373088 4.92880808823 0.0 1504013982323005863
10.3847823411 4.91923090306 0.0 1504013982443797143
10.3876881095 4.91362296089 0.0 1504013982504268763
10.3956434029 4.90006244187 0.0 1504013982665269406
10.3976644919 4.89670137576 0.0 1504013982705518093
10.4041009392 4.88559812154 0.0 1504013982846686912
10.409896396 4.87463047605 0.0 1504013982987769301
10.4152948941 4.86492874302 0.0 1504013983098464979
10.4197190331 4.85725064355 0.0 1504013983189068150
10.4259904779 4.84673763165 0.0 1504013983331348559
10.4285769219 4.84239333545 0.0 1504013983381682559
10.4321378464 4.83651944583 0.0 1504013983452166177
10.4456323201 4.81370828783 0.0 1504013983754130419
10.4484863059 4.80917344579 0.0 1504013983814943442
10.4564489851 4.79628927603 0.0 1504013983965885588
10.4610656053 4.78806217512 0.0 1504013984066562477
10.4729843344 4.76895701975 0.0 1504013984298233600
10.4751243115 4.76574134421 0.0 1504013984338480828
10.4873635364 4.74623311387 0.0 1504013984589996957
10.4909667518 4.74051135926 0.0 1504013984662778878
10.4970854659 4.7310218011 0.0 1504013984783645437
10.5005424568 4.7250623453 0.0 1504013984864176102
10.5090881366 4.71156779515 0.0 1504013985016015202
10.5218670529 4.69303294714 0.0 1504013985269528547
10.5370424783 4.67431203478 0.0 1504013985502558771
10.5426486253 4.66518219957 0.0 1504013985613360856
10.5575272667 4.64224215746 0.0 1504013985916804078
10.5657316557 4.62956634988 0.0 1504013986088045531
10.5736351336 4.61774121899 0.0 1504013986240069707
10.5829305121 4.60316329038 0.0 1504013986431836858
10.6001792326 4.57881309991 0.0 1504013986776234459
10.605275043 4.57176660939 0.0 1504013986877109407
10.6171998007 4.55558028564 0.0 1504013987088489990
10.6250271168 4.54466839742 0.0 1504013987231496297
10.6330451104 4.53298061914 0.0 1504013987363058832
10.6439007169 4.51838726534 0.0 1504013987554356331
10.6565373051 4.50174573797 0.0 1504013987786151743
10.666256587 4.48781826327 0.0 1504013987948153436
10.6711254316 4.48137850583 0.0 1504013988038763051
10.6795472177 4.47051945047 0.0 1504013988179734632
10.6837958481 4.46480903183 0.0 1504013988260570057
10.6957087223 4.4494832792 0.0 1504013988473439268
10.7010221183 4.44240536929 0.0 1504013988564049109
10.7021159069 4.44104505614 0.0 1504013988584204457
10.7048406222 4.43768246306 0.0 1504013988634540305
10.7173813544 4.42141879561 0.0 1504013988856088693
10.7200196548 4.41809284234 0.0 1504013988906469196
10.7277482273 4.40845227923 0.0 1504013989037363870
10.7344477799 4.39981092348 0.0 1504013989168326882
10.7453482085 4.38614773468 0.0 1504013989379635234
10.7480644349 4.38265623464 0.0 1504013989430087177
10.761183229 4.36672614854 0.0 1504013989662258676
10.7805417589 4.34270682802 0.0 1504013989967142412
10.7946650757 4.3258906838 0.0 1504013990178803934
10.7989485993 4.32054343427 0.0 1504013990239178521
10.8046563018 4.3135796227 0.0 1504013990330006012
10.8292829045 4.28497645004 0.0 1504013990726461596
10.8349593591 4.27832882602 0.0 1504013990827196424
10.8406129781 4.27178377739 0.0 1504013990917882690
10.8474460319 4.26424246011 0.0 1504013991028617488
10.8671255277 4.2410494212 0.0 1504013991372025192
10.8851746017 4.22064700348 0.0 1504013991675358617
10.9144513714 4.18790746229 0.0 1504013992140190435
10.922809828 4.17879414197 0.0 1504013992271160165
10.9302601919 4.17073784289 0.0 1504013992383967030
10.9353774744 4.16482667502 0.0 1504013992467010115
10.9409978879 4.15899314924 0.0 1504013992557544580
10.9522868738 4.14679976098 0.0 1504013992728862177
10.9654906398 4.13231256937 0.0 1504013992950306819
10.968999184 4.12853164795 0.0 1504013993000892914
10.9851242121 4.11072507583 0.0 1504013993276002824
10.988719882 4.10676878578 0.0 1504013993336683279
10.9942870043 4.10081333773 0.0 1504013993427546541
11.0011684204 4.09357302702 0.0 1504013993528270843
11.0114118855 4.08274902143 0.0 1504013993689375384
11.0263947099 4.06715427933 0.0 1504013993921467630
11.0368418606 4.05646646257 0.0 1504013994082501403
11.0446909827 4.04840901734 0.0 1504013994193576235
11.0502714936 4.04237649337 0.0 1504013994294411465
11.0555951784 4.03644578588 0.0 1504013994385015879
11.0618442596 4.03030524835 0.0 1504013994475629250
11.0674896526 4.02451114339 0.0 1504013994566423965
11.0851141241 4.006847547 0.0 1504013994828216860
11.0950401505 3.99694863366 0.0 1504013994979348004
11.0971207683 3.99487923169 0.0 1504013995009548672
11.1033870767 3.98878906642 0.0 1504013995100123386
11.1095482722 3.98253914145 0.0 1504013995190756887
11.130280181 3.9623548416 0.0 1504013995503354085
11.1387943755 3.95377355064 0.0 1504013995635392420
11.1450235126 3.94782083258 0.0 1504013995736188833
11.1500083031 3.9428552918 0.0 1504013995816912936
11.1544245077 3.93890857459 0.0 1504013995878010287
11.1587257561 3.93485166088 0.0 1504013995939431704
11.1668455293 3.9268829051 0.0 1504013996060401099
11.1723645514 3.92178367614 0.0 1504013996140951847
11.1839267172 3.9110211968 0.0 1504013996304624169
11.1911840555 3.90438109267 0.0 1504013996405873895
11.2015153865 3.89407244915 0.0 1504013996569058920
11.2061725528 3.88978722152 0.0 1504013996640162333
11.2093503869 3.8869139541 0.0 1504013996690510504
11.2137493281 3.88273356746 0.0 1504013996760959831
11.2186508729 3.87816897882 0.0 1504013996846550146
11.2258629488 3.87126804313 0.0 1504013996978024315
11.2273882533 3.8678672115 0.0 1504013997089038082
11.2439413307 3.85352257587 0.0 1504013997320680488
11.2456624828 3.85197548728 0.0 1504013997340798654
11.2586058431 3.84060613365 0.0 1504013997501949437
11.2684108312 3.83234947894 0.0 1504013997622892910
11.2978042973 3.8078370801 0.0 1504013997985506483
11.3287319731 3.78351416926 0.0 1504013998398682519
11.3323352506 3.78068369395 0.0 1504013998449019475
11.3414005146 3.77345414781 0.0 1504013998580025636
11.3451220214 3.77053949676 0.0 1504013998640374536
11.3577071903 3.7602499631 0.0 1504013998821729162
11.365159711 3.75448954529 0.0 1504013998935197914
11.3938065933 3.73163720571 0.0 1504013999347985515
11.4079867241 3.72078810347 0.0 1504013999559351449
11.4265984561 3.70672823713 0.0 1504013999831466337
11.4492205534 3.68965785046 0.0 1504014000123621538
11.4653247896 3.67802697297 0.0 1504014000344987481
11.4743353108 3.67166594539 0.0 1504014000475795220
11.5039826709 3.65051276879 0.0 1504014000898624951
11.5345419478 3.62892613825 0.0 1504014001341399749
11.5425183467 3.6231413129 0.0 1504014001452041254
11.5599461555 3.61129175718 0.0 1504014001696279305
11.5668720886 3.60633384018 0.0 1504014001796943619
11.5916416326 3.59084434141 0.0 1504014002149285092
11.5977929613 3.58650083647 0.0 1504014002229748441
11.6093682594 3.57841085321 0.0 1504014002390761619
11.6149677178 3.57456018403 0.0 1504014002461189515
11.6202632982 3.57079541624 0.0 1504014002531649050
11.6292310452 3.5648459699 0.0 1504014002642338737
11.6481405445 3.55263965808 0.0 1504014002894835851
11.6532858715 3.54910985707 0.0 1504014002965683176
11.6532858715 3.54910985707 0.0 1504014002965683176
11.6573118596 3.5464580437 0.0 1504014003026072790
11.6732289804 3.53624734637 0.0 1504014003247484768
11.6925644306 3.52432371292 0.0 1504014003519427216
11.6991558867 3.52005480358 0.0 1504014003620120835
11.707958866 3.51476280321 0.0 1504014003740897907
11.7271483492 3.50314961665 0.0 1504014004003974390
11.7393744972 3.49568964483 0.0 1504014004165271063
11.7650320444 3.48094544913 0.0 1504014004507416863
11.7700275573 3.47783942746 0.0 1504014004578056107
11.7780265963 3.47340071617 0.0 1504014004688851580
11.785914347 3.46895259774 0.0 1504014004790208350
11.7964113597 3.46284344633 0.0 1504014004931172568
11.8222077976 3.44847723924 0.0 1504014005263476060
11.8325991467 3.44275042664 0.0 1504014005404754716
11.83790337 3.43977073591 0.0 1504014005475146687
11.8471268727 3.43491910111 0.0 1504014005595915501
11.852986005 3.43296584462 0.0 1504014005666548215
11.8698819162 3.4238590419 0.0 1504014005888757325
11.886172842 3.41520586902 0.0 1504014006100098586
11.8981231404 3.40844259688 0.0 1504014006203834944
11.901550882 3.40571929441 0.0 1504014006244090498
11.9060879232 3.40299125696 0.0 1504014006305554294
11.9138672289 3.3996842786 0.0 1504014006406235384
11.9232131147 3.39486261656 0.0 1504014006517056419
11.9484272866 3.38119804551 0.0 1504014006902074679
11.9531623611 3.37877244154 0.0 1504014006982605027
11.9662342089 3.37239079035 0.0 1504014007163917983
11.9682925128 3.37142298185 0.0 1504014007194119177
11.980162865 3.36696467317 0.0 1504014007347393600
11.980162865 3.36696467317 0.0 1504014007347393600
11.9888253535 3.36283732325 0.0 1504014007458173517
11.9979744312 3.35866323236 0.0 1504014007568868518
12.0081551791 3.3548976982 0.0 1504014007690341209
12.020187495 3.34926893101 0.0 1504014007841513427
12.0268758097 3.3462418076 0.0 1504014007932128242
12.0361703318 3.34220505399 0.0 1504014008042838220
12.0429620238 3.33917395001 0.0 1504014008123340962
12.0712232229 3.32653749644 0.0 1504014008456721377
12.0820316993 3.32209930642 0.0 1504014008587919234
12.1008086839 3.31433807458 0.0 1504014008819690719
12.1175521353 3.30703249596 0.0 1504014009020920341
12.1351415222 3.30003273639 0.0 1504014009252528085
12.1405338712 3.29786724263 0.0 1504014009323154955
12.1430492658 3.29686029368 0.0 1504014009353340180
12.150706498 3.29427036438 0.0 1504014009454486428
12.1597408462 3.29089198224 0.0 1504014009555022200
12.1692998356 3.28682806247 0.0 1504014009675746937
12.2046551268 3.27365917226 0.0 1504014010118561268
12.2252692033 3.26603529444 0.0 1504014010372584579
12.22913987 3.26458045856 0.0 1504014010422918741
12.2359249643 3.26204388073 0.0 1504014010503455364
12.242028086 3.2598783226 0.0 1504014010573880456
12.2770143716 3.24743919606 0.0 1504014010987619420
12.3015163027 3.23886620957 0.0 1504014011280831941
12.3135149495 3.23462350677 0.0 1504014011421771490
12.3150632677 3.23413115903 0.0 1504014011442509364
12.3262824406 3.23011624237 0.0 1504014011583362657
12.3286185529 3.2293155728 0.0 1504014011613559462
12.3372740685 3.22620845592 0.0 1504014011724290146
12.3610178645 3.21804525666 0.0 1504014012006405341
12.3821367664 3.21129280997 0.0 1504014012247923049
12.3963702945 3.20648065596 0.0 1504014012429051589
12.3996552649 3.20326006623 0.0 1504014012620320152
12.4174775284 3.19908043704 0.0 1504014012793034040
12.4241641635 3.19738248615 0.0 1504014012863469354
12.4356385391 3.19403125075 0.0 1504014012968826709
12.447795343 3.19068105131 0.0 1504014013079631045
12.4767456461 3.18249085322 0.0 1504014013341847602
12.4911824977 3.17734844527 0.0 1504014013462622494
12.4955239333 3.17545602966 0.0 1504014013502896683
12.5030473664 3.17305376572 0.0 1504014013575167909
12.5281135589 3.16682305097 0.0 1504014013867276473
12.543363252 3.16294470771 0.0 1504014014048446662
12.5480722425 3.16159491165 0.0 1504014014108848870
12.5535068103 3.16022055747 0.0 1504014014179306232
12.5575508608 3.15943421359 0.0 1504014014229650075
12.5667306591 3.15711702536 0.0 1504014014330321962
12.5820769591 3.15315947757 0.0 1504014014521922743
12.6062705059 3.1464066779 0.0 1504014014786249115
12.6246473372 3.1415881657 0.0 1504014015008896345
12.6376698318 3.13863266698 0.0 1504014015159812622
12.6550178574 3.13416269836 0.0 1504014015371123034
12.6714949628 3.13009671913 0.0 1504014015562284631
12.6770541288 3.12894917425 0.0 1504014015622759822
12.6851901164 3.12724725157 0.0 1504014015713349928
12.7444126588 3.11483153818 0.0 1504014016369006590
12.7697687767 3.11130777303 0.0 1504014016621298532
12.8048995336 3.10391227475 0.0 1504014017023797524
12.8334380324 3.09855463661 0.0 1504014017360435962
12.8438965577 3.0964309586 0.0 1504014017481424850
12.8476153897 3.09583502665 0.0 1504014017521691297
12.8600543399 3.09388747166 0.0 1504014017653674918
12.864254216 3.09312075214 0.0 1504014017696438330
12.8710915733 3.09185607759 0.0 1504014017767807527
12.8775843897 3.09076800897 0.0 1504014017838529293
12.8880796009 3.08873148558 0.0 1504014017954075475
12.9140026587 3.08622610554 0.0 1504014018247195181
12.9326001666 3.08232724244 0.0 1504014018438373932
12.9395011569 3.08132659762 0.0 1504014018498756880
12.9455029686 3.08042158106 0.0 1504014018559127082
12.960226357 3.077977026 0.0 1504014018700020693
12.9771301547 3.07549359669 0.0 1504014018881473411
13.0036198989 3.07144738616 0.0 1504014019143815306
13.018326828 3.06952566984 0.0 1504014019304917357
13.0289495737 3.06834710898 0.0 1504014019407758903
13.0390478193 3.06706131263 0.0 1504014019518444976
13.0712439065 3.06324451168 0.0 1504014019871685494
13.0892764966 3.06080202782 0.0 1504014020062869790
13.1253783753 3.05568192023 0.0 1504014020435337284
13.1359790421 3.05461163025 0.0 1504014020536019736
13.1643084441 3.05093716245 0.0 1504014020789273551
13.1850836802 3.04826910682 0.0 1504014020984672377
13.1949885451 3.04677235135 0.0 1504014021075464678
13.2058388322 3.04546075818 0.0 1504014021186868426
13.2398314594 3.04153406834 0.0 1504014021540030389
13.250468139 3.04042879073 0.0 1504014021660847554
13.2622728434 3.03922520345 0.0 1504014021792743135
13.2849167374 3.03688476401 0.0 1504014022035477825
13.289216218 3.03654092047 0.0 1504014022075725321
13.3116751618 3.03443897208 0.0 1504014022307561441
13.3357971191 3.03238379708 0.0 1504014022549067910
13.3489432852 3.03100298479 0.0 1504014022680931365
13.3546322254 3.03035484104 0.0 1504014022741268960
13.3733132762 3.029 0.0 1504014022932919824
13.3863866997 3.02820855096 0.0 1504014023063835110
13.3958032635 3.02738358357 0.0 1504014023164669141
13.408124505 3.02667401993 0.0 1504014023285633295
13.4162484846 3.02570735934 0.0 1504014023366170926
13.4442686219 3.02377956098 0.0 1504014023638598997
13.4796842674 3.02095598617 0.0 1504014023992736647
13.5130842721 3.01874936054 0.0 1504014024316123751
13.5361561386 3.01755911537 0.0 1504014024557846587
13.5407345252 3.01729485465 0.0 1504014024608153011
13.5509087235 3.01705703379 0.0 1504014024719254218
13.5810747233 3.01550875461 0.0 1504014025041715628
13.5873214067 3.01514791343 0.0 1504014025102231538
13.5927241034 3.01460807411 0.0 1504014025163789812
13.5946469814 3.01450446648 0.0 1504014025183947859
13.6013336199 3.01420237072 0.0 1504014025254348660
13.6089868512 3.01394043829 0.0 1504014025334863119
13.6197408268 3.01319009163 0.0 1504014025435804756
13.6401473911 3.01222175363 0.0 1504014025637160840
13.650505064 3.01150863054 0.0 1504014025737825664
13.6532734954 3.01127592396 0.0 1504014025768027510
13.6646855609 3.01090959936 0.0 1504014025888743490
13.6814986315 3.01033980651 0.0 1504014026049732114
13.6878214643 3.00997517978 0.0 1504014026110101744
13.6878214643 3.00997517978 0.0 1504014026110101744
13.6990364532 3.00962015421 0.0 1504014026220791495
13.7134995124 3.00871367331 0.0 1504014026352496296
13.7328056841 3.00839035672 0.0 1504014026543664465
13.7394865814 3.00801989959 0.0 1504014026604048111
13.7444457498 3.00767960346 0.0 1504014026655165504
13.7505132196 3.00750173561 0.0 1504014026725621372
13.7592983307 3.00746535251 0.0 1504014026826281341
13.7714423031 3.00685225496 0.0 1504014026957311386
13.7803463199 3.00662785956 0.0 1504014027067986815
13.7862865017 3.00675117747 0.0 1504014027128485848
13.8031306911 3.00597877236 0.0 1504014027299628439
13.8093690842 3.00582094289 0.0 1504014027370146057
13.8155596766 3.00589730147 0.0 1504014027441017798
13.8318006555 3.00511873634 0.0 1504014027612999618
13.8381045482 3.00500173549 0.0 1504014027683481177
13.8733837392 3.00409607473 0.0 1504014028047126449
13.9010684465 3.00305677225 0.0 1504014028329031098
13.9086716241 3.00272900196 0.0 1504014028399668496
13.9324914528 3.00209972428 0.0 1504014028643716136
13.9643590615 3.00110208162 0.0 1504014028945977743
13.9809707414 3.00115273305 0.0 1504014029137832886
13.9944812929 3.00107812305 0.0 1504014029268669745
14.0093875552 3.00049817593 0.0 1504014029429749101
14.0177622255 3.00057439169 0.0 1504014029520320846
14.0438673068 2.99990733378 0.0 1504014029783007797
14.0510018094 2.9999 0.0 1504014029843458890
14.0521273204 2.99987148544 0.0 1504014029853526921
14.0682859169 2.99915479097 0.0 1504014030014575993
14.0800397342 2.9989206601 0.0 1504014030135405808
14.0994851037 2.99822042561 0.0 1504014030317469911
14.1120514776 2.99790247537 0.0 1504014030441678908
14.1258848584 2.99729746598 0.0 1504014030584540229
14.1945824424 2.99464529263 0.0 1504014031259034692
14.216560568 2.99383308682 0.0 1504014031480410611
14.2404985555 2.99300929744 0.0 1504014031703039935
14.251222428 2.99264572673 0.0 1504014031813801820
14.2608869148 2.99243465958 0.0 1504014031904388634
14.3101836123 2.99107485403 0.0 1504014032378875738
14.3266370115 2.99072430953 0.0 1504014032539938176
14.3352348353 2.99034959856 0.0 1504014032620409925
14.3462693865 2.99007340023 0.0 1504014032741813460
14.3603462976 2.98998270795 0.0 1504014032872658671
14.3690510014 2.98951082603 0.0 1504014032963341291
14.4046268767 2.9887 0.0 1504014033306031424
14.4090032056 2.98866372166 0.0 1504014033346274726
14.4186854693 2.98833572653 0.0 1504014033436835554
14.4293346349 2.98779022354 0.0 1504014033537548110
14.4418076295 2.98744124777 0.0 1504014033658255054
14.4537016694 2.98731858748 0.0 1504014033768966156
14.4617525548 2.9872 0.0 1504014033849506276
14.4921150967 2.98632270531 0.0 1504014034132204217
14.5552858817 2.984 0.0 1504014034788376107
14.6157425084 2.98220271537 0.0 1504014035425029675
14.643209615 2.9812 0.0 1504014035696890642
14.6567180162 2.98064573411 0.0 1504014035827964748
14.6651447044 2.9800815127 0.0 1504014035898505130
14.6801922283 2.97952229735 0.0 1504014036049473977
14.7092296478 2.97831567841 0.0 1504014036321275310
14.7121001453 2.97821863914 0.0 1504014036351491673
14.7305451935 2.97668380456 0.0 1504014036555111650
14.7354816136 2.9764592547 0.0 1504014036608509374
14.7425995152 2.97627449903 0.0 1504014036689044294
14.7519394443 2.97553482052 0.0 1504014036789969483
14.7733697166 2.97351399485 0.0 1504014036931233654
14.779828459 2.9729278215 0.0 1504014037011752254
14.791445395 2.97220052893 0.0 1504014037187558236
14.8058865739 2.97215738926 0.0 1504014037359901759
14.8153379689 2.972 0.0 1504014037460528460
14.8545629383 2.97012185308 0.0 1504014037863834702
14.8794041681 2.96892594419 0.0 1504014038075340559
14.9080497904 2.96622337695 0.0 1504014038388260004
14.9158420627 2.9664 0.0 1504014038468765916
14.9241081943 2.96585261983 0.0 1504014038559315787
14.9306231161 2.96543768839 0.0 1504014038634438258
14.9378745156 2.9652 0.0 1504014038714922263
14.9441937179 2.9652 0.0 1504014038786646047
14.9538987142 2.96477704176 0.0 1504014038877297670
14.961587562 2.96414622173 0.0 1504014038958028915
14.991063535 2.96251174291 0.0 1504014039251520443
15.0213497507 2.96104446291 0.0 1504014039544280799
15.0429623916 2.96070185957 0.0 1504014039746300628
15.0789749049 2.95914270255 0.0 1504014040090627485
15.0845156862 2.95859464556 0.0 1504014040150940751
15.112406249 2.9573 0.0 1504014040433920459
15.1346648914 2.95606685785 0.0 1504014040666131392
15.15000846 2.9554402478 0.0 1504014040817396717
15.1694441978 2.95398374571 0.0 1504014041010562629
15.1864739688 2.95360905525 0.0 1504014041121214053
15.1965600907 2.95263497731 0.0 1504014041242059156
15.2112930836 2.95196283488 0.0 1504014041403336453
15.2371548818 2.95 0.0 1504014041705875243
15.2629887883 2.94837943916 0.0 1504014041969872342
15.2763585744 2.94817335493 0.0 1504014042100693101
15.3059796528 2.94672601736 0.0 1504014042382957169
15.3115928141 2.94631563667 0.0 1504014042443324552
15.3261662138 2.94501346618 0.0 1504014042594216211
15.3510674551 2.94423574407 0.0 1504014042846467648
15.3618189715 2.94384430408 0.0 1504014042957316871
15.36910413 2.94365218062 0.0 1504014043027752013
15.3756709379 2.94300958329 0.0 1504014043088892523
15.3862928084 2.94217525684 0.0 1504014043199830162
15.3939088262 2.9421 0.0 1504014043280332561
15.4080949292 2.94101411398 0.0 1504014043401265908
15.4161100271 2.94020140256 0.0 1504014043491893676
15.4240063221 2.94019445891 0.0 1504014043582433151
15.4378262782 2.93931005298 0.0 1504014043703890793
15.4485851695 2.93833911686 0.0 1504014043814882812
15.4598983172 2.9385 0.0 1504014043935618197
15.4832861723 2.93698492912 0.0 1504014044177383159
15.4898367978 2.93691437615 0.0 1504014044237795504
15.4960148001 2.93647945161 0.0 1504014044298141472
15.4989586012 2.93614610725 0.0 1504014044328341224
15.5098261747 2.93564863287 0.0 1504014044452970358
15.5186985311 2.93554159659 0.0 1504014044533540949
15.5262641793 2.93465190085 0.0 1504014044607790906
15.5541383894 2.9324885307 0.0 1504014044889580220
15.5623883386 2.93193319164 0.0 1504014044970407711
15.5806458081 2.93074307999 0.0 1504014045161739060
15.5905958952 2.93002649868 0.0 1504014045262564394
15.5958868109 2.92991855315 0.0 1504014045312981578
15.6055620288 2.92945210951 0.0 1504014045413885687
15.6186082281 2.9284995886 0.0 1504014045545408817
15.665474744 2.9259686701 0.0 1504014046009203820
15.6741792875 2.92550040613 0.0 1504014046104162951
15.6844048155 2.92485475923 0.0 1504014046214875509
15.7145700978 2.92340984222 0.0 1504014046517032545
15.7244173303 2.92287449074 0.0 1504014046607525764
15.7328647037 2.92226027019 0.0 1504014046698103394
15.7461806814 2.92208537131 0.0 1504014046819050542
15.7551036427 2.92157984388 0.0 1504014046909724682
15.7705858642 2.92070658879 0.0 1504014047062043634
15.7768797123 2.92050699326 0.0 1504014047122438306
15.7934822994 2.9194678467 0.0 1504014047296020122
15.80516323 2.9191656793 0.0 1504014047406728254
15.8113423443 2.91899209198 0.0 1504014047467137342
15.8460870842 2.91735651228 0.0 1504014047819732052
15.856748931 2.91687255345 0.0 1504014047930458416
15.8690669791 2.91685436952 0.0 1504014048051324974
15.8888916546 2.91563187177 0.0 1504014048252632026
15.944007263 2.91645163863 0.0 1504014048776917623
15.9645177121 2.9143 0.0 1504014049028652704
15.9746538225 2.91316239667 0.0 1504014049139346330
15.9876044999 2.91228847888 0.0 1504014049286157092
16.049358957 2.90885783572 0.0 1504014049871283564
16.061531567 2.90831780722 0.0 1504014049992187092
16.0745561861 2.9078382712 0.0 1504014050113250279
16.0834351721 2.90735540233 0.0 1504014050201849931
16.1005380282 2.90641247485 0.0 1504014050362935871
16.1045107783 2.90621131636 0.0 1504014050403166111
16.1392922764 2.90420038618 0.0 1504014050745239733
16.1493912077 2.90354145803 0.0 1504014050846694688
16.1629200009 2.90363666663 0.0 1504014051017780789
16.1679429063 2.90342318904 0.0 1504014051181191607
16.1809466055 2.90300590465 0.0 1504014051301926447
16.1953473777 2.90249609153 0.0 1504014051413232950
16.2093422718 2.9026463673 0.0 1504014051506690921
16.2304766585 2.89961189412 0.0 1504014051619558213
16.2534006229 2.89751804969 0.0 1504014051790767205
16.2784250442 2.89575396264 0.0 1504014052013122620
16.28689078 2.89505946984 0.0 1504014052094015764
16.3126642018 2.89348357982 0.0 1504014052375612284
16.3223763192 2.8929 0.0 1504014052486824898
16.3449310805 2.8912912613 0.0 1504014052749312869
16.3508840478 2.89091349701 0.0 1504014052819850725
16.3616182046 2.89029368104 0.0 1504014052930675293
16.3724578454 2.88888831818 0.0 1504014053051557744
16.3842697105 2.8880820193 0.0 1504014053172751717
16.3953792791 2.88686006008 0.0 1504014053283586637
16.414242871 2.885732718 0.0 1504014053464808970
16.4219458454 2.88448793954 0.0 1504014053535272683
16.4397440894 2.88322618778 0.0 1504014053706758688
16.4762379118 2.88036698794 0.0 1504014054070921272
16.4917916253 2.87860541874 0.0 1504014054221886898
16.5246770831 2.87595705647 0.0 1504014054546277368
16.5766119305 2.87240682765 0.0 1504014055052953545
16.6120144585 2.86945927707 0.0 1504014055395239455
16.6742508087 2.86473097871 0.0 1504014056060494708
16.6808666416 2.8644063504 0.0 1504014056120974404
16.6906737889 2.86341441207 0.0 1504014056221681136
16.7159605403 2.86154487436 0.0 1504014056477115180
16.7208620351 2.86108078343 0.0 1504014056528092439
16.7510961358 2.85903100655 0.0 1504014056842352878
16.7713148999 2.85779369124 0.0 1504014057044004856
16.7851575604 2.85686048783 0.0 1504014057186240875
16.7894692615 2.8568 0.0 1504014057256704727
16.8391586728 2.85426434853 0.0 1504014057754994282
16.8486076828 2.85373967695 0.0 1504014057845594359
16.8650619967 2.85274110224 0.0 1504014057997727615
16.8734952495 2.85227523752 0.0 1504014058088302513
16.878468327 2.8518531673 0.0 1504014058138629145
16.8989454431 2.85016060759 0.0 1504014058339896392
16.9039727483 2.84991709007 0.0 1504014058400243898
16.9077338752 2.84967397456 0.0 1504014058440494070
16.919688517 2.84886630917 0.0 1504014058561230451
16.93560519 2.84758998774 0.0 1504014058722332555
16.9445688135 2.84683449859 0.0 1504014058819562495
16.9631830195 2.84551870522 0.0 1504014059000790819
16.989373156 2.84399848158 0.0 1504014059272841139
17.0077536191 2.84294981598 0.0 1504014059454053564
17.0186732992 2.84232410388 0.0 1504014059565789259
17.0484059313 2.84092183284 0.0 1504014059869008844
17.0668181322 2.84017409339 0.0 1504014060050531033
17.0737209279 2.83983175764 0.0 1504014060120924555
17.0880108998 2.83901927334 0.0 1504014060262010104
17.0910129666 2.83895401752 0.0 1504014060292216355
17.1035717077 2.83846777617 0.0 1504014060424595199
17.120436302 2.83784340474 0.0 1504014060596480954
17.1317465708 2.83727767146 0.0 1504014060707195455
17.140987423 2.83682480211 0.0 1504014060797728946
17.1429209579 2.8367277479 0.0 1504014060817844912
17.1615848833 2.83583552529 0.0 1504014061006829922
17.1691841026 2.83538724902 0.0 1504014061087361458
17.1746561227 2.83514975509 0.0 1504014061149151179
17.1818364138 2.83500425139 0.0 1504014061221352527
17.189543475 2.83491282625 0.0 1504014061301912333
17.1985190146 2.83430008351 0.0 1504014061392494115
17.2095739907 2.83357426306 0.0 1504014061503454987
17.2221713017 2.83296866769 0.0 1504014061625851074
17.2286388298 2.83298507509 0.0 1504014061697018619
17.2596678494 2.83147318946 0.0 1504014061989294091
17.2904224979 2.83058189811 0.0 1504014062293873431
17.303973013 2.8299472564 0.0 1504014062415431546
17.312938431 2.82973769187 0.0 1504014062506091606
17.3284256747 2.82941756761 0.0 1504014062656993892
17.357075413 2.82897413154 0.0 1504014062928876989
17.3817464912 2.82828237125 0.0 1504014063180626964
17.396538675 2.82762306625 0.0 1504014063321570985
17.4106476316 2.82663628856 0.0 1504014063463981028
17.4196927784 2.82624536108 0.0 1504014063554602580
17.4285992324 2.82572634272 0.0 1504014063645503426
17.4381578318 2.82568511188 0.0 1504014063736257738
17.4538971213 2.82523546346 0.0 1504014063887524729
17.4885309614 2.82352691278 0.0 1504014064120004223
17.5094006832 2.82235279796 0.0 1504014064230791917
17.5858764925 2.8192009403 0.0 1504014064735842150
17.590477442 2.81894019677 0.0 1504014064797060451
17.5953507563 2.8187 0.0 1504014064907803514
17.5953954112 2.81873908224 0.0 1504014065101096195
17.5937492211 2.81877635678 0.0 1504014065172145363
17.5884715275 2.8193 0.0 1504014065393549469
17.5867363438 2.8194 0.0 1504014065760036061
17.586651259 2.81930251795 0.0 1504014065811393106
17.5865064964 2.8192935036 0.0 1504014065902013008
17.5865 2.8193 0.0 1504014066012733050
17.5866 2.8194 0.0 1504014066174462237
17.5865 2.8194 0.0 1504014066365812335
17.5866 2.81955215787 0.0 1504014066476647411
17.5866 2.8195 0.0 1504014066627619468
17.5866 2.81959114629 0.0 1504014066738410438
17.5867 2.8196 0.0 1504014066859475303
17.5867 2.81943352869 0.0 1504014067124182351
17.5868 2.8195 0.0 1504014067234956281
17.5868 2.8195 0.0 1504014067315505258
17.5868 2.8195 0.0 1504014067416150393
17.5866 2.81952454482 0.0 1504014067748732882
17.5867 2.8195 0.0 1504014067909768953
17.5867 2.81959186165 0.0 1504014068000413294
17.5865 2.8195 0.0 1504014068171621196
17.5865832682 2.8195 0.0 1504014068413516167
17.5865 2.8194 0.0 1504014068729624218
17.5865 2.81951748201 0.0 1504014068972473108
17.5866 2.81957107595 0.0 1504014069125092296
17.5866 2.8196 0.0 1504014069175741314
17.5865464151 2.8196 0.0 1504014069296562110
17.5864 2.8194617812 0.0 1504014069407369454
17.5865 2.81942290666 0.0 1504014069578740416
17.5865 2.8195 0.0 1504014069669479735
17.5865206767 2.8194 0.0 1504014069760326016
17.5865 2.8196 0.0 1504014070084312675
17.5866195188 2.8194390377 0.0 1504014070629686705
17.5867 2.8194 0.0 1504014070780711936
17.5867 2.8194 0.0 1504014070942986242
17.5867 2.8194 0.0 1504014071003384637
17.5865497968 2.81939959361 0.0 1504014071216221553
17.5865 2.81954241752 0.0 1504014071339845409
17.5866 2.8195 0.0 1504014071541650409
17.58649834 2.8193 0.0 1504014071904140999
17.586412346 2.8193 0.0 1504014071954450711
17.5864 2.81935650453 0.0 1504014072115897070
17.5864 2.8194 0.0 1504014072186387251
17.5864 2.81940888934 0.0 1504014072417867565
17.5864 2.8195 0.0 1504014072480781080
17.5864 2.8195 0.0 1504014072541432889
17.5865 2.8195 0.0 1504014072682592582
17.5865 2.8195 0.0 1504014072743008868
17.5866679147 2.8196 0.0 1504014072965860725
17.5866473804 2.81949476086 0.0 1504014073016428470
17.5865334875 2.8194 0.0 1504014073511101630
17.5865317585 2.81943175852 0.0 1504014073601740497
17.5866 2.8195 0.0 1504014073873885293
17.5866 2.8195 0.0 1504014073987016069
17.5866251289 2.8195 0.0 1504014074087626700
17.5864397981 2.8193602019 0.0 1504014074269294337
17.5865 2.8194 0.0 1504014074410256859
17.5866 2.8194 0.0 1504014074513934089
17.5866 2.8194 0.0 1504014074594768533
17.5865 2.8194 0.0 1504014074766140132
17.5865 2.81957461094 0.0 1504014074917721842
17.5865898572 2.8195 0.0 1504014075018362588
17.5866291799 2.81952917994 0.0 1504014075219681150
17.5867 2.8194 0.0 1504014075502550664
17.5867338106 2.8194 0.0 1504014075583128339
17.5868 2.8194 0.0 1504014075663645693
17.5868 2.8195 0.0 1504014075794620903
17.5866309075 2.81941545376 0.0 1504014075915444963
17.5866 2.8194 0.0 1504014075986023513
17.5867 2.8195 0.0 1504014076368724987
17.5865513685 2.81945136854 0.0 1504014076611595807
17.5866 2.81938409002 0.0 1504014076752518869
17.5866 2.8194 0.0 1504014076803111919
17.5866370124 2.8194 0.0 1504014077024554789
17.5865 2.81945445259 0.0 1504014077217456954
17.5866 2.8195 0.0 1504014077519400937
17.5866006431 2.8194 0.0 1504014077963323841
17.5865840188 2.8194 0.0 1504014078074018383
17.5866 2.8194 0.0 1504014078134382868
17.5866 2.8194 0.0 1504014078225072768
17.5865100913 2.8194 0.0 1504014078315692290
17.5865 2.81945677827 0.0 1504014078416383177
17.5866246394 2.81952463936 0.0 1504014078818979273
17.5866 2.8193 0.0 1504014079223560399
17.5866 2.81939482434 0.0 1504014079344434703
17.5866720079 2.8194 0.0 1504014079447589892
17.5865 2.8194 0.0 1504014079548281709
17.5865927556 2.81949275562 0.0 1504014079639112313
17.5866 2.8195 0.0 1504014079873157816
17.5866 2.8194 0.0 1504014079983874619
17.5865545392 2.81945453923 0.0 1504014080094619062
17.5867 2.8194 0.0 1504014080567794802
17.5867 2.8194 0.0 1504014080658380320
17.5865 2.8196 0.0 1504014080960369625
17.5866 2.8195 0.0 1504014081181880307
17.5866968086 2.8195 0.0 1504014081262752246
17.5865 2.81945607382 0.0 1504014081394517643
17.5864977794 2.8193 0.0 1504014081505767264
17.5864 2.8193 0.0 1504014081596850134
17.5865 2.81937434932 0.0 1504014081727694121
17.5865 2.8194 0.0 1504014081858555706
17.5865 2.8194 0.0 1504014081918913182
17.5865 2.81947704514 0.0 1504014082030018711
17.5866 2.8194109382 0.0 1504014082337367160
17.5867 2.8195 0.0 1504014082519448223
17.5867 2.8195 0.0 1504014082539549210
17.5867 2.81940477942 0.0 1504014082641182065
17.5868 2.8194 0.0 1504014082883230396
17.5867 2.8194 0.0 1504014083136074947
17.5867 2.8195 0.0 1504014083327379290
17.5867 2.8195 0.0 1504014083478392519
17.5867 2.8195 0.0 1504014083659616208
17.5866 2.81945505568 0.0 1504014083750181544
17.5866 2.81930016495 0.0 1504014083843358152
17.5865002807 2.8193 0.0 1504014083964334736
17.5865 2.8193 0.0 1504014084075993764
17.5865 2.81949952907 0.0 1504014084441691232
17.5866944686 2.8194 0.0 1504014085108495944
17.5866 2.8194 0.0 1504014085189032298
17.5866 2.8194 0.0 1504014085279622039
17.5866 2.8194 0.0 1504014085370261111
17.5865 2.8194 0.0 1504014085581647993
17.5865532806 2.8196 0.0 1504014085672254423
17.5865786844 2.8196 0.0 1504014085813164891
17.5866 2.8196 0.0 1504014085903824323
17.5867 2.8196 0.0 1504014086065028826
17.586555892 2.81944410797 0.0 1504014086276270256
17.5865 2.81952704583 0.0 1504014086559491627
17.5865699569 2.8195 0.0 1504014086680340862
17.5865 2.8198 0.0 1504014086890822887
17.5865 2.8197015245 0.0 1504014086963135665
17.5866 2.8197 0.0 1504014087104870835
17.5866842868 2.8197 0.0 1504014087195431268
17.5867 2.81983037138 0.0 1504014087245751787
17.5867 2.8199 0.0 1504014087286013927
17.5867545768 2.8199 0.0 1504014087356481437
17.5867113885 2.81972277697 0.0 1504014087437024546
17.5867264835 2.8196 0.0 1504014087547796918
17.5866 2.8196 0.0 1504014087648610888
17.5867 2.8196 0.0 1504014087799622369
17.5866 2.8196 0.0 1504014087980689606
17.5867349659 2.81963496594 0.0 1504014088424312540
17.5866 2.8194 0.0 1504014088871786448
17.5866 2.8196 0.0 1504014089275776342
17.5867 2.8196 0.0 1504014089600624628
17.5867180786 2.8196 0.0 1504014089731589393
17.5867333596 2.8195 0.0 1504014089862644812
17.5866317869 2.8195 0.0 1504014089953281590
17.5866505313 2.81955053129 0.0 1504014090175181244
17.5867 2.81954728043 0.0 1504014090235563489
17.5866 2.81957348018 0.0 1504014090429633666
17.5866 2.8196 0.0 1504014090469893079
17.5866 2.8195 0.0 1504014090600680786
17.5867 2.81954919051 0.0 1504014090712717525
17.5868 2.8197 0.0 1504014090883843275
17.5868 2.8197 0.0 1504014090964349573
17.5867691138 2.81943088619 0.0 1504014091085143692
17.5866 2.8194 0.0 1504014091216127332
17.5866 2.8194 0.0 1504014091276520222
17.5866 2.81948979833 0.0 1504014091336911662
17.5866293339 2.8197 0.0 1504014091843328113
17.5867 2.81961765316 0.0 1504014091933941020
17.5867954799 2.81969547988 0.0 1504014092064830853
17.5868 2.8197 0.0 1504014092145281747
17.5867526596 2.81954734045 0.0 1504014092276136060
17.5866598079 2.8195 0.0 1504014092386858110
17.5866 2.81952587383 0.0 1504014092497556110
17.5866423445 2.8196 0.0 1504014092568001801
17.5866 2.81966600342 0.0 1504014092820617298
17.586613778 2.8197 0.0 1504014093032327111
17.5867 2.8196 0.0 1504014093156656909
17.5867 2.8197 0.0 1504014093307677833
17.5867568083 2.81954319168 0.0 1504014093478882763
17.5867079289 2.8195 0.0 1504014093559524017
17.5867 2.8195 0.0 1504014093619867006
17.5867980232 2.8196 0.0 1504014093861419169
17.5866 2.8195 0.0 1504014093962146595
17.5866816287 2.81971837135 0.0 1504014094052946997
17.5867 2.8197 0.0 1504014094315914280
17.5868 2.8199 0.0 1504014094528828522
17.5867024389 2.81960731664 0.0 1504014094639555676
17.5867 2.8195 0.0 1504014094871119678
17.5867 2.81969929334 0.0 1504014094946004686
17.5867 2.8197 0.0 1504014094976202335
17.5866 2.81963059267 0.0 1504014095167511026
17.5866 2.81967106671 0.0 1504014095227913939
17.5866 2.81977429569 0.0 1504014095288355049
17.5866968445 2.8198 0.0 1504014095480890726
17.5867 2.81963662504 0.0 1504014095531251990
17.5867 2.8196 0.0 1504014095602460460
17.5867903516 2.8196 0.0 1504014095775098778
17.5867080546 2.81950805463 0.0 1504014095836137684
17.5867776325 2.8195 0.0 1504014095916759729
17.586658981 2.81955898099 0.0 1504014096118003717
17.5867 2.81966980688 0.0 1504014096218700213
17.5866435784 2.81964357839 0.0 1504014096410009986
17.5867 2.8197 0.0 1504014096500647513
17.5867 2.8197 0.0 1504014096622243963
17.5867985137 2.8197 0.0 1504014096682616773
17.5868786112 2.81975722242 0.0 1504014096853817373
17.5868689353 2.8199 0.0 1504014096964568545
17.5868 2.81951613719 0.0 1504014097096042263
17.5867 2.8195 0.0 1504014097166519736
17.5865363785 2.81957275691 0.0 1504014097498682294
17.5865 2.8195 0.0 1504014097538971683
17.5865992671 2.8195 0.0 1504014097639630030
17.5866334989 2.81976650111 0.0 1504014097740595757
17.5866004263 2.81970042626 0.0 1504014097881986724
17.5865166941 2.81958330591 0.0 1504014097952648438
17.5866 2.8196 0.0 1504014098194127313
17.5866135733 2.81951357335 0.0 1504014098355885740
17.5865706444 2.8195 0.0 1504014098466641056
17.5866 2.81969178669 0.0 1504014098607645104
17.5867 2.8197 0.0 1504014098900176504
17.5868 2.8197 0.0 1504014099202983614
17.5869 2.8196 0.0 1504014099495325973
17.5867 2.8196 0.0 1504014099575834226
17.5867 2.81960667694 0.0 1504014099686557172
17.5867 2.8197 0.0 1504014099797626834
17.5867 2.81951390625 0.0 1504014099978954213
17.5868 2.81979606672 0.0 1504014100100525147
17.5866 2.8197 0.0 1504014100311978232
17.5867 2.8198 0.0 1504014100517637401
17.5867709994 2.81957099937 0.0 1504014100658579602
17.5866014702 2.8195 0.0 1504014100759227154
17.5866 2.8195 0.0 1504014100871255780
17.586695842 2.81969168396 0.0 1504014100941760101
17.5867 2.8197 0.0 1504014100992091129
17.5867 2.8195 0.0 1504014101163272231
17.5868 2.8197 0.0 1504014101294132715
17.5867 2.8196 0.0 1504014101596196885
17.5868 2.8197 0.0 1504014101767265373
17.5868 2.8196 0.0 1504014101869154031
17.586696415 2.8196 0.0 1504014102141570100
17.5867 2.8196 0.0 1504014102202143161
17.5867 2.8196 0.0 1504014102292959070
17.5866758004 2.8197 0.0 1504014102454009714
17.5866 2.8197 0.0 1504014102596778756
17.5866 2.8197 0.0 1504014102677307364
17.5866927464 2.81969274643 0.0 1504014102798178293
17.5867 2.8197 0.0 1504014102838452227
17.5867406963 2.81964069632 0.0 1504014103019641987
17.586630256 2.81951512801 0.0 1504014103156135314
17.5866706205 2.819641241 0.0 1504014103327617995
17.5866206793 2.81962067929 0.0 1504014103509869692
17.5866 2.8198 0.0 1504014103652874441
17.5866 2.81971179336 0.0 1504014103753505473
17.5866 2.8197 0.0 1504014103844081307
17.5867110505 2.8196 0.0 1504014104248124363
17.5866108276 2.8196 0.0 1504014104358867195
END

