4.0049 12.9243127755 178.24863403 1504013830.22
4.00463947289 12.9231394729 178.274083981 1504013830.31
4.0045 12.9230999088 178.270088377 1504013830.41
4.00451495179 12.9231 178.269231702 1504013830.52
4.0044 12.9235457265 178.270088377 1504013830.68
4.00440894255 12.9234970191 178.269576006 1504013830.71
4.00460802206 12.9234 178.258169591 1504013830.82
4.00477643835 12.9238235616 178.28019755 1504013830.91
4.00463371117 12.9238887629 178.268156869 1504013831.01
4.00497300728 12.9241904891 178.274271386 1504013831.23
4.00509793891 12.9243319593 178.269970285 1504013831.47
4.00521587826 12.9247841217 178.270998134 1504013831.81
4.00500515287 12.9246154586 178.258924459 1504013831.91
4.00542576373 12.9248 178.245693912 1504013832.25
4.00564721705 12.9252648114 178.267064137 1504013832.98
4.00569736234 12.9252982416 178.26993725 1504013832.99
4.00549740509 12.9253461076 178.255690093 1504013833.08
4.00562424238 12.9251621212 178.240051501 1504013833.19
4.00573025529 12.9254697447 178.260362722 1504013833.33
4.00564757599 12.9252 178.244444162 1504013833.51
4.00580488952 12.925590221 178.25890937 1504013833.65
4.00580488952 12.925590221 178.25890937 1504013833.65
4.0057187584 12.9253562752 178.24931962 1504013833.7
4.00572370397 12.9254 178.245811928 1504013834.62
4.0057742639 12.9254 178.242915057 1504013834.71
4.00588169906 12.9255211327 178.257580654 1504013834.77
4.0056023718 12.9255 178.241304593 1504013835.0
4.00557011442 12.9255 178.243152805 1504013835.01
4.00562381326 12.9255 178.245805666 1504013835.22
4.00562381326 12.9255 178.245805666 1504013835.22
4.00574758692 12.9258048262 178.261355751 1504013835.42
4.0057515525 12.9254 178.238486746 1504013835.58
4.00588288025 12.9255885868 178.26337791 1504013835.68
4.00588288025 12.9255885868 178.26337791 1504013835.68
4.00588288025 12.9255885868 178.26337791 1504013835.68
4.00590142464 12.9257985754 178.252981269 1504013836.05
4.00581792209 12.9255537663 178.248196926 1504013836.1
4.00577283095 12.9255 178.248726737 1504013836.21
4.00596290356 12.9257741929 178.26223333 1504013836.31
4.00572418369 12.9255483674 178.248555689 1504013836.4
4.00589575587 12.9254014147 178.235873023 1504013836.77
4.00572089153 12.9255417831 178.248367062 1504013837.6
4.00582611486 12.9255 178.24355714 1504013837.69
4.00576091055 12.9257436422 178.2541499 1504013837.87
4.00588340545 12.9255 178.236661707 1504013837.96
4.00582332376 12.9255 178.238639726 1504013837.98
4.00589181977 12.9257163605 178.263890106 1504013838.09
4.00574104152 12.9256641661 178.251873077 1504013838.19
4.00577988044 12.9255532536 178.251746877 1504013838.34
4.00577286535 12.9256 178.245082627 1504013838.61
4.00577286535 12.9256 178.245082627 1504013838.61
4.00572821233 12.925684637 178.250402961 1504013838.79
4.00583214566 12.9258678543 178.260471032 1504013839.03
4.00576532922 12.9257959877 178.254656243 1504013839.37
4.00572227234 12.9255 178.245893954 1504013839.52
4.00591057083 12.9258788583 178.254110971 1504013839.64
4.00585585684 12.9256 178.243969704 1504013839.74
4.00576283656 12.925641891 178.255299823 1504013839.84
4.00578999724 12.925959989 178.25748299 1504013839.96
4.00579226699 12.9256 178.236597047 1504013840.07
4.00589638405 12.9257975894 178.264151621 1504013840.19
4.00577823509 12.9258347053 178.256135146 1504013840.56
4.00588703013 12.9256 178.236454028 1504013840.66
4.00596439524 12.9257762635 178.262318796 1504013840.78
4.00582193011 12.9256657903 178.248426568 1504013840.89
4.00589585736 12.9256 178.241677843 1504013840.97
4.00588412742 12.9257227516 178.257719789 1504013841.07
4.00577692914 12.9256 178.238354635 1504013841.26
4.00579489775 12.9256 178.236295584 1504013841.27
4.00569662064 12.9257932413 178.25270602 1504013841.48
4.0057846938 12.9257693876 178.252022663 1504013841.78
4.00588934596 12.9256 178.236321341 1504013841.86
4.00598338563 12.9257833856 178.262930899 1504013841.98
4.00584856933 12.925845708 178.249952883 1504013842.08
4.00599227705 12.925807723 178.264137553 1504013842.59
4.00574559094 12.9257367728 178.252394402 1504013842.98
4.00581821482 12.9256 178.240396855 1504013843.04
4.00583280944 12.9257328094 178.258584196 1504013843.17
4.00579379213 12.9258813764 178.257917851 1504013843.25
4.00574357354 12.9256 178.250403063 1504013843.4
4.00589761497 12.925797615 178.264222147 1504013843.49
4.00585036716 12.9258992657 178.261515047 1504013843.52
4.00566647471 12.9256 178.243361345 1504013843.63
4.00588300981 12.9257830098 178.263385333 1504013844.08
4.00568314953 12.9257 178.242405948 1504013844.23
4.00560041552 12.9257006233 178.247193873 1504013844.51
4.00568160669 12.9257 178.242494346 1504013844.56
4.00570884559 12.9259823088 178.259136036 1504013844.74
4.00562390167 12.925771705 178.249908994 1504013844.79
4.00577509834 12.9256124508 178.237137669 1504013844.86
4.00578646017 12.9257243068 178.257853446 1504013844.96
4.00561799998 12.925754 178.249232712 1504013845.1
4.00578935181 12.9256 178.236321006 1504013845.17
4.00582398023 12.9257493202 178.260003187 1504013845.27
4.00575455079 12.9258318262 178.256025173 1504013845.36
4.00587997198 12.9256 178.236475923 1504013845.46
4.00584685971 12.9257202896 178.259791728 1504013845.57
4.00572089552 12.9256626866 178.24836729 1504013845.69
4.00560177002 12.9256 178.247119358 1504013845.83
4.0058138954 12.9258861046 178.259425369 1504013845.94
4.0057126605 12.9256126605 178.253625036 1504013846.15
4.00571491857 12.9256 178.240585716 1504013846.34
4.00579235953 12.9256 178.236148676 1504013846.37
4.00566686072 12.9257 178.244616174 1504013846.62
4.00562720538 12.9256090685 178.246130896 1504013846.72
4.00562720538 12.9256090685 178.246130896 1504013846.72
4.00581572333 12.9257438156 178.259530102 1504013846.77
4.00571292738 12.9257 178.246429381 1504013846.91
4.00561600024 12.9257 178.246711692 1504013847.02
4.00588702656 12.9259259469 178.263615476 1504013847.09
4.00576843558 12.9260053067 178.255012205 1504013847.17
4.00560564906 12.9258 178.247170065 1504013847.27
4.00580489923 12.9259365995 178.264639504 1504013847.37
4.00563179211 12.9257635842 178.248991619 1504013847.5
4.00578596838 12.9257 178.241842463 1504013847.57
4.00583004753 12.9260399049 178.260350818 1504013847.73
4.00576126883 12.9259838065 178.256410088 1504013847.77
4.0057209553 12.9257209553 178.245969415 1504013847.92
4.00551853592 12.9242482874 178.283560006 1504013847.99
4.0048494079 12.9238494079 178.270088377 1504013848.08
4.0049 12.9239 178.270088377 1504013848.21
4.00503068886 12.9243537926 178.276252552 1504013848.57
4.00491301466 12.924680478 178.270834062 1504013848.64
4.00503579565 12.9245905304 178.266409738 1504013848.85
4.0051252836 12.9249241492 178.267256087 1504013848.94
4.00510950615 12.9249714816 178.265448123 1504013848.95
4.00509291365 12.9249 178.259035239 1504013849.04
4.00529077814 12.9249605188 178.263830425 1504013849.15
4.005250583 12.925349417 178.266290927 1504013849.24
4.00528154423 12.9252 178.252899643 1504013849.38
4.00546462311 12.9253764154 178.26806143 1504013849.48
4.00540943929 12.9256716821 178.264899631 1504013849.54
4.00530576998 12.92530577 178.252569047 1504013849.72
4.00553544126 12.9255354413 178.266389434 1504013849.77
4.00550519031 12.9257896194 178.259223987 1504013849.84
4.00549860837 12.9255 178.241599956 1504013849.97
4.00561796263 12.9258640747 178.260687587 1504013850.14
4.00552179276 12.9256 178.25165101 1504013850.22
4.00561098157 12.9256739877 178.259258419 1504013850.35
4.00552544917 12.9258508983 178.254357773 1504013850.49
4.0056 12.9258 178.250415049 1504013850.84
4.00571509628 12.9261698074 178.259494174 1504013851.04
4.00566390955 12.9261278191 178.256561391 1504013851.06
4.00567521545 12.9258 178.242150512 1504013851.16
4.00562402831 12.9259720849 178.254276364 1504013851.39
4.00560663823 12.9259199147 178.253279986 1504013851.4
4.00579364435 12.9259 178.241804639 1504013851.46
4.00585753551 12.9259575355 178.260709245 1504013851.57
4.00573248017 12.9259974405 178.250892019 1504013851.69
4.0057 12.9259 178.252899643 1504013851.82
4.00583684097 12.926036841 178.260740053 1504013851.87
4.00566167168 12.9260233434 178.250703592 1504013851.99
4.00569812849 12.9259 178.241547717 1504013852.07
4.00576179141 12.9260078609 178.25644003 1504013852.16
4.00587298171 12.9260270183 178.262810765 1504013852.51
4.00576712211 12.9259 178.247170065 1504013852.65
4.00580518332 12.9259525917 178.256209906 1504013852.76
4.0057 12.9259 178.247170065 1504013852.95
4.00565102969 12.9261530891 178.253017637 1504013853.17
4.00561845381 12.9259738152 178.249284716 1504013853.5
4.00562938497 12.9259 178.24548643 1504013853.61
4.0058946022 12.9261053978 178.264049528 1504013853.69
4.00568678726 12.9259 178.244683793 1504013853.9
4.0048 12.9243 178.264358799 1504013854.48
4.0053 12.9248366476 178.260728972 1504013854.86
4.0053 12.9248 178.258629221 1504013854.97
4.005328774 12.9248 178.256980592 1504013855.11
4.00549163657 12.9251625452 178.269609187 1504013855.22
4.0053 12.9252 178.258629221 1504013855.32
4.0053 12.9253 178.251336469 1504013855.63
4.0053 12.9253 178.247669215 1504013855.68
4.00552485602 12.9254832373 178.256708363 1504013856.05
4.00564290487 12.9257141903 178.263545757 1504013856.12
4.00559439153 12.9257887831 178.25830788 1504013856.15
4.00551276394 12.9256 178.252168323 1504013856.21
4.00550135695 12.9256 178.252821895 1504013856.33
4.0055992494 12.9259977482 178.258586215 1504013856.45
4.00561531666 12.9260846833 178.259506801 1504013856.74
4.00554090116 12.9259227035 178.251856993 1504013856.78
4.00554235292 12.9257 178.244743422 1504013856.9
4.00567173966 12.9260576095 178.257010023 1504013857.06
4.00564497565 12.9257966504 178.255476558 1504013857.26
4.00572195987 12.9260560803 178.259887429 1504013857.34
4.00568910675 12.9258 178.247794203 1504013857.46
4.00577362903 12.925973629 178.262092381 1504013857.58
4.00564114609 12.9259822922 178.251885059 1504013857.68
4.0056 12.9259 178.249695809 1504013857.79
4.00566674677 12.9258 178.243345757 1504013858.05
4.0058 12.9261771054 178.259285103 1504013858.54
4.00561133728 12.9259 178.247170065 1504013858.61
4.00560450643 12.9259 178.247170065 1504013858.73
4.00519577487 12.9240696178 178.279806761 1504013858.82
4.00473572633 12.9239 178.270088377 1504013858.95
4.00461323958 12.9243132396 178.265117371 1504013859.2
4.0047063548 12.9242 178.258629221 1504013859.32
4.00477055887 12.9246705589 178.268401525 1504013859.46
4.00490352084 12.9249 178.26415707 1504013859.81
4.00504094456 12.9242503902 178.272163731 1504013859.96
4.0045 12.9236 178.270088377 1504013860.08
4.004763856 12.923748192 178.285206212 1504013860.29
4.00428727383 12.9233436369 178.272588588 1504013861.23
4.00438959858 12.9238052007 178.264656778 1504013861.67
4.00464978155 12.923966521 178.283440704 1504013861.78
4.0044 12.9242361634 178.270088377 1504013861.89
4.0046 12.9242 178.256821806 1504013862.01
4.00480322554 12.9243354837 178.274154509 1504013862.07
4.00481191301 12.9245440435 178.257946656 1504013862.24
4.00496688995 12.9246668899 178.268191311 1504013862.36
4.0049 12.9249227324 178.259931691 1504013862.49
4.00509362144 12.9251031893 178.24753553 1504013862.87
4.00527937782 12.9254412444 178.268906813 1504013863.0
4.00514988205 12.9254496461 178.258615705 1504013863.08
4.00531307489 12.9253753833 178.25580835 1504013863.25
4.00531149835 12.9255229967 178.25355845 1504013863.4
4.00531149835 12.9255229967 178.25355845 1504013863.4
4.00538907849 12.9255 178.247795822 1504013863.46
4.0045 12.9237 178.270088377 1504013863.68
4.0048410103 12.9242606735 178.277041052 1504013864.18
4.0048 12.9249658253 178.264358799 1504013864.57
4.00514993293 12.924966622 178.272949323 1504013864.78
4.00491228306 12.9251245661 178.259332989 1504013864.9
4.00491228306 12.9251245661 178.259332989 1504013864.9
4.005 12.9251 178.252899643 1504013864.98
4.00526936528 12.9252795769 178.268333137 1504013865.08
4.00505393985 12.9252809098 178.255990169 1504013865.19
4.0044 12.9236 178.270088377 1504013866.13
4.00461860628 12.9243093031 178.259695282 1504013866.83
4.0049 12.9246 178.258629221 1504013867.12
4.00538490544 12.9256698109 178.257764366 1504013868.16
4.00422852141 12.9237572179 178.289738376 1504013868.5
4.01799096827 12.9233407624 178.278832281 1504013868.99
4.1201062543 12.9201369642 178.134696397 1504013869.85
4.18364867299 12.9208629034 177.660149282 1504013870.49
4.30825343104 12.9142362389 177.115539103 1504013871.71
4.37037022526 12.9104664887 176.476699894 1504013872.35
4.49367876892 12.9074649916 174.90682612 1504013873.67
4.50493859368 12.8992338348 174.522499334 1504013873.98
4.54507513367 12.8957277613 174.041179264 1504013874.26
4.54507513367 12.8957277613 174.041179264 1504013874.26
4.61049809356 12.8879866669 173.10670189 1504013874.83
4.7006582433 12.8759189009 171.586378261 1504013875.92
4.70490822709 12.8753273961 171.517662917 1504013875.97
4.76372874069 12.8714675017 170.487459503 1504013876.62
4.77179148449 12.8699554838 170.357278762 1504013876.72
4.77970127811 12.8682392674 170.235990221 1504013876.82
4.84267225091 12.852396585 169.115806566 1504013877.59
4.84486295061 12.8519484874 169.07301639 1504013877.62
4.92938436124 12.8357860833 167.502211512 1504013878.55
4.99382982645 12.8183555019 166.395259334 1504013879.42
5.00100825474 12.8165916898 166.24386509 1504013879.52
5.04078311289 13.0730343585 168.725248882 1504013880.02
5.09837800771 13.0616765206 167.698520263 1504013880.68
5.12778909852 13.0551624089 167.147774258 1504013881.05
5.13757663095 13.0526155605 166.984933887 1504013881.16
5.18309629228 13.042053182 166.157988563 1504013881.71
5.19382762155 13.0393982759 165.965326596 1504013881.83
5.20826403232 13.0356839669 165.694108165 1504013882.0
5.21289598608 13.034504493 165.6164006 1504013882.05
5.22354233119 13.0319143278 165.39041916 1504013882.18
5.24492079687 13.0258619784 165.03440029 1504013882.42
5.25802538311 13.0220312009 164.777638292 1504013882.58
5.29529472809 13.0124918053 164.084978547 1504013883.03
5.45654759331 12.960729311 161.032250048 1504013884.91
5.50596650196 12.9443054867 160.124196496 1504013885.48
5.51816005064 12.9396377261 159.889101514 1504013885.63
5.53878397562 12.9315863707 159.484926685 1504013885.88
5.62590612946 12.8983218625 157.899097087 1504013886.94
5.67698514196 12.876242286 156.955975189 1504013887.56
5.70760655078 12.8633487067 156.398628233 1504013887.95
5.8043771991 12.8196937196 154.786726953 1504013889.09
5.84240430061 12.8015213397 154.17153825 1504013889.56
5.9032706233 12.7712002597 153.221815568 1504013890.28
5.91143142822 12.7671432016 153.128189264 1504013890.39
5.94696442017 12.7496726448 152.604579998 1504013890.82
6.07626150811 12.9265471555 150.5276712 1504013891.29
6.09142425304 12.9178129497 150.270367893 1504013891.48
6.09700936808 12.9146470319 150.194140082 1504013891.55
6.11477032671 12.9041357214 149.936712273 1504013891.77
6.11743493775 12.9025486257 149.884045489 1504013891.81
6.12910701624 12.8960583533 149.739879822 1504013891.95
6.13179770939 12.8945417572 149.698518307 1504013891.98
6.14154099591 12.8884485565 149.530852363 1504013892.11
6.15697169303 12.879920826 149.340485057 1504013892.29
6.21140575119 12.8464762913 148.553528339 1504013892.97
6.23898152881 12.829333063 148.153240571 1504013893.32
6.25112310154 12.8222805016 148.016614287 1504013893.46
6.25889436061 12.8172777637 147.900754582 1504013893.56
6.26493407922 12.8130789003 147.792207619 1504013893.65
6.29249280052 12.7960865287 147.452496552 1504013894.0
6.33220648046 12.7704998453 146.902293131 1504013894.51
6.37663781973 12.7409612589 146.352361833 1504013895.05
6.44899459412 12.6922448838 145.464532316 1504013895.98
6.45216036875 12.689838979 145.420292483 1504013896.02
6.48573965859 12.6670902977 145.052490838 1504013896.43
6.53612868875 12.6341417408 144.489003381 1504013897.06
6.55303384701 12.6217157152 144.292452143 1504013897.3
6.5642303042 12.6144834734 144.15960935 1504013897.42
6.57253812771 12.6082266406 144.036665969 1504013897.55
6.59981411648 12.5894118053 143.742616544 1504013897.88
6.60458207984 12.5860675557 143.707919201 1504013897.94
6.67127888272 12.5376795557 142.989291403 1504013898.76
6.67823063519 12.5333755782 142.918196072 1504013898.85
6.68007627121 12.5322482598 142.889603433 1504013898.87
6.68007627121 12.5322482598 142.889603433 1504013898.87
6.68639804623 12.5274074971 142.838695997 1504013898.95
6.69256537412 12.5221741583 142.75510043 1504013899.04
6.72150278176 12.501283051 142.470634874 1504013899.44
6.77491408256 12.4612318164 141.872984774 1504013900.12
6.79767778424 12.4436771751 141.65066496 1504013900.4
6.8051307032 12.4377110873 141.535224156 1504013900.51
6.81959878995 12.4269392747 141.399561452 1504013900.69
6.88997189343 12.3714994894 140.713576904 1504013901.58
6.8965924634 12.3664165053 140.643249022 1504013901.66
6.90495800189 12.3588955289 140.560484471 1504013901.8
6.9154785217 12.3506851717 140.443139301 1504013901.93
6.91989970274 12.3470079917 140.424104148 1504013901.98
6.9326949365 12.336882492 140.302014141 1504013902.15
6.93346461287 12.3362592193 140.297133913 1504013902.16
7.04027798078 12.5325247623 139.61105492 1504013902.26
7.05637173868 12.5176906734 139.434572578 1504013902.49
7.06340056467 12.5118778306 139.346133445 1504013902.58
7.06340056467 12.5118778306 139.346133445 1504013902.58
7.07038006476 12.5057281272 139.312009477 1504013902.67
7.07706649256 12.4997706246 139.258526505 1504013902.76
7.08665832486 12.4919487752 139.166668566 1504013902.88
7.09211661177 12.4863111571 139.10033856 1504013902.97
7.10763304454 12.4735952646 138.769086045 1504013903.21
7.13622553432 12.4487057009 138.740226486 1504013903.57
7.15767939161 12.4296369156 138.54369484 1504013903.85
7.1659710766 12.4222319724 138.506081916 1504013903.96
7.1928614132 12.3988145711 138.315918533 1504013904.32
7.22722072772 12.3716857164 138.004984843 1504013904.71
7.23408767167 12.363963006 138.040698467 1504013904.85
7.23909668143 12.3591264224 138.022123303 1504013904.93
7.25022743557 12.348293402 137.89915307 1504013905.12
7.26087200665 12.3383612878 137.833931168 1504013905.28
7.26848309649 12.330819303 137.768742532 1504013905.39
7.27235276366 12.327278634 137.755947128 1504013905.44
7.27920908317 12.3210991736 137.739335121 1504013905.53
7.29110681571 12.3090832967 137.648393399 1504013905.7
7.34838455871 12.2570405947 137.276169026 1504013906.47
7.36024221658 12.2463803184 137.222634516 1504013906.63
7.38737038085 12.2211607175 137.062467628 1504013907.01
7.41309632038 12.1965478618 136.911788686 1504013907.38
7.43981868267 12.170925382 136.73062427 1504013907.75
7.46005642632 12.1513527589 136.618073346 1504013908.03
7.47280299492 12.1390477218 136.536516866 1504013908.2
7.4897301275 12.1227367388 136.387466007 1504013908.46
7.49749623748 12.1156035181 136.386258752 1504013908.55
7.50548849377 12.1080268286 136.34774464 1504013908.66
7.51071652077 12.102477665 136.299119964 1504013908.74
7.56783470514 12.0483767808 135.940314025 1504013909.5
7.57406189848 12.042023896 135.884642755 1504013909.6
7.58551829679 12.030670489 135.800081088 1504013909.8
7.58906940202 12.0272662771 135.781100174 1504013909.85
7.59142261215 12.0246538842 135.756150008 1504013909.89
7.59925935953 12.0167642944 135.706255855 1504013910.0
7.60441711155 12.0119639866 135.668033635 1504013910.07
7.6126696213 12.0035657426 135.585783958 1504013910.18
7.62860176883 11.9880918392 135.493538618 1504013910.39
7.63869228265 11.9779335766 135.404133352 1504013910.52
7.64926043879 11.9677870201 135.33980622 1504013910.64
7.66065370244 11.9555309175 135.244214461 1504013910.82
7.6718726686 11.9445822717 135.158818334 1504013910.97
7.68773185134 11.9289872668 135.034186831 1504013911.21
7.69126668569 11.9255165676 135.010690718 1504013911.26
7.69690240266 11.9194646718 134.960547288 1504013911.34
7.71304234293 11.9038007964 134.842998496 1504013911.57
7.75260578486 11.8631704701 134.55696186 1504013912.12
7.76458000083 11.8505269732 134.470993195 1504013912.3
7.76919841897 11.846066431 134.425243698 1504013912.36
7.8652208353 11.8967669848 134.471928528 1504013912.5
7.89888675315 11.8986286611 134.39747949 1504013912.68
7.91405803164 11.8823704057 134.267001238 1504013912.91
7.91892259972 11.8777219783 134.209418417 1504013912.97
7.92649726919 11.869673187 134.187745907 1504013913.08
7.9330363884 11.8627061991 134.140633563 1504013913.18
7.93982683126 11.8560265063 134.085367936 1504013913.27
7.9463588489 11.8491999491 134.056995931 1504013913.37
7.95651507902 11.8379159728 133.953071319 1504013913.53
7.99485525822 11.7976612029 133.676461079 1504013914.08
8.00790974115 11.7844167361 133.568973105 1504013914.28
8.0251820907 11.7659182301 133.456602337 1504013914.53
8.03231935378 11.7584974312 133.392523055 1504013914.64
8.05189179253 11.7377182719 133.243152278 1504013914.93
8.05543887237 11.7339102579 133.224870072 1504013914.98
8.06070727628 11.7282525624 133.195647724 1504013915.06
8.07282174569 11.7153325356 133.094699338 1504013915.26
8.08247049455 11.7044480526 133.031473902 1504013915.4
8.08442907983 11.7022934488 133.02867228 1504013915.43
8.10340433213 11.6811822583 132.890440238 1504013915.7
8.1116983999 11.6722227229 132.828412698 1504013915.82
8.11722417463 11.6655984132 132.766419605 1504013915.9
8.1236787215 11.6586005661 132.724900762 1504013916.0
8.13101072629 11.6505430204 132.670674397 1504013916.11
8.14455745294 11.6353908637 132.550902527 1504013916.34
8.14980804024 11.6296147887 132.52336796 1504013916.42
8.15191635549 11.6272954697 132.508288958 1504013916.45
8.15529645253 11.6232831584 132.47349901 1504013916.51
8.17234045209 11.6047395841 132.337342386 1504013916.76
8.22195613027 11.5495569405 131.903018727 1504013917.54
8.23582620323 11.5339471799 131.789336402 1504013917.76
8.24458625679 11.5246611123 131.699142247 1504013917.88
8.25142135801 11.5168147698 131.637480351 1504013917.98
8.25750781506 11.5096949181 131.58575291 1504013918.07
8.26870730793 11.4975242982 131.476958682 1504013918.22
8.28130226243 11.4833714568 131.353673553 1504013918.42
8.28130226243 11.4833714568 131.353673553 1504013918.42
8.28628902641 11.477465 131.303846551 1504013918.51
8.3316482511 11.4250110323 130.840171318 1504013919.22
8.34044772028 11.4151816398 130.742238895 1504013919.35
8.35216622098 11.400901835 130.621642338 1504013919.54
8.35819200345 11.3944522367 130.540511192 1504013919.63
8.36760179402 11.3830532739 130.441015278 1504013919.78
8.37227998869 11.3773867906 130.383648088 1504013919.86
8.3842763488 11.363389424 130.245813563 1504013920.06
8.39463404151 11.3509691967 130.113949896 1504013920.23
8.44616088085 11.2876620395 129.498102975 1504013921.05
8.45775196449 11.2735436487 129.354777976 1504013921.24
8.47376334458 11.2539542906 129.14364124 1504013921.5
8.49321074206 11.2297698006 128.890539742 1504013921.82
8.53473066356 11.1772073036 128.322744095 1504013922.49
8.54373305399 11.165502837 128.208379318 1504013922.64
8.54957322112 11.1580128429 128.121539032 1504013922.74
8.55534485426 11.1505993103 128.051654329 1504013922.85
8.56231134511 11.1422179274 127.955134213 1504013922.96
8.64343248326 11.198460378 128.16695631 1504013923.09
8.69578260052 11.2350797715 128.305545857 1504013923.16
8.70024035917 11.2295841322 128.253080736 1504013923.24
8.71268551309 11.2133332181 128.072956536 1504013923.46
8.71268551309 11.2133332181 128.072956536 1504013923.46
8.72720689191 11.1947388765 127.876515839 1504013923.7
8.72720689191 11.1947388765 127.876515839 1504013923.7
8.73223319496 11.188364085 127.816589191 1504013923.79
8.73598079474 11.1839069291 127.758601268 1504013923.85
8.7489530395 11.1667140515 127.574520209 1504013924.06
8.77498914891 11.1327161743 127.219109151 1504013924.51
8.78509488893 11.1192441856 127.063313118 1504013924.7
8.79660162311 11.1045499948 126.919424482 1504013924.89
8.80362801666 11.0948056983 126.823293344 1504013925.01
8.8242914714 11.0669172493 126.529193888 1504013925.36
8.82842002 11.0613656462 126.480593205 1504013925.43
8.83988270239 11.0457247114 126.288359991 1504013925.65
8.85766886382 11.0213819442 126.031953196 1504013925.97
8.87180459804 11.001525008 125.804580097 1504013926.22
8.87843052535 10.9924377508 125.726503251 1504013926.33
8.88735412327 10.9791189897 125.57992039 1504013926.49
8.90572349466 10.9542649187 125.283718309 1504013926.82
8.92022362162 10.9336448599 125.079716062 1504013927.08
8.94439633172 10.900370692 124.693372897 1504013927.51
8.9557210033 10.884146807 124.520097254 1504013927.7
8.96194616475 10.8752310172 124.383004563 1504013927.82
8.98385834015 10.8446106904 124.049849949 1504013928.21
8.99142364635 10.8336156137 123.922265802 1504013928.36
8.99427847517 10.8293795279 123.882312551 1504013928.41
8.99861336189 10.822502222 123.797169288 1504013928.5
9.00969034925 10.8062880034 123.602251029 1504013928.71
9.01786313471 10.7939359468 123.493021875 1504013928.86
9.02177908813 10.7878020548 123.429972532 1504013928.93
9.02560543014 10.7837262883 123.327244804 1504013928.99
9.02835443288 10.7796104313 123.29786724 1504013929.04
9.07090382245 10.7139984363 122.540079029 1504013929.82
9.10502855554 10.6621380317 121.991547019 1504013930.36
9.14568300096 10.596330732 121.150411734 1504013931.29
9.16040216307 10.5724261649 120.858728132 1504013931.56
9.16623440364 10.5628373746 120.741558402 1504013931.67
9.1893845461 10.5249689315 120.276676472 1504013932.09
9.20572469197 10.4999992286 119.945400614 1504013932.35
9.21475986624 10.4854675694 119.825013344 1504013932.52
9.21996774349 10.4758203586 119.741464424 1504013932.63
9.22383680235 10.4692919031 119.64131943 1504013932.72
9.23057082097 10.4578692658 119.542402723 1504013932.87
9.23600916255 10.4482247031 119.423285438 1504013933.0
9.26237244416 10.4004274789 118.884343811 1504013933.6
9.37673380144 10.4544155299 116.907011513 1504013933.78
9.37850831881 10.4509466087 116.876637558 1504013933.82
9.38373055717 10.4407826816 116.749388249 1504013933.94
9.39169635077 10.4272551057 116.641246573 1504013934.06
9.3972387485 10.4159349826 116.516842096 1504013934.19
9.40848984026 10.3900975713 116.243566298 1504013934.54
9.40920095513 10.3885771102 116.231946241 1504013934.56
9.42106057244 10.3637381356 115.974342355 1504013934.86
9.43751987487 10.3303921689 115.557296669 1504013935.26
9.44034573436 10.3258395512 115.486007451 1504013935.32
9.44679347407 10.313134751 115.438016997 1504013935.45
9.44950643316 10.3076202224 115.396470308 1504013935.51
9.45462440287 10.2966319283 115.251033221 1504013935.64
9.46205159482 10.2800184957 115.133434166 1504013935.82
9.46508803388 10.2737024556 115.047001307 1504013935.89
9.46975660771 10.2636413798 114.982810957 1504013936.0
9.4874565768 10.2254861534 114.654217496 1504013936.42
9.50205344378 10.1929361778 114.347624744 1504013936.83
9.50408074891 10.1885514128 114.321242278 1504013936.88
9.50686315903 10.1819855684 114.271989525 1504013936.95
9.51346215859 10.1677428369 114.135346416 1504013937.13
9.51546208019 10.1632149242 114.111519823 1504013937.18
9.51892126736 10.1552219892 114.056526589 1504013937.26
9.52506181847 10.1421183348 113.924310217 1504013937.4
9.54256691946 10.103839925 113.637053761 1504013937.82
9.54835434608 10.0917026543 113.521818897 1504013937.97
9.55347602103 10.0805561085 113.461347575 1504013938.1
9.555776249 10.0749758858 113.426621735 1504013938.16
9.5598510917 10.0662151386 113.335820134 1504013938.27
9.56358995326 10.0570374923 113.267471391 1504013938.38
9.56817952283 10.0468811496 113.201305028 1504013938.5
9.57146957303 10.0397654975 113.159072899 1504013938.58
9.57595504427 10.0295166014 113.067154068 1504013938.69
9.58118158735 10.0172280656 112.964075338 1504013938.83
9.59114336595 9.99367683455 112.812566598 1504013939.08
9.59900094516 9.9762130554 112.658273358 1504013939.27
9.60954124574 9.95218874289 112.461893127 1504013939.54
9.65268543112 9.84626121993 111.63691616 1504013940.72
9.6591609812 9.82895159538 111.50193004 1504013940.92
9.6602059086 9.82623418164 111.484465392 1504013940.95
9.67097490975 9.79792121845 111.27696137 1504013941.26
9.68244548887 9.76904167634 111.048144887 1504013941.57
9.68537842103 9.76137343565 110.981652769 1504013941.65
9.69261589145 9.74258261884 110.839217188 1504013941.86
9.69664885059 9.73185203553 110.744761623 1504013941.98
9.69940798491 9.72446828046 110.702161163 1504013942.06
9.7038437806 9.71337498844 110.603501868 1504013942.18
9.7069461317 9.70485897884 110.559193537 1504013942.28
9.71007656645 9.69611418354 110.503356218 1504013942.37
9.71291345451 9.69075745561 110.408410365 1504013942.48
9.71590195531 9.68287130484 110.3724068 1504013942.58
9.71905928553 9.6716722643 110.275573833 1504013942.68
9.7263207924 9.65356453544 110.178933523 1504013942.84
9.72832684432 9.64787258752 110.135334263 1504013942.9
9.73370402173 9.63253441464 110.012605256 1504013943.04
9.74045116432 9.6140250873 109.885904924 1504013943.22
9.74274744376 9.60759464997 109.847789194 1504013943.28
9.74532454971 9.60047462339 109.793899487 1504013943.35
9.74940872231 9.58882405125 109.722072678 1504013943.47
9.75246050079 9.57969445671 109.657692426 1504013943.56
9.75495064771 9.57318828909 109.617348481 1504013943.62
9.76008552553 9.55818040837 109.513572506 1504013943.78
9.76262850915 9.55006670354 109.460041551 1504013943.86
9.76334452373 9.54794131408 109.449528492 1504013943.88
9.9145853973 9.63968034475 109.909494915 1504013944.01
9.91724344326 9.63195583462 109.86986544 1504013944.09
9.92667983839 9.60562005866 109.717784384 1504013944.35
9.9315751548 9.59026030677 109.607582927 1504013944.51
9.93538255723 9.57908011856 109.556786558 1504013944.63
9.96813707329 9.47870451184 109.018338803 1504013945.7
9.97910176823 9.44586164739 108.874834046 1504013946.09
9.98252367212 9.43545800664 108.846252423 1504013946.2
9.98429748438 9.4293269344 108.82121708 1504013946.26
9.985629882 9.42512355643 108.793413483 1504013946.32
10.0022936981 9.37339808236 108.60508271 1504013946.87
10.0104554996 9.34896482906 108.529204304 1504013947.13
10.0129210684 9.34188740137 108.500870728 1504013947.2
10.0226818964 9.31244206075 108.411114911 1504013947.49
10.0266341547 9.30104492751 108.36247438 1504013947.61
10.041287838 9.25548136797 108.234433502 1504013948.12
10.0447153365 9.24471393331 108.188136015 1504013948.24
10.0474644498 9.23516083875 108.186661374 1504013948.36
10.0616058355 9.19246251278 108.049250854 1504013948.82
10.0633698158 9.18690351729 108.050338379 1504013948.88
10.0723614867 9.15815587219 107.971919137 1504013949.19
10.0749362497 9.14956905309 107.943929442 1504013949.27
10.0814771295 9.12989929052 107.877729463 1504013949.48
10.0823666636 9.12710035031 107.875872611 1504013949.51
10.092414092 9.09514927434 107.805334523 1504013949.85
10.0949680405 9.08857108315 107.762243157 1504013949.92
10.1112656119 9.03685995574 107.592737355 1504013950.5
10.1352419805 8.96178152748 107.342786501 1504013951.28
10.1402188214 8.94663558102 107.279184627 1504013951.44
10.1485980121 8.91989325726 107.191866222 1504013951.72
10.1756327212 8.83369986547 106.865077411 1504013952.66
10.1805167438 8.8190782637 106.871691138 1504013952.8
10.1861917212 8.80214043129 106.773843278 1504013952.97
10.1990880736 8.76163337 106.671633541 1504013953.37
10.2008687385 8.75575195308 106.681283939 1504013953.43
10.2174132967 8.70334503195 106.507711863 1504013954.01
10.225452997 8.67526322794 106.433869691 1504013954.31
10.2282460037 8.6663563503 106.402948412 1504013954.4
10.3590325963 8.7450354435 106.881565916 1504013954.59
10.3675994807 8.71782249784 106.819287862 1504013954.87
10.3763419204 8.68527494325 106.800538253 1504013955.19
10.3833845251 8.662315743 106.747239658 1504013955.42
10.3857376779 8.65437233843 106.756262504 1504013955.5
10.3881461278 8.64404639597 106.68494459 1504013955.61
10.3933120771 8.62582478021 106.681777991 1504013955.8
10.3933120771 8.62582478021 106.681777991 1504013955.8
10.3970369419 8.61555190539 106.679037318 1504013955.91
10.398849802 8.60628555632 106.56288902 1504013956.05
10.4046124944 8.58691041551 106.618668467 1504013956.23
10.4046124944 8.58691041551 106.618668467 1504013956.23
10.411709236 8.56023028759 106.63276109 1504013956.49
10.4169123456 8.54395098771 106.672622993 1504013956.62
10.4224595667 8.52521646429 106.664544665 1504013956.78
10.4297978487 8.50318332157 106.683753468 1504013956.98
10.4311276546 8.49869322148 106.679803564 1504013957.03
10.4362772378 8.48377709938 106.660663151 1504013957.18
10.4390776894 8.47438278979 106.702154007 1504013957.28
10.4444057505 8.45752103699 106.67531877 1504013957.48
10.4474099911 8.44442279338 106.676048413 1504013957.64
10.4533687195 8.42276927643 106.708881805 1504013957.88
10.4571551698 8.41114810102 106.748339646 1504013958.0
10.4601685871 8.40227174912 106.761755826 1504013958.09
10.4633688028 8.39102902231 106.779180816 1504013958.2
10.4694101949 8.37190416408 106.79665013 1504013958.39
10.4737622453 8.35663951537 106.812448611 1504013958.54
10.4788999564 8.33964650638 106.835785406 1504013958.72
10.4821818688 8.32830513589 106.842321762 1504013958.84
10.4943903487 8.28892336835 106.926184299 1504013959.27
10.4977305756 8.27757220459 106.948114162 1504013959.38
10.5003558414 8.26826150666 106.952083878 1504013959.48
10.5027901596 8.25907789674 106.946973495 1504013959.58
10.5058341063 8.24842724743 107.004116476 1504013959.69
10.5088646202 8.23970275619 107.030210957 1504013959.79
10.5166412473 8.21432771983 107.070704956 1504013960.07
10.5182306001 8.20926796218 107.080997639 1504013960.12
10.5290010812 8.17480660938 107.125984909 1504013960.49
10.5500909319 8.1043201213 107.271322664 1504013961.23
10.5545199175 8.08963131417 107.292409711 1504013961.38
10.5747959444 8.02194896603 107.424350206 1504013962.09
10.578062808 8.01078139436 107.446866118 1504013962.21
10.5851862573 7.98594929185 107.496755145 1504013962.49
10.5895780503 7.97225769249 107.575810323 1504013962.63
10.5959483917 7.9517490499 107.605331334 1504013962.84
10.606798248 7.9186924013 107.70116144 1504013963.19
10.626738442 7.85179203929 107.883819974 1504013963.9
10.7267220238 7.76487129902 108.789708476 1504013964.96
10.7300124407 7.75555146342 108.78466248 1504013965.08
10.7337360603 7.74444255691 108.841402511 1504013965.2
10.7420847013 7.71844886831 108.955263727 1504013965.48
10.7573291301 7.67165257482 109.13285103 1504013965.96
10.7605751107 7.66335376255 109.206766315 1504013966.05
10.7708925414 7.62961071463 109.367526834 1504013966.41
10.7745432138 7.61878044913 109.436956144 1504013966.52
10.7772396055 7.61053649144 109.485245501 1504013966.6
10.7883526154 7.57914104317 109.597562144 1504013966.9
10.7998572278 7.54311170505 109.837145627 1504013967.3
10.8037787162 7.53278375119 109.914399296 1504013967.43
10.8081355112 7.52112431015 109.981031052 1504013967.55
10.8105225692 7.51432452588 110.013770963 1504013967.62
10.8176692687 7.49294470852 110.1113337 1504013967.83
10.8220543525 7.48115085708 110.211246915 1504013967.95
10.8275463283 7.46618389476 110.285147569 1504013968.1
10.8334991715 7.45032824523 110.395488241 1504013968.27
10.8379108966 7.43814817375 110.482115221 1504013968.4
10.8422375925 7.42604595743 110.561661208 1504013968.52
10.8458742912 7.41648353005 110.598190102 1504013968.64
10.8576934647 7.38503522582 110.821198586 1504013968.98
10.8598644318 7.37939564052 110.863737226 1504013969.04
10.8638531643 7.36970870943 110.904976822 1504013969.14
10.8762466243 7.33720239575 111.117416248 1504013969.48
10.891012042 7.30119280145 111.393700377 1504013969.88
10.8988918704 7.28450879837 111.497071586 1504013970.07
10.9159978519 7.24397489428 111.790060765 1504013970.49
10.9234891221 7.22548073482 111.89506278 1504013970.68
10.9323303501 7.20426466273 112.05263077 1504013970.9
10.9344950678 7.1991352369 112.08592446 1504013970.96
10.9388276537 7.18902114692 112.178164919 1504013971.08
10.9448375522 7.17668668274 112.269520307 1504013971.22
10.9550907264 7.15260480248 112.454145441 1504013971.5
10.9783754239 7.10000981102 112.837670967 1504013972.1
11.0082394604 7.03092511034 113.350907334 1504013972.89
11.0149298558 7.01463610482 113.493507982 1504013973.08
11.0197476421 7.00381097963 113.567685945 1504013973.2
11.0238287338 6.99491023736 113.623738438 1504013973.3
11.0279993555 6.98503829723 113.686446138 1504013973.41
11.0691099587 6.89303778685 114.381041052 1504013974.45
11.083465378 6.86222848785 114.611682409 1504013974.79
11.0950868465 6.82633458729 112.461895823 1504013975.04
11.1129140341 6.78559734357 112.760944067 1504013975.48
11.1145722844 6.7818442836 112.79986498 1504013975.52
11.1246953909 6.75989054298 112.996875093 1504013975.78
11.1407104077 6.72311238072 113.296674504 1504013976.19
11.1603103935 6.67917442903 113.672627898 1504013976.68
11.1650590619 6.66763306858 113.756748211 1504013976.82
11.16809139 6.66049721256 113.841290244 1504013976.9
11.1704047208 6.65442697993 113.891473935 1504013976.98
11.1759017945 6.64220249106 114.020861201 1504013977.14
11.1784933329 6.63659120416 114.066441107 1504013977.2
11.1872217498 6.61586123974 114.256258735 1504013977.43
11.1981456177 6.59157367376 114.486604645 1504013977.68
11.2116415588 6.56213528329 114.823507119 1504013978.03
11.2172055703 6.54999878373 114.949593153 1504013978.17
11.2248522323 6.53212513773 115.126430228 1504013978.36
11.2325029466 6.51583987497 115.329268994 1504013978.54
11.2350183316 6.51113552468 115.347972252 1504013978.6
11.239627418 6.50146547548 115.46881369 1504013978.71
11.2419897894 6.49634792496 115.532882043 1504013978.77
11.2444487703 6.49085836605 115.584922869 1504013978.83
11.2528801169 6.47325449614 115.800546301 1504013979.03
11.2565830475 6.46472837566 115.890006317 1504013979.13
11.2939911032 6.38698669832 116.849941677 1504013980.04
11.3010559568 6.37337878913 117.073320296 1504013980.2
11.3264286004 6.32321017168 117.788076853 1504013980.78
11.3403957563 6.29544796286 118.189934588 1504013981.1
11.3471761923 6.28234632894 118.368394075 1504013981.26
11.3540421119 6.2698137783 118.571130718 1504013981.43
11.3560045636 6.26539921961 118.627784459 1504013981.5
11.3686558522 6.24119460752 119.009964956 1504013981.8
11.3820985898 6.21576336434 119.401955902 1504013982.1
11.4018315633 6.17870807988 119.967543288 1504013982.54
11.4071098466 6.16933598649 120.106551367 1504013982.65
11.4110811521 6.16255880125 120.228391373 1504013982.73
11.4130163298 6.15930507121 120.283552762 1504013982.77
11.4149471935 6.15609063513 120.338692189 1504013982.81
11.4312858126 6.12532257906 120.843292159 1504013983.18
11.4378070961 6.114034562 121.034225147 1504013983.33
11.4423715896 6.10615059378 121.154389566 1504013983.42
11.4726951777 6.05414544291 121.984760061 1504013984.08
11.4828852646 6.03735480788 122.239989231 1504013984.28
11.4870262476 6.03090775523 122.346324299 1504013984.36
11.5123773472 5.98879641847 122.998385354 1504013984.89
11.5249388518 5.96902959911 123.285305363 1504013985.13
11.5254676271 5.96821616904 123.296868342 1504013985.14
11.5274892522 5.96554561284 123.354217483 1504013985.18
11.5316316765 5.95958789004 123.445625421 1504013985.26
11.5471179099 5.93990052038 123.633032242 1504013985.51
11.5573012858 5.92279851171 123.973165661 1504013985.73
11.5021311097 5.90252593886 124.203757629 1504013985.86
11.5106850411 5.88919806598 124.385552582 1504013986.04
11.5151320813 5.88235119282 124.479542005 1504013986.12
11.5238485231 5.86843708841 124.680951417 1504013986.3
11.5373435222 5.84800450143 124.996920384 1504013986.57
11.5411182491 5.84262100697 125.079634421 1504013986.64
11.5467685474 5.83467561306 125.214287951 1504013986.77
11.5517741207 5.82754639605 125.300320598 1504013986.87
11.5601713833 5.81595678269 125.503878272 1504013987.02
11.5748743382 5.79492868292 125.772201597 1504013987.28
11.5790594745 5.78864885601 125.871254293 1504013987.35
11.5886045312 5.77547005848 126.062246398 1504013987.52
11.5936519959 5.76846447835 126.175753192 1504013987.61
11.6028045595 5.75628805726 126.372862264 1504013987.79
11.6105708204 5.74492561819 126.493364273 1504013987.91
11.6161446826 5.73711759278 126.609578657 1504013988.02
11.631368356 5.71679055334 126.934618363 1504013988.29
11.6509841873 5.69101909747 127.305042988 1504013988.64
11.6554772813 5.68524753824 127.41184444 1504013988.73
11.6628045142 5.67530830659 127.565844234 1504013988.86
11.6852870368 5.64619827029 127.992833948 1504013989.28
11.7079881766 5.61761055675 128.439378324 1504013989.69
11.7213139255 5.60071789945 128.726100321 1504013989.91
11.7276721232 5.59265148812 128.842678352 1504013990.0
11.7297091199 5.59006765851 128.896434627 1504013990.03
11.7355748765 5.58300136326 128.995797618 1504013990.13
11.7543466442 5.56011738104 129.382215382 1504013990.42
11.7708704697 5.54022824601 129.735037918 1504013990.69
11.7932946157 5.51408578391 130.205511302 1504013991.07
11.7972991586 5.50884541097 130.290248371 1504013991.14
11.8038673092 5.50096020832 130.430483432 1504013991.26
11.8127141994 5.49090583317 130.610599798 1504013991.41
11.8203398581 5.48212897151 130.760913159 1504013991.54
11.831660742 5.46910634737 130.975126915 1504013991.73
11.843522466 5.4558546904 131.221561799 1504013991.92
11.8760689924 5.41884723508 131.917355154 1504013992.43
11.882337292 5.41193319828 132.032943413 1504013992.53
11.9190867588 5.37125194553 132.81232528 1504013993.14
11.9286165917 5.36035602252 133.002930519 1504013993.3
11.9334910191 5.35473713464 133.130465028 1504013993.38
11.9563640062 5.33021965416 133.60533986 1504013993.74
11.9618205681 5.32437135155 133.69462697 1504013993.83
11.9697213903 5.31599981714 133.876595421 1504013993.95
11.9894742058 5.29501069064 134.285193673 1504013994.26
12.0348850882 5.24792640574 135.240502443 1504013994.96
12.0539874377 5.22872977698 135.638054055 1504013995.25
12.0664237762 5.21628943331 135.89192173 1504013995.43
12.0856109604 5.1969890137 136.324875041 1504013995.74
12.0956152248 5.18736565617 136.537393898 1504013995.89
12.1091974774 5.17394797427 136.842624538 1504013996.09
12.1198720087 5.16358060202 137.021707941 1504013996.25
12.1283302553 5.15585364923 137.241067588 1504013996.37
12.1335224883 5.15067523069 137.347052163 1504013996.45
12.1413142991 5.14288290144 137.509130238 1504013996.57
12.1022170517 5.05745972182 139.201543027 1504013996.88
12.1062380981 5.05365023597 139.305109254 1504013996.94
12.1326967911 5.02871776475 140.047841642 1504013997.41
12.164198546 5.0027884412 140.658788289 1504013997.79
12.173705144 4.99512333286 140.845385544 1504013997.91
12.1795990411 4.9902037167 140.991207259 1504013997.98
12.1877694619 4.98381432211 141.14082644 1504013998.09
12.19579548 4.97733409105 141.314679429 1504013998.2
12.2032935186 4.97161915849 141.485389773 1504013998.3
12.2101500043 4.96677739955 141.60484851 1504013998.38
12.2428446571 4.9410712024 142.270274422 1504013998.86
12.2469770204 4.93800315799 142.368023181 1504013998.92
12.2547770177 4.93206737355 142.498466085 1504013999.02
12.3141413268 4.88715004076 143.763356753 1504013999.89
12.317247027 4.88479920543 143.834142673 1504013999.93
12.358741358 4.8552478119 144.706901304 1504014000.49
12.3684113428 4.84841910565 144.91551759 1504014000.62
12.374911298 4.84398185083 145.068574779 1504014000.72
12.389301588 4.83393747913 145.391145776 1504014000.92
12.3927350731 4.83148207226 145.460010437 1504014000.97
12.4035365883 4.82413191525 145.671022041 1504014001.12
12.4094448523 4.81995798221 145.817833638 1504014001.2
12.4174962124 4.81445441851 145.994294648 1504014001.32
12.4238914897 4.81021763375 146.100981396 1504014001.4
12.4712422181 4.77971470412 147.232191656 1504014002.09
12.4754641432 4.77678944389 147.339938316 1504014002.14
12.4933445887 4.76457598055 147.71496009 1504014002.38
12.5013673724 4.75922740184 147.911971339 1504014002.48
12.539698552 4.73437884595 148.703190272 1504014002.99
12.5450139753 4.7309893281 148.827087689 1504014003.07
12.5600136265 4.72159620129 149.140874659 1504014003.27
12.567776463 4.71670078979 149.307443196 1504014003.38
12.5704677132 4.71524293239 149.371804151 1504014003.42
12.5805115697 4.70921347302 149.593703574 1504014003.56
12.5811881636 4.70879154099 149.611163946 1504014003.57
12.5882506266 4.7045263681 149.765000138 1504014003.67
12.600416436 4.69740813519 149.999804948 1504014003.83
12.6228923944 4.68430213482 150.506975517 1504014004.14
12.6427830534 4.67290610189 150.950318749 1504014004.4
12.6587074515 4.66368342361 151.304525421 1504014004.62
12.6744958447 4.65517179629 151.676705386 1504014004.83
12.7127116993 4.63433508736 152.51427187 1504014005.32
12.7317258289 4.62408728962 152.926868572 1504014005.58
12.7878461926 4.59497761177 154.049516798 1504014006.24
12.7917055861 4.59253193282 154.163799376 1504014006.29
12.8058769267 4.58624649892 154.474116081 1504014006.47
12.8129765124 4.58232097795 154.655517336 1504014006.55
12.8187728285 4.57924395912 154.751586336 1504014006.64
12.8423451859 4.5673386158 155.324712666 1504014007.02
12.8491327619 4.56430651682 155.48583993 1504014007.11
12.8591388124 4.55946938723 155.724011604 1504014007.25
12.8829192068 4.54970534669 156.254208241 1504014007.54
12.9200949632 4.53418884905 157.069077421 1504014008.0
12.9200949632 4.53418884905 157.069077421 1504014008.0
12.930209584 4.52983380935 157.278960693 1504014008.12
12.931906112 4.52914172567 157.315586054 1504014008.14
12.9440224306 4.52403017957 157.552312089 1504014008.28
12.7964437408 4.28786382552 158.302741574 1504014008.47
12.8175171831 4.27956780453 158.752074046 1504014008.73
12.826040502 4.27631233638 158.945895222 1504014008.84
12.8348480793 4.27259750208 159.126651428 1504014008.94
12.8530634714 4.26533534157 159.512169686 1504014009.17
12.8591513851 4.26318045339 159.652091774 1504014009.25
12.8959320797 4.24989039447 160.385442173 1504014009.7
12.9098910791 4.24483802161 160.68186054 1504014009.88
12.9181439699 4.24200901484 160.827757659 1504014009.98
12.9363332557 4.23533433702 161.201064104 1504014010.21
12.9451531583 4.23239109147 161.358850852 1504014010.31
12.9510237438 4.23042688549 161.462610418 1504014010.38
12.9549721414 4.22900713333 161.545432915 1504014010.44
12.9663267629 4.225111843 161.769321896 1504014010.57
12.9787802948 4.22088099364 161.973569277 1504014010.71
12.9810274564 4.22005705597 162.028498437 1504014010.74
12.9886127942 4.21743359165 162.186261483 1504014010.83
13.0102029806 4.21021751533 162.570907183 1504014011.08
13.0207018342 4.20695363146 162.760652898 1504014011.21
13.0278766639 4.20462682684 162.861499679 1504014011.29
13.0357480081 4.20189859517 163.037817414 1504014011.38
13.0453917109 4.19885052747 163.195630297 1504014011.51
13.0551315468 4.19553103856 163.354926281 1504014011.63
13.0808834669 4.18734349831 163.783126918 1504014011.94
13.1229422669 4.17407073819 164.513186711 1504014012.44
13.1203773618 4.17323580953 164.636205747 1504014012.55
13.1317094928 4.16949517705 164.958628982 1504014012.69
13.1627553861 4.16230971261 165.448607492 1504014012.98
13.1765870135 4.1587658201 165.595298562 1504014013.1
13.1834393727 4.157095491 165.691672471 1504014013.16
13.1963089853 4.15363137131 165.959951228 1504014013.28
13.2232132416 4.14457573901 166.25718807 1504014013.51
13.2332679851 4.14217527015 166.445295337 1504014013.62
13.2425439664 4.14011301992 166.558037029 1504014013.72
13.2516175335 4.13782846351 166.734276011 1504014013.83
13.2664457113 4.13446246817 166.921702589 1504014014.0
13.2708711943 4.13322091273 167.014786577 1504014014.06
13.2875742766 4.12951476651 167.29454575 1504014014.27
13.3166270092 4.12248899247 167.701352673 1504014014.61
13.3275886311 4.11928894183 167.89182517 1504014014.72
13.341095269 4.1160365747 168.07997014 1504014014.89
13.3476588345 4.11451796671 168.1645979 1504014014.96
13.3574607753 4.11231787778 168.336925385 1504014015.07
13.4137347899 4.10015307391 169.217395744 1504014015.73
13.4191320695 4.09922136059 169.275104436 1504014015.79
13.4412024382 4.09479105723 169.64475103 1504014016.03
13.4525235343 4.09230304089 169.825432708 1504014016.16
13.4763230458 4.08849939421 170.135778891 1504014016.41
13.5033381668 4.08442517697 170.552545305 1504014016.69
13.5157735571 4.08188294629 170.771115236 1504014016.83
13.5293325029 4.0796997599 170.935239087 1504014016.99
13.5716052341 4.07245211879 171.591441575 1504014017.48
13.5832043778 4.07086713388 171.719128921 1504014017.6
13.5947244967 4.06905501609 171.902613974 1504014017.72
13.6030714751 4.06774099188 172.023994913 1504014017.81
13.6198080888 4.06494124998 172.2423112 1504014017.99
13.6374789633 4.06420260466 172.443684201 1504014018.2
13.6489391572 4.06180613638 172.62365624 1504014018.32
13.6661461934 4.05925170305 172.825872215 1504014018.49
13.6801453357 4.05713214473 173.006053625 1504014018.63
13.6969219167 4.05490539858 173.181549124 1504014018.79
13.7031521063 4.05420315887 173.262315955 1504014018.86
13.704016867 4.05410586998 173.275086196 1504014018.87
13.7150626819 4.05267509975 173.423450499 1504014018.98
13.7368588035 4.0497349224 173.6562151 1504014019.2
13.7576509436 4.04768803347 173.849385202 1504014019.41
13.7516612714 3.8939592477 173.213434265 1504014019.6
13.7532215348 3.81137713644 172.903966063 1504014019.76
13.7866412184 3.80782125325 173.070885157 1504014020.14
13.8109615528 3.80359663293 173.406795969 1504014020.38
13.8369694654 3.80004243621 173.62666219 1504014020.61
13.8479630238 3.79834707448 173.75867681 1504014020.7
13.8921189341 3.79222628584 174.119584152 1504014021.13
13.9002577472 3.79134409001 174.139309848 1504014021.21
13.9434379928 3.78629113347 174.517587611 1504014021.67
13.9488090532 3.78568909749 174.552212331 1504014021.73
13.9717015459 3.78315304895 174.731072678 1504014021.98
13.9881558881 3.78174834443 174.82534191 1504014022.15
14.0008219716 3.78033025493 174.938422619 1504014022.28
14.0256863013 3.77812200727 175.12370176 1504014022.53
14.0487066443 3.77568967943 175.24904877 1504014022.76
14.0989400292 3.77202490322 175.600676432 1504014023.27
14.1321210319 3.76938220112 175.796547555 1504014023.6
14.1375388868 3.768738043 175.855873196 1504014023.65
14.148753969 3.76781854232 175.930187694 1504014023.76
14.1646683285 3.76654182382 176.012598626 1504014023.92
14.2096172516 3.76336827011 176.295405027 1504014024.37
14.2554786631 3.76079752611 176.569899491 1504014024.85
14.3008742685 3.75836282303 176.811702004 1504014025.33
14.3088337382 3.75789015484 176.815195023 1504014025.4
14.3143666031 3.75726825948 176.888649012 1504014025.46
14.3911724218 3.75365368876 177.237354451 1504014026.22
14.3966946608 3.75334114121 177.248057984 1504014026.27
14.4144744065 3.75231190552 177.328344446 1504014026.44
14.4315627086 3.75188507419 177.393563676 1504014026.6
14.5065972655 3.74943305108 177.651251076 1504014027.43
14.5244407605 3.74858493668 177.692041984 1504014027.62
14.5544385672 3.7474591416 177.76621526 1504014027.92
14.5704289329 3.74714599455 177.778808638 1504014028.09
14.5818652353 3.74656153663 177.819093619 1504014028.22
14.5917383387 3.74629735916 177.820634527 1504014028.32
14.6079341797 3.74521324875 177.863618085 1504014028.48
14.6167704191 3.7450203127 177.855377985 1504014028.57
14.6511791481 3.74431258566 177.876426024 1504014028.89
14.6961672434 3.74351492437 177.956982505 1504014029.37
14.7038232121 3.74317410969 177.960679937 1504014029.46
14.7701485702 3.71868677891 178.950881598 1504014029.98
14.7810981698 3.71848551382 178.958994448 1504014030.09
14.7956074647 3.71819369631 178.933857712 1504014030.23
14.8208341491 3.71771425298 178.928923508 1504014030.47
14.874893647 3.71635038805 178.941476494 1504014031.01
14.882112916 3.71609826698 178.909237044 1504014031.08
14.900828808 3.71566010012 178.926259603 1504014031.27
14.9085972383 3.7156317712 178.929643996 1504014031.35
14.9509989006 3.71448841553 178.898537961 1504014031.76
14.963808616 3.71433984602 178.885387472 1504014031.88
14.9794343104 3.71397599411 178.849791648 1504014032.02
14.9944303839 3.71384185363 178.856482337 1504014032.17
15.0017860768 3.71391957009 178.870512353 1504014032.23
15.0050367227 3.71385455465 178.858460092 1504014032.27
15.0136108738 3.71359928643 178.857226296 1504014032.36
15.0184298082 3.71356338922 178.853300122 1504014032.41
15.0375691428 3.71327354156 178.822446518 1504014032.59
15.0467020287 3.71305792054 178.839800243 1504014032.69
15.055315955 3.7130212856 178.822950512 1504014032.78
15.0693960904 3.71294753144 178.783063831 1504014032.9
15.079049512 3.712741408 178.81723657 1504014033.01
15.0869461478 3.71263195594 178.794907635 1504014033.08
15.0933782864 3.71278444996 178.808146196 1504014033.14
15.1165305846 3.71242674962 178.775872497 1504014033.36
15.1284519359 3.71205703082 178.753609106 1504014033.47
15.1337916509 3.71185180987 178.74716011 1504014033.52
15.1396016619 3.7117151917 178.775318734 1504014033.58
15.149094568 3.71162081852 178.755448229 1504014033.67
15.1535032357 3.71166403196 178.75827129 1504014033.72
15.1705255523 3.71160578976 178.749481303 1504014033.88
15.1798407809 3.71142970118 178.724464104 1504014033.97
15.1932845333 3.71140146404 178.70960416 1504014034.09
15.2015781727 3.71096352716 178.723752532 1504014034.17
15.2193906361 3.71054989398 178.690910332 1504014034.35
15.2296086604 3.70996548546 178.693234974 1504014034.46
15.244860711 3.70993487186 178.672182792 1504014034.63
15.265684844 3.70968134328 178.657216755 1504014034.84
15.2864201694 3.70898524827 178.678556864 1504014035.06
15.312446996 3.70874145053 178.615386515 1504014035.32
15.3237254375 3.70860929728 178.622187649 1504014035.45
15.3395931536 3.70818223451 178.583181466 1504014035.6
15.3453691376 3.70795597659 178.616209387 1504014035.66
15.3473575816 3.70794847075 178.615279201 1504014035.68
15.3553494932 3.70792821676 178.597701817 1504014035.76
15.3640545663 3.70749053028 178.586886257 1504014035.84
15.3758939665 3.70680183712 178.570464194 1504014035.95
15.4203047101 3.70581915987 178.545108353 1504014036.38
15.4242760459 3.70555705613 178.534226964 1504014036.43
15.4475742771 3.70434089889 178.518426089 1504014036.68
15.4588299669 3.70361052408 178.473897312 1504014036.8
15.556651357 3.69973624324 178.402397096 1504014037.83
15.5924189582 3.69768872226 178.325204703 1504014038.13
15.6113778182 3.69623641663 178.385018892 1504014038.36
15.6222014544 3.6966703782 178.284303687 1504014038.47
15.657615204 3.69570389176 178.253911589 1504014038.86
15.6684097781 3.69495815809 178.264637135 1504014038.97
15.6798772953 3.69492214737 178.238187755 1504014039.08
15.6889242724 3.6943610245 178.218024498 1504014039.17
15.7166173318 3.69350227664 178.201521539 1504014039.44
15.7233696829 3.69291727637 178.159829423 1504014039.5
15.7358505864 3.69252836024 178.168261104 1504014039.62
15.7407359403 3.69258936847 178.13916963 1504014039.68
15.7535606561 3.69223864312 178.142435359 1504014039.79
15.7932797187 3.81997358296 178.560093384 1504014040.2
15.7991576126 3.81997103575 178.54519089 1504014040.26
15.8120136055 3.8193727869 178.524789527 1504014040.39
15.8556827303 3.81814090573 178.502906477 1504014040.83
15.9064969571 3.81660863098 178.410425352 1504014041.3
15.91761834 3.8160383434 178.42448718 1504014041.42
15.91761834 3.8160383434 178.42448718 1504014041.42
15.9217565805 3.81599347183 178.449533378 1504014041.46
15.9264229246 3.81541351674 178.432837312 1504014041.54
15.9408462782 3.81452143514 178.467232299 1504014041.7
15.9625950217 3.81376581476 178.419642153 1504014041.92
15.9740905304 3.81340808927 178.436172378 1504014042.03
15.9907210854 3.81311976781 178.411007977 1504014042.19
16.0037282041 3.81286651611 178.418724395 1504014042.31
16.0192830217 3.81213204113 178.415753797 1504014042.47
16.0261421693 3.811584977 178.423694924 1504014042.54
16.0325364353 3.81136757342 178.422957335 1504014042.61
16.0452639378 3.81144811487 178.378896935 1504014042.74
16.0625954237 3.81096200111 178.411970867 1504014042.92
16.1542690408 3.80723556761 178.388997051 1504014043.83
16.1713088019 3.80709690888 178.346605329 1504014044.0
16.1853977049 3.80650851599 178.357918315 1504014044.15
16.2066998978 3.80577487216 178.378509533 1504014044.36
16.2349407247 3.80473681825 178.355017012 1504014044.65
16.238794834 3.80458117031 178.359990894 1504014044.69
16.2475876089 3.80436885556 178.35393745 1504014044.78
16.263608427 3.80332734264 178.330614048 1504014044.93
16.282216764 3.80257577426 178.34396085 1504014045.13
16.2861074359 3.80234780568 178.340131379 1504014045.17
16.2931237228 3.80197804466 178.333605192 1504014045.24
16.3507304874 3.80004659398 178.30353914 1504014045.81
16.3782680096 3.7990735279 178.291908756 1504014046.09
16.4062321648 3.7980503825 178.290912093 1504014046.39
16.4265682281 3.79758967381 178.273209416 1504014046.58
16.4452349401 3.79685678436 178.271222985 1504014046.77
16.4558778228 3.79696193472 178.245075469 1504014046.87
16.4680404632 3.79643927515 178.252281316 1504014046.99
16.475385004 3.79627597005 178.245470977 1504014047.06
16.4785464297 3.79624140362 178.237677908 1504014047.09
16.4865630438 3.79607194357 178.236333564 1504014047.17
16.4913097734 3.79585674011 178.235988763 1504014047.22
16.5291197307 3.79493464481 178.215532312 1504014047.59
16.5526867912 3.79440357125 178.188418529 1504014047.84
16.5614866504 3.79423114119 178.204968424 1504014047.93
16.582593083 3.7942066685 178.159701238 1504014048.14
16.6201089829 3.79345370134 178.099496276 1504014048.51
16.6397136151 3.79652930732 178.059607938 1504014048.64
16.6590080946 3.79406527452 178.132128369 1504014048.89
16.6785262865 3.79310933616 178.070291918 1504014049.13
16.7267068585 3.79120085513 178.039707709 1504014049.61
16.7669030114 3.78989955096 178.013243383 1504014049.99
16.7905998193 3.81681299138 176.0954953 1504014050.14
16.8005633475 3.81598996217 176.093556157 1504014050.25
16.812676676 3.81528865704 176.083751092 1504014050.36
16.8252460855 3.81444244146 176.060620797 1504014050.48
16.8364996083 3.81349374342 176.055040354 1504014050.59
16.8488776381 3.81276201993 176.043098598 1504014050.71
16.8733479655 3.8118390311 175.978324867 1504014051.0
16.8742540745 3.81147757181 175.7929421 1504014051.11
16.8956227585 3.81074465112 175.990423754 1504014051.32
16.9110032497 3.81008477832 175.855134179 1504014051.43
16.942066152 3.80690480034 175.97001615 1504014051.61
16.9489068737 3.80646229699 175.933513625 1504014051.66
16.9544960102 3.80606888673 175.94090915 1504014051.7
16.9664781331 3.80440061409 175.920586434 1504014051.79
16.9722684037 3.80383035081 175.902499062 1504014051.85
16.9827458326 3.80320642622 175.896764454 1504014051.94
17.0366579097 3.79901440629 175.833470268 1504014052.51
17.0464154409 3.79825805299 175.792994364 1504014052.63
17.0737449068 3.79598593778 175.811034268 1504014052.93
17.0835862325 3.79455122869 175.783221264 1504014053.04
17.1127818152 3.79175356759 175.773366308 1504014053.33
17.1609292607 3.78734083477 175.756344222 1504014053.79
17.1698546337 3.7862617878 175.746839776 1504014053.88
17.1802219752 3.78522060793 175.745681733 1504014053.99
17.2055342095 3.78259416031 175.74181001 1504014054.24
17.2137777282 3.78200177557 175.754834189 1504014054.32
17.2808261625 3.77612619964 175.755511058 1504014054.97
17.2878548238 3.77557072072 175.760961595 1504014055.04
17.2957366708 3.77468087067 175.762658599 1504014055.12
17.306143189 3.77403707798 175.778091759 1504014055.22
17.3231942875 3.77213547863 175.777559147 1504014055.38
17.3283587119 3.77175627613 175.789918475 1504014055.44
17.3385084977 3.77105747263 175.808167283 1504014055.54
17.361503487 3.76863588077 175.811556338 1504014055.79
17.4160125161 3.76385095687 175.89063398 1504014056.35
17.4499681556 3.76114387301 175.933127974 1504014056.7
17.5306291217 3.75587396527 176.004485835 1504014057.56
17.5654023398 3.75306249105 176.071025286 1504014057.89
17.5923284147 3.75101190783 176.105015313 1504014058.16
17.6097913444 3.7494459418 176.125358117 1504014058.33
17.6286126996 3.74797650291 176.167191908 1504014058.53
17.6412967779 3.74674422995 176.152094375 1504014058.66
17.6518001849 3.74593305285 176.179219877 1504014058.76
17.667354218 3.74452533714 176.194835823 1504014058.93
17.6725681536 3.74410286994 176.193908526 1504014058.98
17.7079187417 3.74143204533 176.248254761 1504014059.34
17.7170872389 3.74090013953 176.242855954 1504014059.43
17.7412010455 3.73940832946 176.282632229 1504014059.67
17.7624227574 3.73811535224 176.298370797 1504014059.89
17.769996943 3.73767792303 176.299820963 1504014059.96
17.7941183922 3.73628225968 176.339852573 1504014060.2
17.8456095647 3.7984276573 177.698909898 1504014060.62
17.8814181906 3.79712786981 177.708801918 1504014060.97
17.898263535 3.79640167319 177.709584866 1504014061.16
17.9185694195 3.7960548392 177.7087022 1504014061.36
17.9337570601 3.79515182896 177.713261312 1504014061.51
17.994315906 3.79322604842 177.686854626 1504014062.11
18.0013854838 3.79294727938 177.672199457 1504014062.18
18.012256634 3.79310154325 177.673031489 1504014062.28
18.0241162204 3.79279089955 177.652615506 1504014062.39
18.0332397491 3.79248227575 177.6365517 1504014062.48
18.0454291846 3.79254990002 177.649507395 1504014062.59
18.0555525968 3.79222202872 177.627329841 1504014062.69
18.0647781005 3.79183411855 177.613347655 1504014062.78
18.0798420119 3.79228649761 177.607236651 1504014062.93
18.1172007843 3.79145673016 177.57564346 1504014063.3
18.1243035824 3.79117726509 177.560671033 1504014063.37
18.1361282775 3.79047674557 177.535913828 1504014063.49
18.1447723285 3.79014727915 177.537472171 1504014063.57
18.1544919911 3.78975559688 177.518113749 1504014063.67
18.1748102843 3.78971849727 177.49312612 1504014063.87
18.1920059241 3.7888292275 177.475456358 1504014064.0
18.2192531215 3.78796854027 177.424308108 1504014064.16
18.2418250619 3.78701428398 177.390266353 1504014064.28
18.2603412244 3.78644818756 177.376927734 1504014064.38
18.2870187601 3.78572702769 177.326487331 1504014064.54
18.2989335447 3.78527831224 177.326487331 1504014064.64
18.306427634 3.78512198828 177.304163061 1504014064.71
18.3143462855 3.78479389146 177.289778551 1504014064.81
18.3191521806 3.78465841027 177.277927637 1504014064.98
18.3151595764 3.78489952087 177.287208975 1504014065.26
18.3106297075 3.7852300766 177.28832993 1504014065.5
18.310098536 3.78515766666 177.30356902 1504014065.57
18.3099851194 3.78525641036 177.292815203 1504014065.71
18.3097625902 3.7850905947 177.295738317 1504014065.87
18.3097547743 3.78525384627 177.292109864 1504014066.29
18.3097956497 3.785415291 177.294345559 1504014066.48
18.3098486475 3.78545490361 177.294777814 1504014066.78
18.3099546351 3.7854150538 177.292109864 1504014067.01
18.3099963161 3.78535654119 177.292109864 1504014067.46
18.3098038692 3.785257625 177.29765426 1504014067.52
18.3098577443 3.78537835944 177.295643848 1504014067.62
18.3098963223 3.78535542811 177.292109864 1504014067.94
18.3098023445 3.7854076902 177.294785296 1504014068.09
18.3096972672 3.7852694297 177.293039349 1504014068.24
18.3096964843 3.78533975408 177.297839442 1504014068.36
18.3097963284 3.78535431503 177.292109864 1504014068.51
18.3097963284 3.78535431503 177.292109864 1504014068.57
18.3096958188 3.78539954385 177.294765224 1504014068.93
18.3097962747 3.78535914364 177.297839442 1504014069.08
18.3097949252 3.7854543056 177.29212649 1504014069.27
18.309609084 3.78536511893 177.297839442 1504014069.38
18.3096967577 3.78531520086 177.292109864 1504014069.71
18.3097516841 3.78525381187 177.294731736 1504014069.89
18.3096974477 3.78525320814 177.295191432 1504014069.95
18.3096963346 3.78535320194 177.292109864 1504014070.17
18.309752273 3.78535382462 177.295315091 1504014070.26
18.3097963284 3.78535431503 177.296385386 1504014070.36
18.3097953309 3.78544392742 177.297244594 1504014070.46
18.3098952092 3.78545542191 177.294278916 1504014070.56
18.3098341254 3.78532977725 177.28853011 1504014070.62
18.3098411031 3.78525480724 177.288882066 1504014070.67
18.3098974353 3.7852554343 177.292109864 1504014070.94
18.3097433689 3.78540610849 177.297839442 1504014071.28
18.3096961885 3.78536633524 177.292862393 1504014071.36
18.3097963284 3.78535431503 177.292109864 1504014071.51
18.3095976162 3.78523751736 177.29700415 1504014072.13
18.3095974367 3.78525363936 177.295018897 1504014072.42
18.3096147805 3.78535229412 177.296782862 1504014072.58
18.3096963346 3.78535320194 177.292109864 1504014072.68
18.3097356175 3.78535363922 177.295588558 1504014072.77
18.3097952154 3.78545430883 177.297839442 1504014072.91
18.3098691987 3.78545513238 177.293600247 1504014072.97
18.3098382021 3.78533816267 177.292109864 1504014073.02
18.3097974415 3.78525432122 177.292109864 1504014073.08
18.3098165583 3.78527386836 177.292109864 1504014073.18
18.3098972907 3.78526842511 177.292109864 1504014073.34
18.3097424164 3.78525370871 177.296551104 1504014073.51
18.3096974477 3.78525320814 177.296308645 1504014073.54
18.3096924971 3.78515914457 177.297495818 1504014074.3
18.309698044 3.78519963959 177.297839442 1504014074.33
18.3097140813 3.78525339329 177.292109864 1504014074.43
18.3097974415 3.78525432122 177.292109864 1504014074.55
18.3098501878 3.78525490837 177.292109864 1504014074.64
18.3096974477 3.78525320814 177.293865739 1504014074.77
18.3097036396 3.78544496304 177.297839442 1504014074.9
18.3097963284 3.78535431503 177.292109864 1504014075.08
18.3099939393 3.78545652093 177.29218227 1504014075.38
18.3099623842 3.78525615728 177.292109864 1504014075.6
18.3099974291 3.78525654739 177.292109864 1504014075.66
18.3099650688 3.78534048034 177.293010098 1504014075.87
18.3098590117 3.78545501898 177.297839442 1504014076.07
18.3098327017 3.78535471992 177.292109864 1504014076.25
18.3098554902 3.78535497359 177.294449513 1504014076.49
18.3097963284 3.78535431503 177.292342605 1504014076.58
18.3097974415 3.78525432122 177.292109864 1504014076.83
18.3097974415 3.78525432122 177.292109864 1504014076.9
18.3098952092 3.78545542191 177.297839442 1504014077.72
18.3098190503 3.78529876882 177.292109864 1504014077.83
18.309741088 3.78525369392 177.295338886 1504014078.3
18.3097015865 3.7853532604 177.292410794 1504014078.63
18.3098050934 3.78536327731 177.292109864 1504014078.81
18.3097985546 3.78515432742 177.294328389 1504014079.2
18.3097974415 3.78525432122 177.296103887 1504014079.37
18.3097813087 3.78535414783 177.297839442 1504014080.13
18.3098262111 3.78525464147 177.292109864 1504014080.5
18.3097030184 3.78525327015 177.303249822 1504014080.72
18.3096952216 3.78545319575 177.297839442 1504014080.97
18.3097963284 3.78535431503 177.295619811 1504014081.11
18.3098854376 3.78535530694 177.292109864 1504014081.26
18.3096973999 3.78525750111 177.292109864 1504014081.41
18.3096963346 3.78535320194 177.297839442 1504014082.08
18.3098514821 3.78535492897 177.29527013 1504014082.44
18.3098976371 3.78523731133 177.292109864 1504014082.75
18.3099974291 3.78525654739 177.292109864 1504014082.84
18.3098974353 3.7852554343 177.292881893 1504014083.18
18.3098963223 3.78535542811 177.293950533 1504014083.34
18.3098963223 3.78535542811 177.292109864 1504014083.56
18.3096985608 3.78515321433 177.292109864 1504014084.06
18.3097891356 3.78524582831 177.297358161 1504014084.14
18.3097891356 3.78524582831 177.297358161 1504014084.14
18.3097974415 3.78525432122 177.296314454 1504014084.16
18.3096985608 3.78515321433 177.295796013 1504014084.34
18.309697333 3.78526351394 177.295269911 1504014084.42
18.3097040851 3.78535328822 177.29255396 1504014084.63
18.3098940961 3.78555541572 177.293750659 1504014084.96
18.3097974415 3.78525432122 177.292109864 1504014085.25
18.3097346408 3.78545363454 177.295580743 1504014085.79
18.3098239309 3.78545462848 177.296194059 1504014085.96
18.3098870617 3.78545533122 177.292576711 1504014086.07
18.3097807191 3.78545414747 177.297008815 1504014086.13
18.3096965241 3.78533618377 177.296864312 1504014086.53
18.3096281051 3.78535244244 177.293929934 1504014086.77
18.3098918699 3.78575540333 177.297839442 1504014087.3
18.3098952092 3.78545542191 177.292109864 1504014087.77
18.3099145242 3.78547517183 177.293229062 1504014088.41
18.3099940899 3.7855565288 177.292960741 1504014088.58
18.3098697056 3.78545513802 177.297839442 1504014089.08
18.3097952154 3.78545430883 177.297839442 1504014089.35
18.3097941642 3.7855487398 177.29242861 1504014089.42
18.3098952092 3.78545542191 177.292109864 1504014089.59
18.3099510865 3.78535603772 177.292109864 1504014089.88
18.3097963284 3.78535431503 177.293592349 1504014090.01
18.3097963284 3.78535431503 177.292109864 1504014090.08
18.3097962701 3.7853595541 177.292410059 1504014090.56
18.3098476106 3.78525487968 177.296402114 1504014091.15
18.3097974415 3.78525432122 177.292109864 1504014091.25
18.3098215985 3.78535459632 177.296391482 1504014091.36
18.3098963223 3.78535542811 177.296756757 1504014091.45
18.3097999288 3.7853543551 177.297839442 1504014091.52
18.3097941721 3.78554802722 177.297659653 1504014091.64
18.3097959751 3.78538606087 177.293928879 1504014092.5
18.309825507 3.78545464602 177.296103752 1504014092.7
18.3097941023 3.78555430264 177.297839442 1504014092.86
18.3098454341 3.78555487404 177.29505114 1504014093.05
18.3098952092 3.78545542191 177.292109864 1504014093.16
18.3098940961 3.78555541572 177.293120411 1504014093.28
18.3098955216 3.78542735472 177.292109864 1504014093.73
18.3098952092 3.78545542191 177.292109864 1504014093.8
18.3098442274 3.7856041864 177.297839442 1504014094.07
18.3097939276 3.78556999978 177.2930093 1504014094.15
18.309982743 3.78572810378 177.291569195 1504014094.59
18.3097937277 3.78565430466 177.292152178 1504014095.43
18.3098952092 3.78545542191 177.292109864 1504014095.59
18.3099915328 3.78545649414 177.292109864 1504014095.78
18.3099915328 3.78545649414 177.292109864 1504014095.78
18.3098468895 3.78535487785 177.292109864 1504014096.05
18.3098948677 3.78548610165 177.296081513 1504014096.16
18.3098952092 3.78545542191 177.297839442 1504014096.26
18.3098940961 3.78555541572 177.297839442 1504014096.5
18.3098963223 3.78535542811 177.292109864 1504014097.25
18.3096963346 3.78535320194 177.296512884 1504014097.57
18.3098928372 3.78555282637 177.297765668 1504014097.7
18.3098552425 3.78565498941 177.294272369 1504014097.8
18.3097952154 3.78545430883 177.292963429 1504014098.11
18.3098093336 3.78536761292 177.297085869 1504014098.36
18.3097674335 3.78535399338 177.293765523 1504014098.47
18.309794538 3.78551516298 177.29435254 1504014098.7
18.3099940899 3.7855565288 177.294830669 1504014099.05
18.3099940899 3.7855565288 177.292109864 1504014099.19
18.3100488639 3.78555713852 177.294700926 1504014099.29
18.3100945322 3.78551734747 177.292109864 1504014099.41
18.3097941023 3.78555430264 177.294432066 1504014100.32
18.309795158 3.78545946229 177.297544152 1504014100.4
18.309892983 3.78565540952 177.293250541 1504014100.51
18.3099936992 3.78559162531 177.295980156 1504014100.6
18.3098940961 3.78555541572 177.297839442 1504014100.99
18.3098953757 3.78544046247 177.29454607 1504014101.04
18.3098940961 3.78555541572 177.297839442 1504014101.42
18.3099412365 3.78555594046 177.295138327 1504014101.69
18.3099947062 3.78550116714 177.292109864 1504014101.82
18.3099230392 3.78538274656 177.296291345 1504014101.95
18.3098952092 3.78545542191 177.292109864 1504014102.19
18.3098952092 3.78545542191 177.292109864 1504014102.26
18.3098952092 3.78545542191 177.292109864 1504014102.27
18.3098265013 3.78555466329 177.297839442 1504014102.48
18.3097941023 3.78555430264 177.297839442 1504014102.53
18.3099756329 3.78553765626 177.292109864 1504014102.99
18.3098940961 3.78555541572 177.295607286 1504014103.37
18.3097939038 3.78557213555 177.297839442 1504014103.75
18.3097952154 3.78545430883 177.292109864 1504014104.45
