16.6622256716 3.00138473881 0.0 1504013462.39
16.6628445408 3.00252794646 0.0 1504013462.57
16.6636890774 3.00229344645 0.0 1504013462.66
16.6643681123 3.0020587851 0.0 1504013462.97
16.6630805549 3.00165515776 0.0 1504013463.17
16.6653766572 3.00230555781 0.0 1504013463.33
16.6642 3.0020396895 0.0 1504013463.72
16.6652557722 3.00192067472 0.0 1504013463.87
16.664733434 3.00243040851 0.0 1504013463.97
16.6633610952 3.00163400589 0.0 1504013464.08
16.6634648074 3.00133374983 0.0 1504013464.13
16.6656333588 3.0023 0.0 1504013464.23
16.6635269152 3.00265776277 0.0 1504013464.31
16.6654597716 3.0022 0.0 1504013464.52
16.6649688568 3.00237212996 0.0 1504013464.55
16.6634818454 3.00206339141 0.0 1504013464.64
16.6626353851 3.00074718013 0.0 1504013464.71
16.6637 3.00211402405 0.0 1504013465.25
16.6629156672 3.00102154241 0.0 1504013465.31
16.6657687047 3.0023 0.0 1504013465.43
16.6635991225 3.00200789789 0.0 1504013465.55
16.6639346286 3.0025784935 0.0 1504013465.78
16.6626046021 3.0007 0.0 1504013465.97
16.6631572277 3.00131438947 0.0 1504013466.5
16.6645175141 3.00263456153 0.0 1504013466.67
16.6629005274 3.00114508903 0.0 1504013466.8
16.6634952549 3.00193796075 0.0 1504013467.05
16.6644852702 3.00172118805 0.0 1504013467.22
16.6641553032 3.00272905135 0.0 1504013467.88
16.6640082681 3.00158257468 0.0 1504013468.05
16.6642623753 3.00250400562 0.0 1504013468.17
16.6626 3.0007 0.0 1504013468.37
16.6643217303 3.00198478372 0.0 1504013468.48
16.6641352882 3.00126779845 0.0 1504013468.63
16.6658030225 3.00206717041 0.0 1504013468.71
16.663985236 3.0026199391 0.0 1504013468.78
16.6630371618 3.00279122073 0.0 1504013469.12
16.6626676744 3.00150555229 0.0 1504013469.19
16.6632290873 3.00260912687 0.0 1504013469.41
16.6624 3.00073418532 0.0 1504013469.55
16.6641 3.0021 0.0 1504013469.72
16.6651554234 3.00191629774 0.0 1504013469.87
16.6636596067 3.00234235958 0.0 1504013470.03
16.6654629622 3.0022604937 0.0 1504013470.21
16.6634816595 3.0019650647 0.0 1504013470.64
16.662942343 3.00111841925 0.0 1504013470.69
16.6633816286 3.00102338215 0.0 1504013470.8
16.6635806936 3.00085096439 0.0 1504013471.02
16.6650823451 3.00211372418 0.0 1504013471.68
16.6640727727 3.00062161691 0.0 1504013471.89
16.661732006 3.00071600302 0.0 1504013472.03
16.6596809542 2.99991111318 0.0 1504013472.2
16.6629554014 3.00162220021 0.0 1504013472.29
16.6633734559 3.00172109068 0.0 1504013472.35
16.6629 3.00107861775 0.0 1504013472.45
16.6628640058 3.00051584327 0.0 1504013472.53
16.6633 3.00172113613 0.0 1504013472.74
16.6630587436 3.00126827244 0.0 1504013472.77
16.6630587436 3.00126827244 0.0 1504013472.77
16.6633382071 3.00213255021 0.0 1504013473.02
16.6625619377 3.0005 0.0 1504013473.14
16.6642 3.00197764729 0.0 1504013473.34
16.6658811507 3.00198019178 0.0 1504013473.52
16.6659951848 3.00199919747 0.0 1504013473.53
16.6654876315 3.00216460526 0.0 1504013473.82
16.6651242924 3.00202071541 0.0 1504013474.09
16.6639359338 3.00247819686 0.0 1504013474.18
16.6629606533 3.00114079846 0.0 1504013474.29
16.6649889987 3.00189404097 0.0 1504013474.43
16.6635013131 3.0018019696 0.0 1504013474.87
16.664189134 3.00166176098 0.0 1504013474.95
16.663611096 3.00275602167 0.0 1504013475.09
16.6634913452 3.00197789278 0.0 1504013475.15
16.6609189059 3.00125984369 0.0 1504013475.3
16.6589233629 2.99980934517 0.0 1504013475.57
16.6579291555 2.99989271112 0.0 1504013475.69
16.6579 2.99952928625 0.0 1504013475.75
16.6607252965 3.00095828442 0.0 1504013475.87
16.662 3.00078950361 0.0 1504013476.05
16.6653763259 3.00191272098 0.0 1504013477.08
16.6649890673 3.00235455059 0.0 1504013477.45
16.6634856643 3.00201468595 0.0 1504013477.55
16.6654266646 3.00207111076 0.0 1504013477.72
16.6632144833 3.00152172494 0.0 1504013477.87
16.6649075428 3.00129756722 0.0 1504013478.17
16.6667865841 3.0016 0.0 1504013478.32
16.6609421032 3.00120526289 0.0 1504013478.63
16.6606517749 3.00030946613 0.0 1504013478.72
16.6597051756 2.99999676527 0.0 1504013478.82
16.663061571 3.00155960726 0.0 1504013478.95
16.6617183971 3.00060033836 0.0 1504013479.09
16.6655896074 3.0019 0.0 1504013479.53
16.6634829731 3.00200216138 0.0 1504013479.64
16.6638519093 3.00193663492 0.0 1504013480.23
16.6654118567 3.00178711404 0.0 1504013480.67
16.6630356593 3.00085348896 0.0 1504013480.91
16.6656726685 3.00217877808 0.0 1504013481.02
16.6642680705 3.00119268224 0.0 1504013481.16
16.6609458525 3.0008 0.0 1504013481.36
16.6599296135 2.99971899155 0.0 1504013481.51
16.6581 2.9994490768 0.0 1504013481.75
16.657890115 2.99919011499 0.0 1504013481.79
16.6618339928 3.00120849819 0.0 1504013481.91
16.6612186043 3.00139813957 0.0 1504013482.0
16.6606 3.0002 0.0 1504013482.16
16.6650194741 3.00199060139 0.0 1504013482.54
16.6625 3.0005 0.0 1504013482.76
16.6642172532 3.00143017879 0.0 1504013482.82
16.6659375232 3.002 0.0 1504013483.13
16.6656158216 3.00221829965 0.0 1504013483.44
16.6634904302 3.00197655869 0.0 1504013483.55
16.6647249018 3.00184450969 0.0 1504013483.67
16.6656614468 3.00093775864 0.0 1504013483.82
16.6628653288 3.0003653288 0.0 1504013483.99
16.6624945695 3.00175421894 0.0 1504013484.39
16.6617555955 3.00062227932 0.0 1504013484.5
16.6627886274 3.0010857466 0.0 1504013484.54
16.6639396001 3.00211509998 0.0 1504013484.66
16.6628619624 3.00190430081 0.0 1504013484.73
16.6642090073 3.00197819854 0.0 1504013484.92
16.6632999969 3.00216000063 0.0 1504013484.98
16.6624383719 3.00060959299 0.0 1504013485.14
16.660497826 3.00064744248 0.0 1504013485.29
16.6621 3.00171786545 0.0 1504013485.61
16.6628 3.00174943506 0.0 1504013485.94
16.6636014741 3.00139682547 0.0 1504013486.05
16.6623247114 3.00107881881 0.0 1504013486.31
16.6610613047 3.00073065237 0.0 1504013486.42
16.6626634429 3.0016376347 0.0 1504013486.7
16.6618141413 3.00189782441 0.0 1504013486.8
16.6621091652 3.00096064734 0.0 1504013486.94
16.6626267547 3.00218596266 0.0 1504013487.11
16.6626936764 3.00165058892 0.0 1504013487.15
16.6622046023 3.00091882814 0.0 1504013487.19
16.664675466 3.001945911 0.0 1504013487.3
16.662259127 3.0005 0.0 1504013487.54
16.664428249 3.00184529184 0.0 1504013487.66
16.6637519709 3.0014779563 0.0 1504013487.78
16.6656797596 3.002 0.0 1504013487.91
16.6636 3.00253744672 0.0 1504013488.0
16.6636634899 3.00085056568 0.0 1504013489.08
16.6658666459 3.00218333852 0.0 1504013489.44
16.665129779 3.00191891345 0.0 1504013489.75
16.6655649652 3.00165133797 0.0 1504013490.38
16.6666850325 3.00189700651 0.0 1504013490.63
16.6649507551 3.00230367189 0.0 1504013490.67
16.6645 3.0019 0.0 1504013491.04
16.6638939598 3.00077449681 0.0 1504013491.11
16.6649783624 3.00184938865 0.0 1504013491.28
16.6638572944 3.00085729436 0.0 1504013491.44
16.6649323758 3.00144707188 0.0 1504013491.51
16.6652817595 3.00205152004 0.0 1504013491.57
16.6648788775 3.00218685376 0.0 1504013491.89
16.6648 3.0021728881 0.0 1504013491.91
16.6641398539 3.00094474424 0.0 1504013492.0
16.6656761866 3.00163038348 0.0 1504013492.12
16.6656 3.00164834911 0.0 1504013492.23
16.6667901495 3.0013942971 0.0 1504013492.43
16.6667901495 3.0013942971 0.0 1504013492.43
16.6652 3.00191869498 0.0 1504013492.54
16.6645507206 3.00094492101 0.0 1504013492.6
16.66413495 3.00073495003 0.0 1504013492.95
16.6621455189 3.00110576758 0.0 1504013493.33
16.6603856182 3.0000453182 0.0 1504013493.5
16.6594168024 2.99995840121 0.0 1504013493.6
16.6583607991 2.99999392009 0.0 1504013493.69
16.658 2.99924827573 0.0 1504013493.84
16.6633168021 3.00087166069 0.0 1504013494.4
16.6577752512 2.9992 0.0 1504013495.06
16.6616 3.0003 0.0 1504013495.34
16.6635275169 3.00134407164 0.0 1504013495.42
16.660306106 2.999306106 0.0 1504013496.03
16.6590642374 2.99958517599 0.0 1504013496.09
16.6586 2.999 0.0 1504013496.24
16.6607137323 3.0002169974 0.0 1504013496.31
16.6626537039 3.00080578702 0.0 1504013496.39
16.6623066662 3.00086222143 0.0 1504013496.49
16.6634790856 3.00115533802 0.0 1504013496.62
16.6636304638 3.00123793792 0.0 1504013496.78
16.6599825524 2.99977395808 0.0 1504013497.08
16.6577315497 2.9992 0.0 1504013497.43
16.6588308302 2.99977605216 0.0 1504013497.49
16.6621938285 3.00133315905 0.0 1504013497.66
16.6632373111 3.00090681904 0.0 1504013498.0
16.664376042 3.00182395795 0.0 1504013498.21
16.6650728984 3.00178785026 0.0 1504013498.45
16.6631543794 3.00164516388 0.0 1504013498.59
16.66506871 3.0023 0.0 1504013498.77
16.666291465 3.00171808916 0.0 1504013499.05
16.6658 3.00153488841 0.0 1504013499.15
16.6619836695 3.0009 0.0 1504013499.37
16.6630365481 3.00093756346 0.0 1504013499.97
16.6637979621 3.00046850197 0.0 1504013500.2
16.6644 3.00151904393 0.0 1504013500.33
16.6630959501 3.00042001187 0.0 1504013500.49
16.6606466013 3.0008 0.0 1504013500.59
16.6605055114 2.99957164835 0.0 1504013500.65
16.6599627948 2.99994767103 0.0 1504013500.71
16.6581805878 2.99957411703 0.0 1504013500.96
16.6579958405 2.9992 0.0 1504013501.07
16.6589619444 2.99975384679 0.0 1504013501.09
16.6617 3.00036726556 0.0 1504013501.33
16.6632558538 3.00120758138 0.0 1504013501.42
16.6640829493 3.00033034887 0.0 1504013501.61
16.664 3.00011524349 0.0 1504013501.67
16.6611082194 3.0007 0.0 1504013501.78
16.6602581847 2.99986817938 0.0 1504013501.9
16.6633 3.001 0.0 1504013502.45
16.6632982867 3.00039468381 0.0 1504013502.59
16.6634195481 3.00031954807 0.0 1504013502.87
16.6604222948 2.99973376875 0.0 1504013503.05
16.6582160701 3.00010803504 0.0 1504013503.23
16.6574695214 2.99962602854 0.0 1504013503.38
16.6607568604 3.00137589257 0.0 1504013503.53
16.6616258457 3.00127294681 0.0 1504013503.57
16.6621576817 3.00091041093 0.0 1504013503.79
16.6629671178 3.0006671178 0.0 1504013504.03
16.6588509811 2.99990544655 0.0 1504013504.44
16.6632 3.00101000101 0.0 1504013504.8
16.6630234151 3.00033932156 0.0 1504013504.98
16.6642 3.00158901893 0.0 1504013505.12
16.6591244524 2.99982445237 0.0 1504013505.62
16.6589 2.99925844516 0.0 1504013505.75
16.6587010448 2.99890156725 0.0 1504013505.81
16.6587010448 2.99890156725 0.0 1504013505.81
16.6626648642 3.00134478664 0.0 1504013506.06
16.664 3.0017 0.0 1504013506.31
16.6632 3.0005 0.0 1504013506.47
16.6603653697 3.00048443671 0.0 1504013506.61
16.6594452713 3.00004905426 0.0 1504013506.74
16.6581 2.9999920404 0.0 1504013506.89
16.6633072858 3.00140846589 0.0 1504013507.42
16.6645694634 3.00170508944 0.0 1504013507.49
16.6631535031 3.00040359007 0.0 1504013507.7
16.6580339011 2.99933390107 0.0 1504013508.23
16.6614204547 3.00119795453 0.0 1504013508.33
16.6617 3.0005 0.0 1504013508.55
16.663990717 3.0018 0.0 1504013508.66
16.6632970189 3.00093774677 0.0 1504013508.8
16.6616610988 3.0008 0.0 1504013508.96
16.6605206709 2.99990949682 0.0 1504013509.11
16.6593254701 2.9998 0.0 1504013509.28
16.659284349 2.99937913205 0.0 1504013509.36
16.6590788462 2.99907884624 0.0 1504013509.46
16.6629 3.00087302084 0.0 1504013509.6
16.6621311351 3.0003 0.0 1504013509.75
16.664 3.0017 0.0 1504013509.94
16.6581841584 3.00052852124 0.0 1504013510.12
16.6313393004 2.99773214625 0.0 1504013510.49
16.5845623717 2.99478770368 0.0 1504013510.79
16.5383166067 2.9929 0.0 1504013511.02
16.52790692 2.99280265282 0.0 1504013511.09
16.4910436493 2.9924 0.0 1504013511.35
16.4725790401 2.9925996673 0.0 1504013511.52
16.4503188261 2.99275091589 0.0 1504013511.74
16.4414888005 2.99307625099 0.0 1504013511.83
16.432573287 2.993 0.0 1504013511.93
16.4211479972 2.99379216372 0.0 1504013512.05
16.4098052948 2.9938 0.0 1504013512.17
16.4078838227 2.9938 0.0 1504013512.19
16.4040378807 2.9938 0.0 1504013512.24
16.3989317706 2.99371606501 0.0 1504013512.29
16.3889511231 2.99414998097 0.0 1504013512.39
16.3571233653 2.99498814155 0.0 1504013512.71
16.350640684 2.99490710781 0.0 1504013512.77
16.3284834764 2.9952 0.0 1504013512.99
16.3070358477 2.99516865498 0.0 1504013513.2
16.2887653917 2.9955 0.0 1504013513.38
16.2588573398 2.9959 0.0 1504013513.68
16.2471586184 2.9959 0.0 1504013513.79
16.2287231541 2.99928448768 0.0 1504013513.91
16.2146413901 2.9995 0.0 1504013514.01
16.2104136772 2.99940598301 0.0 1504013514.09
16.2016356935 2.99815271079 0.0 1504013514.19
16.1904381399 2.99836804134 0.0 1504013514.31
16.1795694655 2.99820461069 0.0 1504013514.46
16.1702358013 2.9983 0.0 1504013514.57
16.1645482546 2.9983 0.0 1504013514.63
16.1546676276 2.99801869293 0.0 1504013514.75
16.1501003125 2.99791600625 0.0 1504013514.8
16.1234294929 2.9980329059 0.0 1504013515.07
16.0432396381 3.0003 0.0 1504013515.73
16.036111947 3.00077667771 0.0 1504013515.83
16.029720397 3.00012743959 0.0 1504013515.95
16.0168219873 3.00054715229 0.0 1504013516.15
15.9924943773 3.0005 0.0 1504013516.39
15.9461660681 2.99930218005 0.0 1504013516.77
15.9341950739 2.99927344747 0.0 1504013516.86
15.9099495609 2.99889084065 0.0 1504013517.09
15.8958651746 2.9985 0.0 1504013517.24
15.8702973972 2.99831828995 0.0 1504013517.51
15.8203492267 2.9979 0.0 1504013518.05
15.8152053262 2.9979 0.0 1504013518.11
15.7506040108 2.99744760673 0.0 1504013518.75
15.7195539783 2.9977435146 0.0 1504013519.04
15.7128559103 2.99784498508 0.0 1504013519.1
15.6936307994 2.99819564002 0.0 1504013519.31
15.6818993107 2.9983122928 0.0 1504013519.44
15.6580665956 2.99873164083 0.0 1504013519.68
15.6519893723 2.99892019323 0.0 1504013519.75
15.6371519344 2.99916640094 0.0 1504013519.9
15.6305267336 2.99948021419 0.0 1504013519.96
15.6198981395 2.99977698032 0.0 1504013520.06
15.6104435876 2.99999094021 0.0 1504013520.15
15.5992450088 3.00076206655 0.0 1504013520.25
15.5868856723 3.00101850255 0.0 1504013520.37
15.5508293462 3.00143550069 0.0 1504013520.73
15.5316229452 3.00175628425 0.0 1504013520.91
15.5236668703 3.00198712736 0.0 1504013520.99
15.5090430259 3.00194285442 0.0 1504013521.14
15.503697016 3.00206009947 0.0 1504013521.19
15.4892839121 3.00220661917 0.0 1504013521.35
15.4733275344 3.0022920291 0.0 1504013521.5
15.4486559789 3.00386829708 0.0 1504013521.76
15.4303334004 3.00410338642 0.0 1504013521.96
15.4192442374 3.00456424258 0.0 1504013522.07
15.4182158687 3.0045963791 0.0 1504013522.08
15.4109736026 3.00476941872 0.0 1504013522.15
15.3928642043 3.00577910354 0.0 1504013522.34
15.3839778004 3.00609058304 0.0 1504013522.43
15.3819983642 3.0061586771 0.0 1504013522.45
15.3321499596 3.00750635049 0.0 1504013522.94
15.3170751287 3.00780249743 0.0 1504013523.09
15.3090663664 3.00800622487 0.0 1504013523.19
15.2843239804 3.00862278176 0.0 1504013523.45
15.2718284765 3.00882858725 0.0 1504013523.58
15.2690303448 3.00918372414 0.0 1504013523.64
15.2608058761 3.00919321334 0.0 1504013523.71
15.2367991562 3.00999842793 0.0 1504013523.91
15.2124753393 3.01191506859 0.0 1504013524.15
15.1935352961 3.01244501287 0.0 1504013524.34
15.1142718679 3.01631685462 0.0 1504013525.15
15.0981318196 3.01662902599 0.0 1504013525.3
15.0886400888 3.01701770055 0.0 1504013525.38
15.0486580104 3.01904972386 0.0 1504013525.78
15.0477965603 3.01918485329 0.0 1504013525.79
15.0366916297 3.0192 0.0 1504013525.9
15.0265751681 3.01960099328 0.0 1504013526.0
15.0083325122 3.020374492 0.0 1504013526.2
14.998083185 3.02082869582 0.0 1504013526.3
14.9820560055 3.02164460598 0.0 1504013526.48
14.9757574712 3.02178957725 0.0 1504013526.54
14.9679292158 3.02212479266 0.0 1504013526.62
14.9586810635 3.0231 0.0 1504013526.72
14.9456317115 3.02342560962 0.0 1504013526.86
14.9308182529 3.0244 0.0 1504013527.01
14.9179712267 3.02464115093 0.0 1504013527.13
14.8976161578 3.026 0.0 1504013527.34
14.8911200105 3.02615938429 0.0 1504013527.4
14.8879434765 3.02629282617 0.0 1504013527.43
14.8653126172 3.02858948569 0.0 1504013527.71
14.8653126172 3.02858948569 0.0 1504013527.71
14.8646853751 3.02836743922 0.0 1504013527.72
14.8555856751 3.02758802096 0.0 1504013527.83
14.8160422903 3.02955087226 0.0 1504013528.18
14.8020211681 3.03035766422 0.0 1504013528.3
14.7920160119 3.03080050637 0.0 1504013528.39
14.780697595 3.03119527627 0.0 1504013528.49
14.7701098644 3.03169267988 0.0 1504013528.58
14.7497918619 3.03344162762 0.0 1504013528.79
14.7450785162 3.03410888715 0.0 1504013528.89
14.7336758749 3.03292727901 0.0 1504013529.07
14.6770402654 3.03709423567 0.0 1504013529.57
14.6676117258 3.03763793091 0.0 1504013529.66
14.6506630431 3.03916787802 0.0 1504013529.83
14.6285966678 3.04065819993 0.0 1504013530.05
14.5943132472 3.04318912145 0.0 1504013530.39
14.555155227 3.04508579092 0.0 1504013530.8
14.5351320925 3.04667544188 0.0 1504013531.01
14.5238030823 3.04686363367 0.0 1504013531.13
14.5136621628 3.04767159704 0.0 1504013531.24
14.5088199248 3.04650996242 0.0 1504013531.37
14.5030766727 3.04675634369 0.0 1504013531.43
14.4894276262 3.04715597965 0.0 1504013531.55
14.4782310122 3.04803640444 0.0 1504013531.65
14.4600528806 3.04871733401 0.0 1504013531.81
14.4516417876 3.0493755866 0.0 1504013531.88
14.373470033 3.05397533113 0.0 1504013532.62
14.351011586 3.0556 0.0 1504013532.85
14.3337498811 3.05671667107 0.0 1504013533.03
14.2967998733 3.05874928271 0.0 1504013533.39
14.2819828547 3.05918753068 0.0 1504013533.53
14.2737996483 3.05793383254 0.0 1504013533.66
14.2533869421 3.05992204048 0.0 1504013533.84
14.2307642369 3.06158744011 0.0 1504013534.04
14.2151295216 3.06308037551 0.0 1504013534.19
14.2132629774 3.06319474669 0.0 1504013534.21
14.2030213571 3.0637950392 0.0 1504013534.3
14.1868429289 3.06496314909 0.0 1504013534.47
14.1775833826 3.06569494651 0.0 1504013534.56
14.1722818745 3.06604217216 0.0 1504013534.61
14.1610386813 3.06664785961 0.0 1504013534.72
14.1504562317 3.0679383531 0.0 1504013534.84
14.139900199 3.06862104216 0.0 1504013534.94
14.1023863605 3.07142531375 0.0 1504013535.3
14.0824499036 3.07319000826 0.0 1504013535.49
14.0626738533 3.07489566303 0.0 1504013535.69
14.0444911806 3.07617574805 0.0 1504013535.87
14.0259151653 3.07765683051 0.0 1504013536.05
14.0189620751 3.07827617499 0.0 1504013536.11
14.0170510411 3.07835889139 0.0 1504013536.13
14.0077032954 3.07896523316 0.0 1504013536.23
13.9860531597 3.081 0.0 1504013536.46
13.9780142156 3.08165518087 0.0 1504013536.55
13.9572471619 3.08345767039 0.0 1504013536.75
13.9497025982 3.08405974018 0.0 1504013536.83
13.9401225325 3.08509626908 0.0 1504013536.93
13.9303061199 3.08604178316 0.0 1504013537.02
13.9060379152 3.08845052414 0.0 1504013537.27
13.8685053869 3.09172944653 0.0 1504013537.67
13.8623254259 3.09224608397 0.0 1504013537.73
13.851991194 3.09343550611 0.0 1504013537.85
13.840765742 3.09435335015 0.0 1504013537.95
13.832386514 3.09499120196 0.0 1504013538.03
13.8229283671 3.09611889579 0.0 1504013538.14
13.8100181024 3.09738151018 0.0 1504013538.26
13.801366813 3.09827009475 0.0 1504013538.35
13.7925999848 3.09926521871 0.0 1504013538.45
13.7778731083 3.10045450603 0.0 1504013538.61
13.7706537475 3.10129341868 0.0 1504013538.69
13.7586556171 3.10259382032 0.0 1504013538.81
13.7559563653 3.10274162328 0.0 1504013538.84
13.7469946229 3.10357638195 0.0 1504013538.94
13.7375359293 3.10491043615 0.0 1504013539.04
13.7266041247 3.10599803183 0.0 1504013539.15
13.7130754873 3.10774767213 0.0 1504013539.29
13.6941613788 3.10982511802 0.0 1504013539.48
13.6735712088 3.11235359889 0.0 1504013539.69
13.6462201478 3.11593136642 0.0 1504013539.97
13.629900477 3.11754275493 0.0 1504013540.13
13.6153029518 3.11984271363 0.0 1504013540.29
13.5901242133 3.12324600922 0.0 1504013540.55
13.5794356769 3.12439094588 0.0 1504013540.65
13.5700406597 3.12549111233 0.0 1504013540.75
13.5615287184 3.12678321065 0.0 1504013540.85
13.5511989054 3.12795972594 0.0 1504013540.95
13.536677201 3.13001534988 0.0 1504013541.11
13.5274853816 3.1334961703 0.0 1504013541.21
13.5197721888 3.13491814366 0.0 1504013541.27
13.4986236393 3.13700017557 0.0 1504013541.49
13.4678324473 3.13977711102 0.0 1504013541.81
13.4566718207 3.14095463262 0.0 1504013541.93
13.4183949787 3.14641131915 0.0 1504013542.32
13.4090258255 3.14785063251 0.0 1504013542.41
13.36312038 3.154255924 0.0 1504013542.89
13.3594886413 3.15480861174 0.0 1504013542.93
13.3323076096 3.15873824097 0.0 1504013543.19
13.3292446287 3.15925782263 0.0 1504013543.22
13.3176252079 3.1610026097 0.0 1504013543.34
13.2192121561 3.176611705 0.0 1504013544.35
13.2097350888 3.17814021575 0.0 1504013544.44
13.197565033 3.17996177575 0.0 1504013544.56
13.1909415433 3.18104111322 0.0 1504013544.63
13.1812555492 3.18318007773 0.0 1504013544.73
13.1373040563 3.1915349057 0.0 1504013545.18
13.093437712 3.20301728192 0.0 1504013545.57
13.0647630774 3.20868879526 0.0 1504013545.93
13.0456442885 3.21399273375 0.0 1504013546.18
13.014960767 3.21943748914 0.0 1504013546.51
12.9884591058 3.22382447278 0.0 1504013546.76
12.9636291971 3.22823189025 0.0 1504013547.0
12.9369558801 3.23254016273 0.0 1504013547.26
12.9314551835 3.23372614179 0.0 1504013547.32
12.926631847 3.23504583795 0.0 1504013547.37
12.919518708 3.23680222723 0.0 1504013547.44
12.9043455952 3.23929737246 0.0 1504013547.6
12.8575964482 3.24948470902 0.0 1504013548.06
12.8353736963 3.2548391786 0.0 1504013548.32
12.8183991795 3.25826541359 0.0 1504013548.51
12.8120358141 3.26016763766 0.0 1504013548.59
12.7856242321 3.2659440752 0.0 1504013548.88
12.7655092053 3.27039208172 0.0 1504013549.09
12.757096637 3.27227661098 0.0 1504013549.19
12.7451366812 3.27469475984 0.0 1504013549.31
12.7069821039 3.2841587815 0.0 1504013549.72
12.6905894805 3.28839687652 0.0 1504013549.9
12.679678414 3.2910553965 0.0 1504013550.01
12.642964075 3.30110291333 0.0 1504013550.42
12.6252444354 3.30563988336 0.0 1504013550.62
12.615736224 3.30872559698 0.0 1504013550.72
12.6071473895 3.31078955825 0.0 1504013550.81
12.5740593231 3.31992453912 0.0 1504013551.18
12.53387351 3.33092383158 0.0 1504013551.58
12.5175730201 3.33512553997 0.0 1504013551.77
12.4977225235 3.34300443749 0.0 1504013552.04
12.4904042499 3.34561261611 0.0 1504013552.14
12.4535251859 3.35836289664 0.0 1504013552.58
12.4476712259 3.36012583408 0.0 1504013552.64
12.4324761024 3.36526836415 0.0 1504013552.81
12.4093015185 3.37328146495 0.0 1504013553.06
12.3801254164 3.3838635921 0.0 1504013553.38
12.3697257307 3.38753521541 0.0 1504013553.5
12.3284631593 3.40167499942 0.0 1504013554.0
12.3010727682 3.40974370736 0.0 1504013554.31
12.2791387243 3.41874340377 0.0 1504013554.56
12.2707555973 3.42234421982 0.0 1504013554.65
12.2054888931 3.44833922731 0.0 1504013555.4
12.1561828118 3.46831502163 0.0 1504013556.0
12.1225406496 3.48209471581 0.0 1504013556.39
12.0890315847 3.49561509227 0.0 1504013556.8
12.0794453462 3.49970217838 0.0 1504013556.91
12.0697386242 3.50392626694 0.0 1504013557.02
12.0599808149 3.50716810037 0.0 1504013557.14
12.0442968684 3.51420156581 0.0 1504013557.32
12.0280803256 3.52142095475 0.0 1504013557.5
12.0033716049 3.53265199127 0.0 1504013557.76
11.9947374284 3.53688239784 0.0 1504013557.86
11.9868237709 3.54088948596 0.0 1504013557.95
11.9781128309 3.54452463161 0.0 1504013558.05
11.968338882 3.54911204084 0.0 1504013558.17
11.9626353135 3.55178439637 0.0 1504013558.25
11.9524251602 3.55611964067 0.0 1504013558.39
11.9436356101 3.56036736571 0.0 1504013558.51
11.9365564091 3.56320573471 0.0 1504013558.6
11.9257420319 3.56808610263 0.0 1504013558.73
11.9206135916 3.57097854598 0.0 1504013558.8
11.9120536364 3.57499319106 0.0 1504013558.91
11.9011172044 3.57984842919 0.0 1504013559.03
11.8734725951 3.59339046682 0.0 1504013559.35
11.8665607134 3.59695485756 0.0 1504013559.43
11.8520469727 3.60375154454 0.0 1504013559.6
11.8123937725 3.62684229469 0.0 1504013560.11
11.793482808 3.63590673061 0.0 1504013560.35
11.7845330938 3.63952953856 0.0 1504013560.45
11.7599038919 3.65160197619 0.0 1504013560.75
11.7555203847 3.65394591046 0.0 1504013560.8
11.7242189337 3.67023557758 0.0 1504013561.19
11.7112859572 3.67656414907 0.0 1504013561.35
11.6880186819 3.68902235895 0.0 1504013561.65
11.6842812064 3.69111580631 0.0 1504013561.7
11.6230235525 3.72660728167 0.0 1504013562.49
11.6150498436 3.7312617953 0.0 1504013562.6
11.6076001574 3.73577745464 0.0 1504013562.69
11.5961890767 3.7426286953 0.0 1504013562.84
11.5868524009 3.74813021173 0.0 1504013562.96
11.5734009796 3.75631431 0.0 1504013563.13
11.5261816581 3.78531943772 0.0 1504013563.75
11.5155789955 3.79212911831 0.0 1504013563.88
11.4936172527 3.80616249181 0.0 1504013564.18
11.4655791625 3.824281829 0.0 1504013564.55
11.4537528607 3.83193214044 0.0 1504013564.71
11.4436265852 3.83905747796 0.0 1504013564.84
11.4322306085 3.84615521591 0.0 1504013564.98
11.4188696874 3.85572358058 0.0 1504013565.16
11.4108530684 3.8607646211 0.0 1504013565.25
11.3964990485 3.87062235967 0.0 1504013565.43
11.3931000559 3.87278746504 0.0 1504013565.47
11.3812617272 3.88087999058 0.0 1504013565.62
11.366993693 3.89057717026 0.0 1504013565.81
11.3348946509 3.9136714214 0.0 1504013566.25
11.330102282 3.91754379491 0.0 1504013566.33
11.3240168897 3.92190354511 0.0 1504013566.41
11.3059618257 3.93503256364 0.0 1504013566.65
11.2926540434 3.9446820093 0.0 1504013566.83
11.2800239655 3.95356160559 0.0 1504013567.01
11.2773902316 3.95555360229 0.0 1504013567.05
11.2715373811 3.95983119565 0.0 1504013567.13
11.2620277382 3.9677436487 0.0 1504013567.26
11.2491679144 3.97810661164 0.0 1504013567.45
11.2445302537 3.98163416028 0.0 1504013567.51
11.2290117443 3.99311619176 0.0 1504013567.7
11.2180667193 4.00238713904 0.0 1504013567.85
11.2112636228 4.00729269387 0.0 1504013567.93
11.1980480222 4.01816070907 0.0 1504013568.11
11.1806119063 4.03242557674 0.0 1504013568.37
11.1732082623 4.03828181967 0.0 1504013568.49
11.1454074556 4.06217336975 0.0 1504013568.86
11.1289351579 4.07567283253 0.0 1504013569.11
11.1231842692 4.08053875136 0.0 1504013569.2
11.1188982541 4.08415299655 0.0 1504013569.27
11.108693906 4.09227355283 0.0 1504013569.42
11.089118672 4.10926635161 0.0 1504013569.7
11.0803293093 4.11716218482 0.0 1504013569.82
11.0734975977 4.12320512219 0.0 1504013569.92
11.0646686062 4.13025059109 0.0 1504013570.05
11.0539055489 4.13954852426 0.0 1504013570.19
11.0494516862 4.14349001409 0.0 1504013570.24
11.0378952812 4.15376129989 0.0 1504013570.39
11.0209936861 4.16813514187 0.0 1504013570.63
10.997557727 4.18904938664 0.0 1504013570.98
10.9793041256 4.20578230466 0.0 1504013571.25
10.9754665555 4.20937788555 0.0 1504013571.31
10.9632130396 4.22075963088 0.0 1504013571.49
10.9483768732 4.23469711477 0.0 1504013571.71
10.9318522406 4.25003541214 0.0 1504013571.96
10.9259117483 4.25571410631 0.0 1504013572.04
10.9037534157 4.27755726741 0.0 1504013572.37
10.8940903226 4.28693504789 0.0 1504013572.52
10.8826067997 4.29795393361 0.0 1504013572.7
10.8737847891 4.30669044291 0.0 1504013572.82
10.8628108769 4.31788275713 0.0 1504013572.99
10.8499705763 4.33002942375 0.0 1504013573.2
10.8405154151 4.33880436656 0.0 1504013573.34
10.8338431448 4.34566175691 0.0 1504013573.44
10.8249729942 4.35403436608 0.0 1504013573.6
10.8167511965 4.36214725206 0.0 1504013573.73
10.8095476851 4.36938932551 0.0 1504013573.84
10.7991394768 4.37970908217 0.0 1504013574.0
10.7771499448 4.40248953178 0.0 1504013574.35
10.7685623785 4.41123762152 0.0 1504013574.49
10.7521223509 4.42549552982 0.0 1504013574.68
10.7395346855 4.43905664311 0.0 1504013574.88
10.7253382773 4.45553831936 0.0 1504013575.08
10.7068621427 4.4770791314 0.0 1504013575.35
10.6928396087 4.49304482747 0.0 1504013575.58
10.680566175 4.50671133957 0.0 1504013575.8
10.6760637563 4.5116340452 0.0 1504013575.89
10.6750362075 4.51281924291 0.0 1504013575.91
10.6659675003 4.5226989997 0.0 1504013576.08
10.6545806714 4.53567399479 0.0 1504013576.29
10.6468859112 4.54472588058 0.0 1504013576.43
10.6462620553 4.54550178349 0.0 1504013576.44
10.6369834628 4.55669339803 0.0 1504013576.59
10.6324734957 4.5622791873 0.0 1504013576.67
10.6256375266 4.57095445307 0.0 1504013576.78
10.6044296389 4.59632443328 0.0 1504013577.15
10.5920687858 4.61196698019 0.0 1504013577.36
10.5828127463 4.62342302458 0.0 1504013577.5
10.5721125085 4.63683748908 0.0 1504013577.67
10.5595711605 4.65255496873 0.0 1504013577.88
10.5532163563 4.66072354472 0.0 1504013577.99
10.5475418713 4.66777266093 0.0 1504013578.09
10.5321163304 4.68754310764 0.0 1504013578.41
10.5289158348 4.69177888688 0.0 1504013578.47
10.5240040244 4.69828353324 0.0 1504013578.56
10.5128997525 4.71244515192 0.0 1504013578.76
10.5075976748 4.71934081751 0.0 1504013578.86
10.4931102857 4.73798869272 0.0 1504013579.12
10.4787371273 4.75767956121 0.0 1504013579.37
10.4775608387 4.75925035029 0.0 1504013579.39
10.4669831031 4.77339363591 0.0 1504013579.58
10.4566402983 4.78739253759 0.0 1504013579.77
10.4487346159 4.79805356408 0.0 1504013579.92
10.4439868342 4.80450886249 0.0 1504013580.01
10.4282624394 4.82736414583 0.0 1504013580.29
10.4198752025 4.83899237313 0.0 1504013580.45
10.40532967 4.86078142219 0.0 1504013580.74
10.39818839 4.87084683845 0.0 1504013580.87
10.3728621434 4.91019714736 0.0 1504013581.37
10.3630496477 4.93006580915 0.0 1504013581.67
10.3541982404 4.94165263941 0.0 1504013581.81
10.3474497048 4.95236254167 0.0 1504013581.93
10.3181342356 4.99522978201 0.0 1504013582.45
10.3083114736 5.01036610546 0.0 1504013582.63
10.2931593122 5.03389780765 0.0 1504013582.93
10.2890491909 5.04075280141 0.0 1504013583.02
10.279305162 5.05639249168 0.0 1504013583.21
10.2741937232 5.06506455756 0.0 1504013583.33
10.2670130323 5.07708316924 0.0 1504013583.48
10.2615974809 5.08613753184 0.0 1504013583.61
10.2562871005 5.09453891213 0.0 1504013583.72
10.2500462206 5.10435652814 0.0 1504013583.86
10.2465851631 5.1101580615 0.0 1504013583.93
10.2435873729 5.11480987427 0.0 1504013583.99
10.2376933874 5.12411354018 0.0 1504013584.11
10.2227273467 5.1493245486 0.0 1504013584.45
10.2051652367 5.17726563457 0.0 1504013584.78
10.1767093692 5.22625970826 0.0 1504013585.41
10.1688971939 5.23986345879 0.0 1504013585.59
10.1524610634 5.26868245218 0.0 1504013585.93
10.1497799832 5.27354892062 0.0 1504013585.99
10.1455607091 5.28119375912 0.0 1504013586.08
10.1408608591 5.28957703724 0.0 1504013586.17
10.1358580111 5.29902960901 0.0 1504013586.3
10.1317581108 5.30637330618 0.0 1504013586.39
10.1281072762 5.31380847825 0.0 1504013586.47
10.1108128872 5.34664494332 0.0 1504013586.86
10.1071263194 5.35370424426 0.0 1504013586.94
10.09442825 5.37904663884 0.0 1504013587.23
10.0925685036 5.38210888688 0.0 1504013587.27
10.090649676 5.3855086811 0.0 1504013587.31
10.0846790329 5.3962090956 0.0 1504013587.43
10.0797443753 5.40562877333 0.0 1504013587.55
10.0613646181 5.44028758136 0.0 1504013587.94
10.0572903249 5.44805411698 0.0 1504013588.03
10.0461624781 5.46907504383 0.0 1504013588.3
10.0401798287 5.48058030448 0.0 1504013588.45
10.0342467419 5.49122549628 0.0 1504013588.58
10.0305590091 5.49829580866 0.0 1504013588.67
10.0286334371 5.50220107058 0.0 1504013588.71
10.0053232073 5.54807967041 0.0 1504013589.24
9.97321473154 5.61301282459 0.0 1504013589.97
9.9662606417 5.62776378296 0.0 1504013590.15
9.95408225998 5.65391000922 0.0 1504013590.45
9.94832084542 5.66640309781 0.0 1504013590.59
9.94423618996 5.67494022086 0.0 1504013590.69
9.93884972652 5.68645473642 0.0 1504013590.82
9.93590743491 5.6927679406 0.0 1504013590.89
9.93180803286 5.70153259547 0.0 1504013590.99
9.92750506431 5.71123881632 0.0 1504013591.1
9.9232236165 5.72131549759 0.0 1504013591.2
9.91907600452 5.73047898983 0.0 1504013591.3
9.9122152958 5.7464038836 0.0 1504013591.49
9.90734621688 5.75685627106 0.0 1504013591.61
9.89983949037 5.77409080606 0.0 1504013591.8
9.88319242602 5.81143666276 0.0 1504013592.24
9.87804038436 5.82334690696 0.0 1504013592.38
9.87133589089 5.837990897 0.0 1504013592.55
9.86813553161 5.84495599512 0.0 1504013592.63
9.8638739138 5.8533932664 0.0 1504013592.73
9.85693737978 5.86864539618 0.0 1504013592.89
9.85196555511 5.88079207178 0.0 1504013593.02
9.84705091461 5.89206995127 0.0 1504013593.15
9.84385781827 5.89946425277 0.0 1504013593.23
9.83101426746 5.92977146507 0.0 1504013593.58
9.82887310549 5.93450931949 0.0 1504013593.63
9.82726059829 5.93805663517 0.0 1504013593.68
9.82453949308 5.94433033516 0.0 1504013593.76
9.81902516013 5.95785792412 0.0 1504013593.91
9.81585541165 5.96542532378 0.0 1504013594.0
9.81300237369 5.97199849304 0.0 1504013594.07
9.80455995858 5.99222648946 0.0 1504013594.29
9.79484206234 6.01436282784 0.0 1504013594.54
9.77348102275 6.065750606 0.0 1504013595.09
9.76462668361 6.08523995611 0.0 1504013595.31
9.76174353747 6.09285056674 0.0 1504013595.39
9.74696755035 6.13016845843 0.0 1504013595.78
9.74164069782 6.14387047487 0.0 1504013595.92
9.73787991749 6.15321658116 0.0 1504013596.03
9.7337827952 6.16381535609 0.0 1504013596.14
9.72659249876 6.18280100347 0.0 1504013596.34
9.71827405179 6.20480252857 0.0 1504013596.57
9.71195574877 6.222371116 0.0 1504013596.77
9.70709628733 6.23576534594 0.0 1504013596.91
9.70469980437 6.2427268821 0.0 1504013596.98
9.69957444463 6.2575878328 0.0 1504013597.13
9.69462512307 6.27156674898 0.0 1504013597.27
9.69237673918 6.2773624006 0.0 1504013597.33
9.68144507534 6.31090739578 0.0 1504013597.67
9.68033235206 6.31391372785 0.0 1504013597.7
9.6759785597 6.32665122762 0.0 1504013597.83
9.67009086916 6.34376853664 0.0 1504013598.02
9.66864057253 6.34821071085 0.0 1504013598.07
9.66624743724 6.35563861793 0.0 1504013598.16
9.66126715179 6.37005361741 0.0 1504013598.32
9.65916358945 6.37669510066 0.0 1504013598.39
9.65916358945 6.37669510066 0.0 1504013598.39
9.65622272385 6.38536460338 0.0 1504013598.49
9.65179660862 6.39898119154 0.0 1504013598.64
9.65068765348 6.40377119712 0.0 1504013598.69
9.64702177716 6.41558538471 0.0 1504013598.81
9.64462333202 6.42317350374 0.0 1504013598.89
9.639613827 6.43917314874 0.0 1504013599.05
9.63546906781 6.45169279656 0.0 1504013599.17
9.62301509975 6.49044866086 0.0 1504013599.56
9.61832462591 6.50556783051 0.0 1504013599.72
9.61630242607 6.51196847882 0.0 1504013599.8
9.60925661784 6.53438035065 0.0 1504013600.04
9.60687383709 6.54241640407 0.0 1504013600.13
9.60519575741 6.54839757634 0.0 1504013600.19
9.60169128214 6.55976989412 0.0 1504013600.31
9.59336420785 6.58828444001 0.0 1504013600.63
9.59148077514 6.59400563631 0.0 1504013600.69
9.58244339952 6.62565658958 0.0 1504013601.01
9.57784745502 6.64121639244 0.0 1504013601.18
9.57586482269 6.64790650816 0.0 1504013601.25
9.57499860545 6.65174185559 0.0 1504013601.29
9.57330061809 6.6589180221 0.0 1504013601.38
9.56441003297 6.69133570421 0.0 1504013601.71
9.55125490476 6.74375031746 0.0 1504013602.3
9.54724684886 6.75753935095 0.0 1504013602.44
9.54031476738 6.78115364122 0.0 1504013602.69
9.53652007631 6.79476472338 0.0 1504013602.83
9.53221376554 6.81110009992 0.0 1504013603.0
9.5291110539 6.82298354787 0.0 1504013603.13
9.52758134495 6.8284539586 0.0 1504013603.19
9.52467256366 6.83832617149 0.0 1504013603.3
9.51699688487 6.86676496317 0.0 1504013603.61
9.51483734614 6.87427916542 0.0 1504013603.69
9.50688499921 6.90167133638 0.0 1504013603.97
9.50498644251 6.90985968912 0.0 1504013604.06
9.50213126662 6.92172336134 0.0 1504013604.19
9.49633302655 6.94564556931 0.0 1504013604.44
9.49249971116 6.95990137197 0.0 1504013604.59
9.4834 6.99855083566 0.0 1504013604.9
9.48144367594 7.01136475613 0.0 1504013605.09
9.47822167059 7.02125643294 0.0 1504013605.22
9.47386237487 7.03763069844 0.0 1504013605.42
9.47077331845 7.04911862564 0.0 1504013605.56
9.45971153227 7.09215387091 0.0 1504013606.01
9.45893753626 7.09508423904 0.0 1504013606.04
9.45679759682 7.10340961271 0.0 1504013606.12
9.45417903695 7.1133872683 0.0 1504013606.22
9.44956036679 7.13160922396 0.0 1504013606.4
9.44559548344 7.1464392848 0.0 1504013606.55
9.4401012855 7.16692342136 0.0 1504013606.77
9.43443755562 7.18612245809 0.0 1504013606.97
9.42598945536 7.21826077262 0.0 1504013607.3
9.42208710033 7.23251312018 0.0 1504013607.44
9.41469495922 7.26149094489 0.0 1504013607.75
9.40958772427 7.28113406853 0.0 1504013607.98
9.40804469912 7.2859319711 0.0 1504013608.03
9.40736509713 7.2880265229 0.0 1504013608.05
9.39972836219 7.31442898356 0.0 1504013608.24
9.39743049854 7.32114543499 0.0 1504013608.32
9.3854984341 7.36564137351 0.0 1504013608.82
9.36850469372 7.42471873635 0.0 1504013609.36
9.36587656751 7.43642048188 0.0 1504013609.45
9.36136294421 7.45107559523 0.0 1504013609.61
9.36002893606 7.45655902423 0.0 1504013609.66
9.35426294594 7.48510134239 0.0 1504013610.01
9.35014555085 7.50212557506 0.0 1504013610.19
9.34787678632 7.51242499157 0.0 1504013610.3
9.34429476007 7.52838061528 0.0 1504013610.47
9.33974592435 7.54742837131 0.0 1504013610.66
9.33603725476 7.56068904313 0.0 1504013610.8
9.3352051024 7.56380870203 0.0 1504013610.83
9.33350422493 7.57173662232 0.0 1504013610.91
9.33230235944 7.57738291381 0.0 1504013610.97
9.3219933979 7.6188289427 0.0 1504013611.39
9.31939057815 7.62975128487 0.0 1504013611.51
9.31537984357 7.64723430727 0.0 1504013611.69
9.29978978154 7.71242597329 0.0 1504013612.42
9.28967432483 7.75639982888 0.0 1504013612.79
9.28496759691 7.77402961236 0.0 1504013612.96
9.27970249951 7.79432843927 0.0 1504013613.18
9.27667765293 7.80610567563 0.0 1504013613.31
9.26732373666 7.84334012233 0.0 1504013613.72
9.2651436253 7.8509543583 0.0 1504013613.8
9.26231158051 7.86253025601 0.0 1504013613.92
9.25313067493 7.89864858861 0.0 1504013614.28
9.2475816572 7.92109551809 0.0 1504013614.5
9.2456326706 7.92944720582 0.0 1504013614.59
9.24348240815 7.93810925594 0.0 1504013614.68
9.24040157428 7.95071653762 0.0 1504013614.81
9.23851612104 7.95841099863 0.0 1504013614.9
9.23683156736 7.96502636379 0.0 1504013614.97
9.23501477644 7.97244089422 0.0 1504013615.05
9.23241840525 7.98322637898 0.0 1504013615.18
9.22625881677 8.00676198736 0.0 1504013615.44
9.21821641778 8.03723432888 0.0 1504013615.75
9.2097877259 8.06995494481 0.0 1504013616.09
9.20493239658 8.08738053761 0.0 1504013616.27
9.19924607127 8.1092948476 0.0 1504013616.51
9.1955726342 8.12345433213 0.0 1504013616.66
9.19338066631 8.13145637625 0.0 1504013616.74
9.19224500539 8.13636074517 0.0 1504013616.79
9.18136237578 8.17881683346 0.0 1504013617.25
9.17503879123 8.20401013727 0.0 1504013617.53
9.17088662741 8.21871013987 0.0 1504013617.69
9.1668422159 8.23373446735 0.0 1504013617.85
9.16086686341 8.25529512015 0.0 1504013618.07
9.15821523097 8.26471310858 0.0 1504013618.16
9.15474509949 8.278055942 0.0 1504013618.29
9.13276859554 8.35872479168 0.0 1504013619.15
9.12820205001 8.37470107725 0.0 1504013619.33
9.12435263777 8.38883033628 0.0 1504013619.48
9.12178287531 8.39874410454 0.0 1504013619.59
9.11482437619 8.42256977534 0.0 1504013619.85
9.11349543643 8.42783851046 0.0 1504013619.91
9.1080988614 8.44787033548 0.0 1504013620.12
9.09486831991 8.49314612831 0.0 1504013620.6
9.08903093875 8.51310466336 0.0 1504013620.81
9.08435296305 8.52804351825 0.0 1504013620.96
9.08273809884 8.53305924806 0.0 1504013621.01
9.08095826914 8.53906002294 0.0 1504013621.07
9.0771869832 8.55102724408 0.0 1504013621.18
9.06600535471 8.58683304342 0.0 1504013621.54
9.06273431201 8.59714515775 0.0 1504013621.64
9.04821955883 8.64360995796 0.0 1504013622.09
9.04622914848 8.64644170304 0.0 1504013622.2
9.03094836167 8.69794589799 0.0 1504013622.67
9.01055094361 8.756199685 0.0 1504013623.22
9.00579834874 8.76930495377 0.0 1504013623.37
9.00013461314 8.78597548723 0.0 1504013623.57
8.9929816923 8.80641717694 0.0 1504013623.8
8.98915914503 8.81786133228 0.0 1504013623.93
8.98608636972 8.82701816478 0.0 1504013624.03
8.97836844087 8.84930590226 0.0 1504013624.28
8.97258379685 8.86573408405 0.0 1504013624.47
8.95605876167 8.91113546732 0.0 1504013624.97
8.92847725956 8.98379844004 0.0 1504013625.78
8.92561405839 8.99095365659 0.0 1504013625.86
8.90297334588 9.04792930071 0.0 1504013626.46
8.89776113888 9.0613610389 0.0 1504013626.61
8.89388279322 9.07095484456 0.0 1504013626.7
8.88968910616 9.081596563 0.0 1504013626.81
8.88561821438 9.09151968922 0.0 1504013626.92
8.8687062599 9.13192547703 0.0 1504013627.42
8.86047999268 9.15317201902 0.0 1504013627.67
8.85576591233 9.1645776777 0.0 1504013627.79
8.85085720042 9.17603319901 0.0 1504013627.92
8.84094376291 9.20035153345 0.0 1504013628.19
8.83831491559 9.20654694097 0.0 1504013628.26
8.83250291168 9.22084381268 0.0 1504013628.42
8.82844847545 9.22947881138 0.0 1504013628.52
8.82286976423 9.24271349512 0.0 1504013628.68
8.81191153587 9.26665167822 0.0 1504013628.92
8.80953860454 9.27181700025 0.0 1504013628.99
8.79603415148 9.30478345798 0.0 1504013629.4
8.79244085361 9.31323482039 0.0 1504013629.5
8.79075347402 9.31724604038 0.0 1504013629.55
8.78564935079 9.32865132934 0.0 1504013629.68
8.78152388713 9.33792217804 0.0 1504013629.79
8.77149764269 9.36093874641 0.0 1504013630.05
8.7614864841 9.38349611307 0.0 1504013630.31
8.75634637464 9.39501339573 0.0 1504013630.44
8.75023743835 9.40778234195 0.0 1504013630.59
8.74757198071 9.41370699203 0.0 1504013630.66
8.7447179058 9.42006045803 0.0 1504013630.73
8.74197269102 9.42613904131 0.0 1504013630.79
8.73785685731 9.43457492579 0.0 1504013630.89
8.73339453535 9.44428290111 0.0 1504013631.01
8.72361047938 9.46569026221 0.0 1504013631.26
8.6915314053 9.53159593318 0.0 1504013632.03
8.68502080482 9.54435839037 0.0 1504013632.17
8.67947097354 9.55825462369 0.0 1504013632.38
8.67616846289 9.5649837252 0.0 1504013632.47
8.67377545927 9.56974908146 0.0 1504013632.52
8.67096293603 9.57488780969 0.0 1504013632.59
8.66545946625 9.58539337086 0.0 1504013632.71
8.65430804175 9.6069839165 0.0 1504013632.95
8.65080242945 9.61278808501 0.0 1504013633.01
8.64193091298 9.62916945918 0.0 1504013633.17
8.63526066515 9.6414073599 0.0 1504013633.31
8.63068172684 9.65076383047 0.0 1504013633.42
8.62565953589 9.66076464928 0.0 1504013633.53
8.61908572483 9.67334230774 0.0 1504013633.67
8.61772613332 9.67600258463 0.0 1504013633.7
8.61356033158 9.68281165732 0.0 1504013633.79
8.60150121437 9.70529185254 0.0 1504013634.05
8.59451892443 9.71720433896 0.0 1504013634.2
8.58624978703 9.73189711769 0.0 1504013634.39
8.58200142029 9.73945668169 0.0 1504013634.48
8.57518455316 9.75184655167 0.0 1504013634.63
8.5731095511 9.75545011143 0.0 1504013634.67
8.56445477237 9.77158041133 0.0 1504013634.96
8.55404435896 9.79095302389 0.0 1504013635.19
8.5410538875 9.81296552573 0.0 1504013635.38
8.52064621384 9.84838079635 0.0 1504013635.74
8.50909938445 9.86805262558 0.0 1504013635.96
8.50422514189 9.87633100169 0.0 1504013636.07
8.50009956041 9.88322405132 0.0 1504013636.16
8.47816773114 9.91911080838 0.0 1504013636.61
8.47555328405 9.92354059622 0.0 1504013636.67
8.47360657962 9.92707494157 0.0 1504013636.72
8.46846558643 9.93562135343 0.0 1504013636.83
8.44773699739 9.96954655623 0.0 1504013637.27
8.4413375442 9.97980409301 0.0 1504013637.39
8.43307510351 9.99306793569 0.0 1504013637.56
8.4251550621 10.0054947675 0.0 1504013637.71
8.40954221656 10.0310534851 0.0 1504013638.03
8.40183657027 10.0431869124 0.0 1504013638.18
8.38860028295 10.062476963 0.0 1504013638.41
8.36234027275 10.1032092375 0.0 1504013638.91
8.34240872115 10.1334113732 0.0 1504013639.32
8.32895343738 10.1539267139 0.0 1504013639.57
8.32380660101 10.1618900985 0.0 1504013639.67
8.32021560362 10.1669779714 0.0 1504013639.73
8.31439671417 10.1761394064 0.0 1504013639.84
8.30892107672 10.1843666285 0.0 1504013639.94
8.28265788472 10.2239417691 0.0 1504013640.44
8.27376096969 10.2368738966 0.0 1504013640.6
8.2630012335 10.2521357268 0.0 1504013640.8
8.24634384918 10.2766089467 0.0 1504013641.12
8.24064740825 10.2839104817 0.0 1504013641.22
8.23441501493 10.2933317436 0.0 1504013641.34
8.22526826352 10.3065885075 0.0 1504013641.51
8.22111880395 10.3122751124 0.0 1504013641.6
8.20417752611 10.3362663654 0.0 1504013641.89
8.19485601172 10.349426807 0.0 1504013642.05
8.18986498715 10.3558565592 0.0 1504013642.13
8.18666194179 10.3608894145 0.0 1504013642.2
8.18170552716 10.3679067403 0.0 1504013642.29
8.17581660785 10.376006744 0.0 1504013642.4
8.16758767674 10.3873471822 0.0 1504013642.55
8.15456048462 10.4050799068 0.0 1504013642.79
8.12754965356 10.4422033125 0.0 1504013643.28
8.12093378649 10.451098452 0.0 1504013643.39
8.11069739843 10.4647892078 0.0 1504013643.55
8.09067751917 10.4912120588 0.0 1504013643.88
8.07581650353 10.5108492307 0.0 1504013644.14
8.06305096664 10.5272352586 0.0 1504013644.35
8.0607463754 10.5302619066 0.0 1504013644.39
8.04864095006 10.5457465374 0.0 1504013644.59
8.0388908903 10.5582452265 0.0 1504013644.75
8.02009106052 10.5822860347 0.0 1504013645.07
8.00790671995 10.5975617341 0.0 1504013645.27
7.99818954759 10.6098578003 0.0 1504013645.43
7.96771352055 10.6479453528 0.0 1504013645.94
7.95746348557 10.6603173824 0.0 1504013646.11
7.94385880169 10.6768246252 0.0 1504013646.32
7.93635276742 10.6859669793 0.0 1504013646.44
7.9320046017 10.691321306 0.0 1504013646.51
7.925 10.6996384615 0.0 1504013646.62
7.92031168229 10.7051861657 0.0 1504013646.69
7.91884821793 10.7070665769 0.0 1504013646.72
7.89470695399 10.7359465388 0.0 1504013647.13
7.88123757701 10.7516919544 0.0 1504013647.34
7.87448613062 10.7595664243 0.0 1504013647.44
7.86684198644 10.7686592464 0.0 1504013647.56
7.85940480866 10.7772410637 0.0 1504013647.67
7.8551518816 10.7820044924 0.0 1504013647.73
7.84042843173 10.7989902711 0.0 1504013647.97
7.83351912165 10.8069778591 0.0 1504013648.08
7.82938709961 10.8115171184 0.0 1504013648.15
7.82337523118 10.8183747333 0.0 1504013648.24
7.80544217055 10.8383446667 0.0 1504013648.51
7.79816318067 10.846522876 0.0 1504013648.62
7.79153487905 10.853921633 0.0 1504013648.72
7.77660086051 10.8711704861 0.0 1504013648.97
7.77018540999 10.878546049 0.0 1504013649.07
7.76176891406 10.8881147394 0.0 1504013649.21
7.75801157611 10.8923484782 0.0 1504013649.27
7.75059644777 10.9007014435 0.0 1504013649.38
7.74405700839 10.9081372908 0.0 1504013649.48
7.73186154073 10.9221323052 0.0 1504013649.68
7.71981631987 10.9357414525 0.0 1504013649.86
7.70950802892 10.9475066683 0.0 1504013650.03
7.69542688852 10.9627701888 0.0 1504013650.23
7.69233587084 10.9660443721 0.0 1504013650.28
7.68184885915 10.977591293 0.0 1504013650.45
7.67744909027 10.9824960007 0.0 1504013650.51
7.66823702357 10.9928370531 0.0 1504013650.65
7.66478563975 10.9964064258 0.0 1504013650.71
7.65522394146 11.0068167629 0.0 1504013650.86
7.64324135826 11.019901957 0.0 1504013651.04
7.63910729264 11.0243385152 0.0 1504013651.1
7.63293327631 11.0308651005 0.0 1504013651.2
7.62143951843 11.0428724709 0.0 1504013651.37
7.61388346479 11.0520711283 0.0 1504013651.48
7.61052213753 11.0557382981 0.0 1504013651.53
7.58374826065 11.0842517394 0.0 1504013651.93
7.57303534342 11.0955511222 0.0 1504013652.09
7.53448732455 11.1359834315 0.0 1504013652.66
7.52840262572 11.1425023086 0.0 1504013652.76
7.50946307764 11.1623369224 0.0 1504013653.03
7.47028473152 11.2022906502 0.0 1504013653.58
7.46531904321 11.2072809568 0.0 1504013653.65
7.38794055806 11.2853594419 0.0 1504013654.75
7.32723196295 11.3453331651 0.0 1504013655.6
7.31103706964 11.3607654578 0.0 1504013655.81
7.29747415962 11.3739393236 0.0 1504013655.99
7.26929017795 11.4010030731 0.0 1504013656.37
7.26136674181 11.4085262867 0.0 1504013656.49
7.2483875042 11.420997615 0.0 1504013656.69
7.2451440908 11.4240727144 0.0 1504013656.74
7.2312550303 11.4374700895 0.0 1504013656.94
7.22326117157 11.4450503407 0.0 1504013657.05
7.20711256075 11.4604255249 0.0 1504013657.26
7.194930636 11.4718817044 0.0 1504013657.43
7.18796647995 11.4783978438 0.0 1504013657.53
7.17239854632 11.495033244 0.0 1504013657.76
7.16457513788 11.5020193704 0.0 1504013657.9
7.15396896119 11.5126289225 0.0 1504013658.03
7.13130646377 11.5324365253 0.0 1504013658.3
7.12232953843 11.5402292937 0.0 1504013658.42
7.11825409087 11.5439640436 0.0 1504013658.47
7.10984904521 11.5514942245 0.0 1504013658.58
7.10225616721 11.5584853025 0.0 1504013658.68
7.09599199354 11.5638492689 0.0 1504013658.77
7.08698902725 11.571942255 0.0 1504013658.91
7.0742581402 11.5834700404 0.0 1504013659.1
7.06549404143 11.5905331727 0.0 1504013659.22
7.02458453476 11.6271266412 0.0 1504013659.8
7.00926838643 11.6407556688 0.0 1504013660.01
6.98282765178 11.664375046 0.0 1504013660.37
6.98131898621 11.6656506339 0.0 1504013660.39
6.97311155126 11.6728859354 0.0 1504013660.5
6.96333585949 11.6811031249 0.0 1504013660.62
6.95221885311 11.6903095818 0.0 1504013660.77
6.94498032032 11.6970342834 0.0 1504013660.87
6.94057160402 11.7006881602 0.0 1504013660.93
6.92121461902 11.7176967232 0.0 1504013661.19
6.90309420156 11.7333260544 0.0 1504013661.42
6.89730291565 11.7382626753 0.0 1504013661.51
6.89440046097 11.7407337528 0.0 1504013661.55
6.88455700646 11.7495361464 0.0 1504013661.68
6.87944198275 11.7539902816 0.0 1504013661.75
6.87244289013 11.7598338059 0.0 1504013661.85
6.86512161163 11.7662252341 0.0 1504013661.95
6.84916327028 11.7801232432 0.0 1504013662.16
6.83269577233 11.7940803819 0.0 1504013662.38
6.82466153257 11.800905922 0.0 1504013662.49
6.81704549979 11.8074904898 0.0 1504013662.59
6.79648893173 11.8245862885 0.0 1504013662.86
6.78235280587 11.8363367065 0.0 1504013663.06
6.77741311877 11.8400242921 0.0 1504013663.12
6.76884213744 11.8472636086 0.0 1504013663.22
6.75911108202 11.8554729722 0.0 1504013663.35
6.75033839455 11.8624000544 0.0 1504013663.46
6.73782139459 11.8722588895 0.0 1504013663.62
6.71994883876 11.8865509501 0.0 1504013663.86
6.67880866172 11.9186003632 0.0 1504013664.37
6.65409705318 11.938145383 0.0 1504013664.69
6.64956074559 11.9410377583 0.0 1504013664.75
6.62090119088 11.9632453523 0.0 1504013665.14
6.61399494313 11.9684381466 0.0 1504013665.22
6.59495351236 11.9833337787 0.0 1504013665.46
6.58990820986 11.9874732679 0.0 1504013665.52
6.57594440773 11.9982895706 0.0 1504013665.69
6.53483356591 12.0292007752 0.0 1504013666.22
6.52997867939 12.0324610115 0.0 1504013666.29
6.51141310421 12.0460194298 0.0 1504013666.54
6.5071744674 12.0491441495 0.0 1504013666.6
6.50050456227 12.0536544414 0.0 1504013666.68
6.49495130801 12.0580189536 0.0 1504013666.75
6.48428335197 12.0658235365 0.0 1504013666.9
6.4649755989 12.0793456099 0.0 1504013667.15
6.44113049555 12.0965546876 0.0 1504013667.45
6.38283273453 12.1373257405 0.0 1504013668.15
6.37865663183 12.1403575261 0.0 1504013668.2
6.36313839228 12.1513074223 0.0 1504013668.41
6.35934550061 12.1539158294 0.0 1504013668.46
6.33768473656 12.1686975609 0.0 1504013668.75
6.31161327729 12.1860075025 0.0 1504013669.07
6.30647112477 12.1898632575 0.0 1504013669.13
6.30490078985 12.1910385466 0.0 1504013669.15
6.29275083059 12.1992648096 0.0 1504013669.3
6.28417662045 12.2048062409 0.0 1504013669.41
6.27397414902 12.2113792304 0.0 1504013669.54
6.25946683359 12.2216615456 0.0 1504013669.72
6.25124815055 12.2274394784 0.0 1504013669.83
6.22392980811 12.2457467946 0.0 1504013670.19
6.18986692616 12.2691006062 0.0 1504013670.62
6.17520387934 12.2787268123 0.0 1504013670.81
6.17286737826 12.2801953886 0.0 1504013670.84
6.15223172349 12.294378851 0.0 1504013671.1
6.13819916854 12.3036863082 0.0 1504013671.29
6.12511096128 12.3116198196 0.0 1504013671.46
6.11065532632 12.3211398135 0.0 1504013671.64
6.08920454069 12.3353766265 0.0 1504013671.91
6.08185543526 12.340095541 0.0 1504013672.0
6.07798222602 12.3425236087 0.0 1504013672.05
6.06887618109 12.3484660519 0.0 1504013672.16
6.04293400471 12.3646551639 0.0 1504013672.5
6.03551047058 12.3692263529 0.0 1504013672.6
6.01745066623 12.3807758732 0.0 1504013672.82
6.0073047011 12.3864894837 0.0 1504013672.94
5.99629265174 12.3934404974 0.0 1504013673.08
5.99233295389 12.3959934373 0.0 1504013673.13
5.98350179945 12.4013768843 0.0 1504013673.24
5.95246531839 12.4200707806 0.0 1504013673.63
5.95047016404 12.421302976 0.0 1504013673.66
5.94032754071 12.4273592106 0.0 1504013673.79
5.93507063613 12.4304488959 0.0 1504013673.86
5.92792534473 12.4349060228 0.0 1504013673.95
5.91073064766 12.4441929579 0.0 1504013674.16
5.89738972167 12.4516051392 0.0 1504013674.33
5.88418957323 12.458792169 0.0 1504013674.48
5.83861144435 12.4843211678 0.0 1504013675.04
5.82991677654 12.4890767447 0.0 1504013675.14
5.82269857076 12.4932007567 0.0 1504013675.23
5.81206057268 12.4986497247 0.0 1504013675.35
5.79681938816 12.5064930814 0.0 1504013675.54
5.79168067907 12.5091219934 0.0 1504013675.6
5.74312827282 12.5338415263 0.0 1504013676.18
5.73519057966 12.5379670139 0.0 1504013676.29
5.71542341522 12.5477661161 0.0 1504013676.55
5.69996969529 12.5552832176 0.0 1504013676.73
5.68427860028 12.563519351 0.0 1504013676.92
5.67064093867 12.5697783949 0.0 1504013677.08
5.63426959317 12.5866850107 0.0 1504013677.52
5.62095643354 12.5928849119 0.0 1504013677.67
5.60842544313 12.5986202962 0.0 1504013677.82
5.60403458032 12.6006455783 0.0 1504013677.87
5.57854329155 12.6122492501 0.0 1504013678.19
5.54747192883 12.6265258338 0.0 1504013678.58
5.53331315781 12.6327452334 0.0 1504013678.75
5.50155232439 12.6462829536 0.0 1504013679.13
5.49268415008 12.6501275651 0.0 1504013679.24
5.48620423264 12.6526703916 0.0 1504013679.32
5.47787678316 12.6560362429 0.0 1504013679.42
5.46622096577 12.660853957 0.0 1504013679.56
5.45149605031 12.6668756832 0.0 1504013679.75
5.43143172081 12.675044882 0.0 1504013679.99
5.42504804669 12.6776407813 0.0 1504013680.07
5.41624947108 12.680946416 0.0 1504013680.17
5.41003061513 12.6834182907 0.0 1504013680.25
5.3999288341 12.6873884664 0.0 1504013680.37
5.38336275581 12.6936323127 0.0 1504013680.58
5.3682993284 12.6993228949 0.0 1504013680.76
5.35946407715 12.7026133048 0.0 1504013680.86
5.34440555387 12.7083148853 0.0 1504013681.03
5.30098039863 12.7239065338 0.0 1504013681.55
5.28980612751 12.7277978033 0.0 1504013681.68
5.28141875278 12.7307045981 0.0 1504013681.77
5.25739698509 12.7389955322 0.0 1504013682.04
5.24465481791 12.74341564 0.0 1504013682.18
5.2117387432 12.7536870856 0.0 1504013682.57
5.20355750777 12.7562644421 0.0 1504013682.66
5.15992522707 12.7703249243 0.0 1504013683.16
5.15062176041 12.7730268434 0.0 1504013683.27
5.13667351513 12.7772882397 0.0 1504013683.42
5.1291271802 12.779524383 0.0 1504013683.52
5.12392973278 12.7811414065 0.0 1504013683.58
5.1137846701 12.7841454384 0.0 1504013683.71
5.10607210267 12.7863885673 0.0 1504013683.8
5.09904860833 12.7883859576 0.0 1504013683.89
5.09141936393 12.7906738243 0.0 1504013683.98
5.0792112402 12.7940787527 0.0 1504013684.13
5.06497748655 12.7978766398 0.0 1504013684.3
5.06002099585 12.799341436 0.0 1504013684.36
5.05158032787 12.8014688525 0.0 1504013684.47
5.03447089638 12.8058771575 0.0 1504013684.67
5.02460826563 12.8082705818 0.0 1504013684.79
4.99912840584 12.8143827135 0.0 1504013685.08
4.995974335 12.8150945922 0.0 1504013685.12
4.94988188331 12.8261038821 0.0 1504013685.66
4.93680608961 12.8290272665 0.0 1504013685.8
4.90816884307 12.8370976729 0.0 1504013686.18
4.89482057 12.8400225977 0.0 1504013686.34
4.85652655683 12.8487313394 0.0 1504013686.78
4.82745064262 12.8532453377 0.0 1504013687.1
4.79857428617 12.8588878195 0.0 1504013687.44
4.79119500079 12.8601621949 0.0 1504013687.52
4.77869646376 12.8627179197 0.0 1504013687.68
4.77171300141 12.8639211912 0.0 1504013687.76
4.7588463984 12.8662488574 0.0 1504013687.91
4.7579643599 12.8664058188 0.0 1504013687.92
4.74891123482 12.8677638722 0.0 1504013688.02
4.7364216424 12.874633929 0.0 1504013688.14
4.73341661415 12.8812988396 0.0 1504013688.25
4.72366370633 12.8827534586 0.0 1504013688.35
4.71815045165 12.883460571 0.0 1504013688.41
4.70294251683 12.8853593734 0.0 1504013688.59
4.67999549563 12.8855863578 0.0 1504013688.8
4.6584716493 12.8859558634 0.0 1504013689.02
4.63071297606 12.8878569841 0.0 1504013689.35
4.6215118089 12.8889299216 0.0 1504013689.46
4.61010957048 12.8898 0.0 1504013689.59
4.60611604648 12.8901175822 0.0 1504013689.63
4.5784611208 12.8925779953 0.0 1504013689.94
4.56863548514 12.8935590099 0.0 1504013690.05
4.55596821708 12.8948625542 0.0 1504013690.19
4.54502261246 12.8958593642 0.0 1504013690.31
4.53339657313 12.8968913774 0.0 1504013690.43
4.51188314101 12.8989101154 0.0 1504013690.67
4.48098208961 12.9022267097 0.0 1504013691.02
4.47000026803 12.9032571189 0.0 1504013691.14
4.46039840834 12.9042933552 0.0 1504013691.23
4.45007462625 12.9051528995 0.0 1504013691.33
4.44654094244 12.9054536335 0.0 1504013691.36
4.44135365521 12.9095876828 0.0 1504013691.46
4.42573469021 12.9115955172 0.0 1504013691.64
4.40967124439 12.9127645479 0.0 1504013691.79
4.38148971873 12.9148852685 0.0 1504013692.05
4.37431356589 12.9148742153 0.0 1504013692.12
4.35645005408 12.9153947349 0.0 1504013692.29
4.35165137221 12.9149542412 0.0 1504013692.33
4.33140853613 12.9154995507 0.0 1504013692.53
4.32073605438 12.9156501458 0.0 1504013692.64
4.2945562946 12.9164 0.0 1504013692.92
4.28099650234 12.9164950583 0.0 1504013693.07
4.27018809147 12.9169809135 0.0 1504013693.19
4.24759198178 12.9175454009 0.0 1504013693.42
4.23161863328 12.9181 0.0 1504013693.58
4.20700579217 12.9215704517 0.0 1504013693.81
4.19091915287 12.9291714237 0.0 1504013694.03
4.17398991175 12.9292225725 0.0 1504013694.2
4.16206608112 12.9305269762 0.0 1504013694.36
4.15370670561 12.9335217001 0.0 1504013694.5
4.14064080259 12.9339543178 0.0 1504013694.61
4.12966580048 12.9343589397 0.0 1504013694.7
4.10488917336 12.9332573544 0.0 1504013694.9
4.09684392302 12.9335348663 0.0 1504013694.96
4.05168556078 12.9286959129 0.0 1504013695.27
4.02721092578 12.9299958929 0.0 1504013695.58
4.02662090069 12.9250047734 0.0 1504013695.69
4.02179366856 12.9249659387 0.0 1504013695.77
4.01172087357 12.926699532 0.0 1504013695.99
4.0089275912 12.9274 0.0 1504013696.18
4.00808696311 12.9279608893 0.0 1504013696.32
4.00769084531 12.9277 0.0 1504013696.43
4.00781920096 12.9278476804 0.0 1504013696.66
4.0074 12.9279 0.0 1504013696.79
4.00746069658 12.9279344943 0.0 1504013696.92
4.00713869374 12.9275613063 0.0 1504013697.01
4.00690529541 12.9275026477 0.0 1504013697.09
4.00679771291 12.9272954258 0.0 1504013697.25
4.00660993213 12.9271 0.0 1504013697.39
4.0069 12.9272 0.0 1504013697.51
4.0069 12.9272776632 0.0 1504013697.56
4.00687548674 12.9272 0.0 1504013697.88
4.0067 12.9271734352 0.0 1504013698.39
4.00664453345 12.9270890669 0.0 1504013698.44
4.0066410832 12.9270410832 0.0 1504013698.55
4.00679170042 12.9271917004 0.0 1504013698.64
4.0067 12.9271858341 0.0 1504013698.75
4.0066672998 12.9271672998 0.0 1504013698.93
4.00644150259 12.927 0.0 1504013699.11
4.00549952078 12.9249 0.0 1504013699.37
4.0055 12.9249 0.0 1504013699.42
4.00567481115 12.9249874056 0.0 1504013699.54
4.00572258396 12.925622584 0.0 1504013700.13
4.00560654774 12.9258934523 0.0 1504013700.21
4.0057 12.9259 0.0 1504013700.37
4.00570015923 12.9260003185 0.0 1504013700.57
4.00566791021 12.926 0.0 1504013700.59
4.00579888731 12.9263966619 0.0 1504013700.81
4.00576857401 12.9261 0.0 1504013700.91
4.00586285098 12.9261419007 0.0 1504013701.0
4.006 12.9264 0.0 1504013701.13
4.00601093035 12.9264 0.0 1504013701.24
4.00617621619 12.9264762162 0.0 1504013701.34
4.00618502282 12.9265850228 0.0 1504013701.42
4.00608642497 12.9264 0.0 1504013701.82
4.00612581323 12.9266741868 0.0 1504013702.0
4.00604004943 12.9265 0.0 1504013702.1
4.00618795464 12.9265439773 0.0 1504013702.22
4.0062 12.9266057094 0.0 1504013702.37
4.0062619947 12.9266619947 0.0 1504013702.53
4.00616270107 12.9266881032 0.0 1504013702.63
4.006 12.9265 0.0 1504013703.32
4.00608772927 12.9265438646 0.0 1504013703.42
4.0061 12.9266 0.0 1504013703.62
4.00626961015 12.9267303898 0.0 1504013703.77
4.0061 12.9266 0.0 1504013703.91
4.00602009422 12.9265301413 0.0 1504013704.17
4.006 12.9265 0.0 1504013704.27
4.00619904781 12.9266990478 0.0 1504013704.35
4.00614499669 12.9265449967 0.0 1504013704.6
4.00647354889 12.9268735489 0.0 1504013704.93
4.00645679961 12.9269135992 0.0 1504013705.04
4.00630671676 12.9268 0.0 1504013705.13
4.0063 12.9268 0.0 1504013705.18
4.00633791952 12.927024161 0.0 1504013705.29
4.0061 12.9267 0.0 1504013705.44
4.00623049305 12.9269 0.0 1504013705.59
4.0062 12.9267 0.0 1504013705.71
4.0062 12.9267 0.0 1504013705.78
4.0063 12.9268418189 0.0 1504013705.95
4.00624510515 12.9269097897 0.0 1504013706.48
4.0061 12.9267 0.0 1504013706.98
4.0062 12.9268566235 0.0 1504013707.13
4.00637460709 12.9269253929 0.0 1504013707.37
4.0061 12.9268 0.0 1504013707.57
4.00613888931 12.9268166679 0.0 1504013707.75
4.006 12.9267 0.0 1504013707.89
4.00610498511 12.9266149553 0.0 1504013708.07
4.0061 12.9266 0.0 1504013708.11
4.00615302296 12.9266 0.0 1504013708.16
4.0063 12.9268819703 0.0 1504013708.3
4.006275337 12.9268 0.0 1504013708.48
4.0062 12.9268 0.0 1504013708.76
4.0061 12.9268 0.0 1504013709.04
4.00625615712 12.9269438429 0.0 1504013709.18
4.0061 12.9268 0.0 1504013709.39
4.00620359794 12.9269964021 0.0 1504013709.51
4.0062 12.9269 0.0 1504013709.6
4.00626166184 12.9270383382 0.0 1504013710.07
4.0061 12.9268 0.0 1504013710.2
4.00621462704 12.9268573135 0.0 1504013710.33
4.0062 12.9269 0.0 1504013710.54
4.00621620622 12.9269162062 0.0 1504013710.76
4.00621849904 12.9269 0.0 1504013710.84
4.00622329905 12.9269465981 0.0 1504013711.05
4.0062 12.9269 0.0 1504013711.12
4.00612522354 12.9269 0.0 1504013711.18
4.00622067824 12.9270793218 0.0 1504013711.3
4.00617095921 12.9270128776 0.0 1504013711.33
4.00600874586 12.9268 0.0 1504013711.43
4.00610213652 12.9269978635 0.0 1504013711.61
4.006 12.9268 0.0 1504013711.72
4.0060991846 12.9268 0.0 1504013711.79
4.0061 12.9269 0.0 1504013712.38
4.0062 12.9270969138 0.0 1504013712.51
4.006 12.9267 0.0 1504013712.63
4.00606929964 12.9267692996 0.0 1504013712.71
4.0061 12.9268 0.0 1504013712.97
4.0062 12.9269350158 0.0 1504013713.07
4.00620284398 12.927 0.0 1504013713.23
4.00610681118 12.9268272447 0.0 1504013713.77
4.00613593095 12.9270640691 0.0 1504013713.99
4.0060057294 12.9268171882 0.0 1504013714.07
4.006 12.9268 0.0 1504013714.13
4.00618384645 12.9269838464 0.0 1504013714.32
4.0061 12.9269 0.0 1504013714.42
4.00614441455 12.9269222073 0.0 1504013714.5
4.00612770633 12.926883119 0.0 1504013714.65
4.00612359814 12.9270764019 0.0 1504013714.9
4.00607356678 12.9270207003 0.0 1504013714.93
4.00591046521 12.9268 0.0 1504013715.03
4.00602247255 12.9269224726 0.0 1504013715.13
4.0060140761 12.9269 0.0 1504013715.34
4.00619965368 12.9269996537 0.0 1504013715.45
4.00617286375 12.9269 0.0 1504013715.61
4.00622447924 12.9269244792 0.0 1504013715.7
4.00617261343 12.9270452269 0.0 1504013715.82
4.006 12.9269 0.0 1504013715.94
4.0060377326 12.9269131978 0.0 1504013716.15
4.00602928663 12.9268646433 0.0 1504013716.33
4.0061651612 12.9269651612 0.0 1504013716.64
4.0061 12.9269153863 0.0 1504013716.76
4.0061 12.9269 0.0 1504013717.19
4.00614072683 12.9270110902 0.0 1504013717.33
4.00620524313 12.9270052431 0.0 1504013718.09
4.00621250736 12.9269250147 0.0 1504013718.26
4.0061 12.9269 0.0 1504013718.39
4.00609703798 12.926797038 0.0 1504013718.72
4.00613375454 12.9269662455 0.0 1504013718.79
4.00614075197 12.9269 0.0 1504013719.25
4.0063 12.9270723088 0.0 1504013719.39
4.00596069402 12.9267 0.0 1504013719.8
4.0059 12.9267 0.0 1504013719.88
4.0060215553 12.9268431106 0.0 1504013720.06
4.00618648074 12.9269864807 0.0 1504013720.24
4.0061 12.9269 0.0 1504013720.42
4.00625642045 12.9269564204 0.0 1504013720.52
4.00611806921 12.9268542076 0.0 1504013720.66
4.0060013178 12.9268 0.0 1504013720.73
4.00613163474 12.9269316347 0.0 1504013720.83
4.00596634104 12.9267331705 0.0 1504013721.11
4.00593543214 12.9267708643 0.0 1504013721.25
4.0061 12.9269340072 0.0 1504013721.47
4.00600674416 12.9268202325 0.0 1504013721.87
4.00600719535 12.9268535977 0.0 1504013722.32
4.006054328 12.926854328 0.0 1504013722.62
4.00608196383 12.9269819638 0.0 1504013722.72
4.00612235556 12.9270776444 0.0 1504013723.0
4.006 12.927 0.0 1504013723.13
4.00612458715 12.9270622936 0.0 1504013723.23
4.00599906622 12.9269981324 0.0 1504013723.34
4.0059 12.9268 0.0 1504013723.44
4.00594640464 12.9268928093 0.0 1504013723.64
4.0061 12.9269766606 0.0 1504013723.9
4.00596604457 12.9268 0.0 1504013724.29
4.0059 12.9267 0.0 1504013724.61
4.0059 12.9267 0.0 1504013724.66
4.00602597751 12.9268740225 0.0 1504013725.1
4.00601205435 12.926736163 0.0 1504013725.46
4.0059 12.9267 0.0 1504013725.55
4.0058506683 12.9267013366 0.0 1504013725.75
4.0058 12.9266 0.0 1504013725.89
4.00595855375 12.9268414462 0.0 1504013725.98
4.0058 12.9266 0.0 1504013726.17
4.00589829745 12.9266017025 0.0 1504013726.67
4.00584291294 12.9266429129 0.0 1504013726.8
4.0057 12.9266 0.0 1504013727.03
4.0059 12.9267824515 0.0 1504013727.2
4.0058 12.9266 0.0 1504013727.29
4.006 12.9268 0.0 1504013727.49
4.0059 12.9266 0.0 1504013727.64
4.006 12.9268 0.0 1504013727.77
4.00593095756 12.9265928727 0.0 1504013727.85
4.00588097313 12.9265 0.0 1504013727.88
4.00572695539 12.9265 0.0 1504013728.22
4.00588493896 12.926684939 0.0 1504013728.42
4.0058 12.9266 0.0 1504013728.57
4.00598744581 12.9267125542 0.0 1504013728.66
4.0059 12.9266 0.0 1504013728.81
4.00596136413 12.9267306821 0.0 1504013728.91
4.0057 12.9265 0.0 1504013729.44
4.00585599975 12.9265779999 0.0 1504013729.54
4.0058 12.9265 0.0 1504013729.69
4.00586935704 12.926669357 0.0 1504013729.93
4.0058 12.9266 0.0 1504013730.3
4.00571316681 12.9265197502 0.0 1504013730.57
4.0057 12.9265 0.0 1504013730.59
4.00577970665 12.9265 0.0 1504013730.98
4.0055 12.9268 0.0 1504013731.18
4.00553769903 12.9269188495 0.0 1504013731.3
4.0057 12.9267431661 0.0 1504013731.67
4.0056 12.9264 0.0 1504013731.87
4.0058 12.9266810222 0.0 1504013732.0
4.00570630521 12.9265126104 0.0 1504013732.07
4.0057 12.9265 0.0 1504013732.16
4.00558534923 12.9267573254 0.0 1504013732.3
4.00550642267 12.9268064227 0.0 1504013732.49
4.00562294878 12.9268458976 0.0 1504013732.63
4.0055 12.9266 0.0 1504013732.73
4.00576797692 12.9266 0.0 1504013733.17
4.00582907928 12.9266709207 0.0 1504013733.49
4.00590790375 12.9267920962 0.0 1504013733.8
4.0057 12.9264 0.0 1504013733.99
4.00586366814 12.9266363319 0.0 1504013734.07
4.0058 12.9266 0.0 1504013734.4
4.0057 12.9265 0.0 1504013734.48
4.00599028946 12.9265951447 0.0 1504013734.65
4.00580608476 12.9265060848 0.0 1504013734.89
4.0057 12.9264 0.0 1504013735.13
4.00589078634 12.9266092137 0.0 1504013735.25
4.00582193517 12.9266 0.0 1504013735.9
4.00572994068 12.9259395254 0.0 1504013736.11
4.00500824634 12.9249082463 0.0 1504013736.72
4.00518534153 12.9252426708 0.0 1504013737.01
4.0052 12.9255 0.0 1504013737.17
4.0052 12.9255 0.0 1504013737.23
4.0052 12.9249310442 0.0 1504013737.33
4.0046 12.9242 0.0 1504013737.44
4.0046 12.9243 0.0 1504013737.59
4.00478044549 12.9243601485 0.0 1504013737.63
4.0045 12.92466991 0.0 1504013737.73
4.00468285314 12.9246 0.0 1504013737.88
4.00476203517 12.9249379648 0.0 1504013737.99
4.00492141602 12.925021416 0.0 1504013738.19
4.0049 12.9254 0.0 1504013738.36
4.00497984236 12.9254 0.0 1504013738.48
4.0044 12.9246 0.0 1504013738.94
4.00461867745 12.9248813226 0.0 1504013739.21
4.00495835044 12.9250291752 0.0 1504013739.41
4.0051 12.9254 0.0 1504013739.75
4.0051 12.9254 0.0 1504013739.79
4.00490516535 12.9254051654 0.0 1504013739.99
4.00505852309 12.9256829538 0.0 1504013740.07
4.00510153423 12.9255676895 0.0 1504013740.31
4.0052 12.9258 0.0 1504013740.55
4.00540748649 12.9259383243 0.0 1504013740.63
4.00546573064 12.9260342694 0.0 1504013740.67
4.00537480225 12.926 0.0 1504013740.88
4.00509442787 12.9245577711 0.0 1504013740.97
4.00468249451 12.9243 0.0 1504013741.18
4.00480741345 12.9243537067 0.0 1504013741.32
4.00462761921 12.9244430952 0.0 1504013741.46
4.00485286615 12.9247 0.0 1504013741.78
4.00527299597 12.9243 0.0 1504013742.13
4.00430936595 12.9241906341 0.0 1504013742.33
4.0046 12.9242 0.0 1504013742.44
4.0045 12.9242681419 0.0 1504013742.65
4.00461972783 12.9245802722 0.0 1504013742.8
4.00476351335 12.9251 0.0 1504013743.27
4.00479400817 12.9246059918 0.0 1504013743.98
4.0047 12.9247 0.0 1504013744.12
4.00488064812 12.9247537654 0.0 1504013744.21
4.00491953494 12.9250804651 0.0 1504013744.31
4.00491553431 12.9251 0.0 1504013744.44
4.0045 12.9241 0.0 1504013744.69
4.00520978071 12.9240097807 0.0 1504013745.57
4.0046 12.9239166295 0.0 1504013746.1
4.0047 12.9238 0.0 1504013746.28
4.00502790828 12.924 0.0 1504013746.55
4.0047916154 12.924 0.0 1504013746.89
4.00441172486 12.9237029312 0.0 1504013747.01
4.00440306883 12.9242 0.0 1504013747.37
4.00480621857 12.9242 0.0 1504013747.67
4.00474064091 12.9242 0.0 1504013748.95
4.00483200659 12.9245786623 0.0 1504013749.1
4.00489803654 12.9246 0.0 1504013749.29
4.00459313035 12.9242379131 0.0 1504013749.69
4.0045 12.9243 0.0 1504013749.76
4.00518563426 12.9249 0.0 1504013750.24
4.00527937027 12.9252071662 0.0 1504013750.5
4.00481162922 12.9241372097 0.0 1504013750.81
4.00503568821 12.9246452294 0.0 1504013751.11
4.0049 12.925 0.0 1504013751.23
4.00528598232 12.9251906549 0.0 1504013751.39
4.0053 12.9252 0.0 1504013751.5
4.0048 12.9241 0.0 1504013751.86
4.00506589655 12.9242772644 0.0 1504013752.04
4.00481217981 12.9245 0.0 1504013752.2
4.0050876933 12.9245625644 0.0 1504013752.33
4.00494857012 12.9249 0.0 1504013752.5
4.00526186881 12.9250190656 0.0 1504013752.66
4.00495496318 12.9253 0.0 1504013752.8
4.00509830983 12.9252491549 0.0 1504013752.98
4.0050365856 12.9255 0.0 1504013753.15
4.00525868986 12.9257413101 0.0 1504013753.27
4.0053 12.9255 0.0 1504013753.46
4.00558616051 12.9256907737 0.0 1504013753.55
4.00553729802 12.925762702 0.0 1504013753.59
4.00572523168 12.9259252317 0.0 1504013753.77
4.00576965344 12.9259767822 0.0 1504013753.9
4.00563483807 12.9263 0.0 1504013754.05
4.0048 12.9244721417 0.0 1504013754.24
4.00506490504 12.92444327 0.0 1504013754.4
4.00519892851 12.9252 0.0 1504013754.93
4.0051 12.9254478813 0.0 1504013755.14
4.00499054047 12.9243936936 0.0 1504013755.65
4.0047 12.924533584 0.0 1504013755.75
4.00466385967 12.9238680702 0.0 1504013756.29
4.00445729353 12.9241 0.0 1504013756.4
4.00448018606 12.9238 0.0 1504013757.02
4.0047298568 12.9240134288 0.0 1504013757.18
4.00488866282 12.9242886628 0.0 1504013757.38
4.00471273905 12.9244308914 0.0 1504013757.53
4.00464015642 12.9240200782 0.0 1504013757.77
4.00489433309 12.9239647777 0.0 1504013758.33
4.005 12.924082198 0.0 1504013758.4
4.00485194896 12.9240240255 0.0 1504013759.11
4.0049778428 12.924 0.0 1504013759.18
4.0048 12.9244 0.0 1504013759.32
4.00489533737 12.9244 0.0 1504013759.43
4.0050543339 12.9244362226 0.0 1504013759.5
4.005 12.9248696141 0.0 1504013759.65
4.00530716869 12.9250232078 0.0 1504013759.87
4.00490652262 12.9252869548 0.0 1504013759.97
4.00507066139 12.9250066139 0.0 1504013760.11
4.00468620823 12.9243068959 0.0 1504013760.32
4.0048 12.9241210975 0.0 1504013760.42
4.00446922347 12.9239923296 0.0 1504013760.53
4.00469978416 12.9237665947 0.0 1504013760.77
4.00446399682 12.9238 0.0 1504013760.91
4.00443407242 12.9241659276 0.0 1504013761.19
4.0046 12.9240472746 0.0 1504013761.3
4.00454391446 12.9239 0.0 1504013761.81
4.00469953153 12.9243 0.0 1504013762.13
4.00493303407 12.9244 0.0 1504013762.21
4.00475148642 12.9245089185 0.0 1504013762.52
4.00433967641 12.9242801618 0.0 1504013762.68
4.0047 12.9246 0.0 1504013762.93
4.00476779463 12.9246 0.0 1504013763.01
4.0049 12.9244451426 0.0 1504013763.1
4.00454287719 12.9237571228 0.0 1504013763.25
4.0049 12.924 0.0 1504013763.45
4.00441603288 12.9241679342 0.0 1504013763.56
4.0047 12.9243 0.0 1504013763.65
4.00460106748 12.9239042699 0.0 1504013763.75
4.0043 12.923888188 0.0 1504013763.86
4.00445261128 12.9238473887 0.0 1504013763.96
4.00438624044 12.9236431202 0.0 1504013764.08
4.00452727068 12.9235757569 0.0 1504013764.36
4.00461771876 12.9236 0.0 1504013764.68
4.00420509678 12.9238796129 0.0 1504013765.06
4.0044 12.9238 0.0 1504013765.15
4.00443771396 12.923568857 0.0 1504013765.27
4.00426709071 12.9235987279 0.0 1504013765.33
4.00449351951 12.9237021602 0.0 1504013765.43
4.0046 12.924 0.0 1504013765.72
4.00491814426 12.9241 0.0 1504013765.9
4.0047 12.9244 0.0 1504013765.99
4.00440813402 12.923408134 0.0 1504013766.27
4.00472002991 12.9233466866 0.0 1504013766.73
4.00482615128 12.9237507675 0.0 1504013767.05
4.00419031094 12.923436563 0.0 1504013767.51
4.0043 12.9232725566 0.0 1504013767.63
4.00416769668 12.9232292133 0.0 1504013767.73
4.0044 12.9234 0.0 1504013767.87
4.00420035946 12.9235998203 0.0 1504013768.01
4.00432522116 12.9237873894 0.0 1504013769.21
4.00487749937 12.9239225006 0.0 1504013769.44
4.00430340349 12.9235310643 0.0 1504013770.19
4.00453922362 12.9232823291 0.0 1504013770.31
4.00441618712 12.9230080936 0.0 1504013770.4
4.0043 12.9231 0.0 1504013770.48
4.00467505466 12.9233750547 0.0 1504013770.63
4.00386901395 12.9236309861 0.0 1504013771.06
4.00419249526 12.9236018762 0.0 1504013771.13
4.00392614525 12.923395419 0.0 1504013771.35
4.00406644564 12.9234445181 0.0 1504013771.4
4.00465752472 12.9236141584 0.0 1504013772.02
4.00478690461 12.9234261908 0.0 1504013772.14
4.00424949196 12.9235010161 0.0 1504013772.25
4.00421548063 12.9233112984 0.0 1504013772.54
4.00445385343 12.9234230733 0.0 1504013772.63
4.00440728519 12.9234 0.0 1504013772.69
4.00442157413 12.9237892129 0.0 1504013772.81
4.00445419624 12.9237729019 0.0 1504013772.83
4.00479919954 12.9239991995 0.0 1504013772.99
4.0048 12.9238659617 0.0 1504013773.03
4.00480601099 12.9236 0.0 1504013773.23
4.00465683287 12.9231427331 0.0 1504013773.97
4.00444016986 12.9230934466 0.0 1504013774.16
4.0046 12.9232967301 0.0 1504013774.25
4.00431924394 12.9232615121 0.0 1504013774.36
4.0043 12.9233318669 0.0 1504013774.81
4.00394031362 12.9232395296 0.0 1504013774.95
4.00429063092 12.9231953155 0.0 1504013775.45
4.00379140594 12.9233628911 0.0 1504013775.84
4.004 12.9234 0.0 1504013775.98
4.004 12.923173304 0.0 1504013776.02
4.00395678322 12.923 0.0 1504013776.07
4.00387570217 12.9231828652 0.0 1504013776.21
4.00406836705 12.9228683671 0.0 1504013776.37
4.00420703529 12.9229380235 0.0 1504013776.57
4.0043 12.9230883997 0.0 1504013776.61
4.00412211237 12.9231778876 0.0 1504013776.75
4.00434602564 12.9231 0.0 1504013776.86
4.0042140973 12.9231929514 0.0 1504013776.95
4.00423217458 12.9231339127 0.0 1504013777.05
4.00439042372 12.9232904237 0.0 1504013777.17
4.00423449888 12.9233672494 0.0 1504013777.29
4.00392433504 12.9235634974 0.0 1504013777.36
4.00425367108 12.9234 0.0 1504013777.46
4.00425825795 12.9230582579 0.0 1504013777.78
4.0043 12.9232266671 0.0 1504013777.83
4.00424146564 12.9232585344 0.0 1504013778.23
4.00381979603 12.9235703059 0.0 1504013778.56
4.00404028378 12.9229597162 0.0 1504013778.84
4.00413359126 12.9232167956 0.0 1504013779.08
4.00366566571 12.9233343343 0.0 1504013779.16
4.00379213867 12.9233359538 0.0 1504013779.21
4.00414106769 12.9234317865 0.0 1504013779.37
4.00425782801 12.922942172 0.0 1504013779.8
4.00423989056 12.9229 0.0 1504013779.86
4.0042 12.9234914965 0.0 1504013780.06
4.00441939614 12.9230602013 0.0 1504013780.53
4.00422087962 12.9231 0.0 1504013780.6
4.00444417336 12.9232441734 0.0 1504013780.78
4.00392392615 12.9235641108 0.0 1504013780.96
4.004 12.9229 0.0 1504013781.3
4.00420241264 12.9232 0.0 1504013781.75
4.00419128652 12.9231543567 0.0 1504013781.9
4.0041084432 12.9233542216 0.0 1504013782.09
4.00408097157 12.9234595142 0.0 1504013782.21
4.00422224871 12.9231444974 0.0 1504013782.7
4.0044 12.9232 0.0 1504013782.87
4.0042 12.9232311303 0.0 1504013782.99
4.0042 12.9232828923 0.0 1504013783.21
4.0041 12.9229 0.0 1504013783.42
4.00428644072 12.9230864407 0.0 1504013783.48
4.00392581692 12.9231129085 0.0 1504013783.61
4.0043 12.9232785905 0.0 1504013783.84
4.00436143741 12.9235 0.0 1504013784.29
4.00429194662 12.9232080534 0.0 1504013784.57
4.00447308761 12.9232269124 0.0 1504013784.85
4.0048 12.9234952558 0.0 1504013785.05
4.00465113025 12.9232766954 0.0 1504013785.1
4.00475410192 12.9231458981 0.0 1504013785.2
4.00467890561 12.9232915622 0.0 1504013785.65
4.00430953464 12.9230730231 0.0 1504013785.85
4.00400408493 12.923102451 0.0 1504013786.01
4.0043 12.923238285 0.0 1504013786.2
4.00450894656 12.923172631 0.0 1504013786.45
4.00460679215 12.9233559247 0.0 1504013786.5
4.00426418415 12.9234 0.0 1504013786.69
4.0041763558 12.9233118221 0.0 1504013786.96
4.00411269343 12.9233 0.0 1504013787.03
4.0044 12.9235 0.0 1504013787.15
