4.00508398125 12.9243419906 0.0 1504013830084464235
4.00501724568 12.9243086228 0.0 1504013830104629679
4.0049 12.9243088591 0.0 1504013830227065202
4.00453433679 12.9230343368 0.0 1504013830337936946
4.00453572157 12.9231 0.0 1504013830429989482
4.00476865086 12.9231895503 0.0 1504013830581335800
4.0044 12.9235748867 0.0 1504013830661919572
4.00500145568 12.9241478165 0.0 1504013831218389530
4.0048146876 12.9242146876 0.0 1504013831299287399
4.00490061971 12.9242 0.0 1504013831430861979
4.00502018107 12.9246697284 0.0 1504013831542712079
4.00515538636 12.9246 0.0 1504013832011348976
4.00534659535 12.9248 0.0 1504013832235335365
4.0054998613 12.9248 0.0 1504013832265897100
4.00543087099 12.9248 0.0 1504013832307352892
4.00554119355 12.925 0.0 1504013832530350913
4.00568604396 12.925186044 0.0 1504013832681816042
4.00558954596 12.9251 0.0 1504013832864261529
4.00551287107 12.9251 0.0 1504013832895760000
4.00540363568 12.9252054535 0.0 1504013833109854081
4.00540363568 12.9252054535 0.0 1504013833109854081
4.00562875188 12.9254287519 0.0 1504013833372237177
4.00562875188 12.9254287519 0.0 1504013833372237177
4.00577889008 12.9252070366 0.0 1504013833464527951
4.0057359027 12.9252906018 0.0 1504013833556781814
4.00587655589 12.9254843706 0.0 1504013833881831277
4.00567110147 12.9253644493 0.0 1504013834028116776
4.00578299692 12.9253 0.0 1504013834372183433
4.00579372901 12.925493729 0.0 1504013834465776783
4.00573558353 12.9255067506 0.0 1504013834587677496
4.00589896554 12.9254 0.0 1504013834668369160
4.00589747297 12.9255316486 0.0 1504013834769919754
4.00577871576 12.9256191438 0.0 1504013834873869221
4.00579279247 12.9257144151 0.0 1504013835390964409
4.0056120775 12.9254 0.0 1504013835622543505
4.00583617129 12.9255574475 0.0 1504013835672881068
4.00565467196 12.9255 0.0 1504013835816473038
4.00575676243 12.9255 0.0 1504013835909564839
4.00595343643 12.9256689576 0.0 1504013835980062552
4.00594695782 12.9257530422 0.0 1504013836020337361
4.00584485148 12.9255 0.0 1504013836134683201
4.00593531641 12.9256568776 0.0 1504013836275941842
4.00590260391 12.9258947922 0.0 1504013836346602060
4.00573007694 12.9255 0.0 1504013836427416567
4.00561306113 12.9254130611 0.0 1504013836531403510
4.00582558739 12.9257744126 0.0 1504013836633447001
4.00574226041 12.9254525799 0.0 1504013836738279509
4.00573072068 12.9254 0.0 1504013836818920345
4.00572762153 12.9255828646 0.0 1504013836991683499
4.00588379037 12.9255 0.0 1504013837062140875
4.00596808344 12.9255159583 0.0 1504013837355892055
4.00580583394 12.9255 0.0 1504013837426372736
4.00580583394 12.9255 0.0 1504013837426372736
4.00580583394 12.9255 0.0 1504013837426372736
4.00590580505 12.9256372034 0.0 1504013837769434798
4.00583753827 12.9255 0.0 1504013837950650412
4.00586590914 12.9256772728 0.0 1504013838082474304
4.00586590914 12.9256772728 0.0 1504013838082474304
4.00572773146 12.9256109258 0.0 1504013838193350594
4.00571299194 12.9255 0.0 1504013838324220696
4.00597135692 12.9256809046 0.0 1504013838384609112
4.00576551779 12.9256 0.0 1504013838609134156
4.00570141136 12.9256 0.0 1504013838629320026
4.00595223753 12.9257477625 0.0 1504013838700420478
4.00577224571 12.9256 0.0 1504013838851351616
4.00574449515 12.9258167427 0.0 1504013839063145508
4.00560807164 12.9255 0.0 1504013839224308764
4.00575360216 12.9257608065 0.0 1504013839376900544
4.00583240462 12.9256972139 0.0 1504013839690067479
4.00585689332 12.9256 0.0 1504013839782702197
4.00597982933 12.9258201707 0.0 1504013839895095310
4.00574469381 12.9256 0.0 1504013840036055411
4.00560257795 12.9256 0.0 1504013840126642900
4.00589710891 12.9257980726 0.0 1504013840186984697
4.00566917404 12.9257383481 0.0 1504013840287855718
4.00573068355 12.9255435612 0.0 1504013840399573608
4.00586089206 12.9258391079 0.0 1504013840510350633
4.00570937761 12.9256281328 0.0 1504013840600899723
4.00591624582 12.9257441639 0.0 1504013840772439950
4.00584542337 12.9256 0.0 1504013840934897602
4.00589862737 12.9256 0.0 1504013840966669045
4.00566816713 12.9256 0.0 1504013841309681649
4.00583969301 12.9257 0.0 1504013842129654283
4.00597464331 12.9257830955 0.0 1504013842282034274
4.005957986 12.925884028 0.0 1504013842312281425
4.00574482346 12.9256896469 0.0 1504013842393887403
4.00581513559 12.9256 0.0 1504013842494583149
4.00572322522 12.9256929009 0.0 1504013842696470105
4.00576880042 12.9255344002 0.0 1504013842808531653
4.00599929973 12.9256995332 0.0 1504013842889353725
4.00599929973 12.9256995332 0.0 1504013842889353725
4.00578407512 12.9256840751 0.0 1504013843154340441
4.00580878098 12.925891219 0.0 1504013843242210683
4.00574285894 12.9256 0.0 1504013843403295660
4.00579045985 12.9256 0.0 1504013843665415295
4.00579045985 12.9256 0.0 1504013843665415295
4.00575407252 12.9256540725 0.0 1504013843756093495
4.00563705268 12.9257482107 0.0 1504013843886816019
4.00579055935 12.9259094406 0.0 1504013844122513141
4.00566177773 12.9258853332 0.0 1504013844172831268
4.00571498595 12.925657493 0.0 1504013844294128300
4.00577076782 12.9257707678 0.0 1504013844364559075
4.00577076782 12.9257707678 0.0 1504013844364559075
4.00587673693 12.9259232631 0.0 1504013844404849299
4.00561345781 12.9257201867 0.0 1504013844505509630
4.00560229074 12.9256022907 0.0 1504013844630503807
4.00569089018 12.9256545549 0.0 1504013845134856226
4.00579799204 12.925601004 0.0 1504013845165058944
4.00585249543 12.9257683303 0.0 1504013845275772517
4.00566524803 12.9256978721 0.0 1504013845386500072
4.0058531558 12.9255765779 0.0 1504013845479861038
4.00587317511 12.9257597627 0.0 1504013845581101621
4.00577610503 12.9256 0.0 1504013845752770795
4.00587731391 12.9257848759 0.0 1504013845884316707
4.00584083461 12.9258591654 0.0 1504013845924571654
4.00564775684 12.9256716353 0.0 1504013845995071609
4.00577797023 12.9256 0.0 1504013846065570222
4.00583373344 12.9257337334 0.0 1504013846176782248
4.0057064255 12.925812851 0.0 1504013846278287642
4.00582307351 12.925953853 0.0 1504013846535209659
4.00588856936 12.9257923796 0.0 1504013846785790991
4.00572945052 12.9257883515 0.0 1504013846887549753
4.00565263757 12.9257350917 0.0 1504013847038812812
4.00584514688 12.9260097062 0.0 1504013847119363996
4.00577755847 12.9260326754 0.0 1504013847160041951
4.00562800012 12.9258 0.0 1504013847252193830
4.00577899386 12.9259193292 0.0 1504013847362985398
4.00580808831 12.9260919117 0.0 1504013847443533232
4.00570012008 12.9258003602 0.0 1504013847808245048
4.0057869902 12.9258 0.0 1504013847860767415
4.00482490372 12.923810673 0.0 1504013848045303829
4.0049 12.9239 0.0 1504013848207067319
4.0049 12.9239 0.0 1504013848227203585
4.00484607624 12.9242 0.0 1504013848499375511
4.00505392623 12.9244691107 0.0 1504013848600003681
4.00493780038 12.9245310998 0.0 1504013848748955383
4.00512112503 12.9246474167 0.0 1504013848871918432
4.00516163782 12.9248150866 0.0 1504013848912199815
4.0051834389 12.9249 0.0 1504013849063634445
4.0052 12.9249 0.0 1504013849128194415
4.00548515628 12.9250901042 0.0 1504013849188653100
4.0052 12.9252614698 0.0 1504013849291139775
4.00542503282 12.9256249015 0.0 1504013849533003843
4.00532427393 12.9254728218 0.0 1504013849593555994
4.00533796409 12.9253379641 0.0 1504013849734569727
4.00545599396 12.9256679819 0.0 1504013849875484041
4.00564750179 12.9258049964 0.0 1504013850118422974
4.00552107402 12.9256 0.0 1504013850219118535
4.00563273505 12.925967265 0.0 1504013850437925766
4.00577294077 12.9259729408 0.0 1504013850680759590
4.00570639814 12.9260936019 0.0 1504013850745103938
4.00560615086 12.9258184526 0.0 1504013850805508905
4.00551218795 12.9258 0.0 1504013851223940479
4.00575596142 12.9260880772 0.0 1504013851314606018
4.00575902825 12.9259 0.0 1504013851454014450
4.00582523747 12.9259252375 0.0 1504013851564835070
4.0057 12.9259 0.0 1504013851738004639
4.0057 12.9259 0.0 1504013851788330744
4.00584013901 12.926040139 0.0 1504013851868859973
4.00587874211 12.9261425158 0.0 1504013851899070341
4.00569225876 12.9260845175 0.0 1504013851979585044
4.00589459281 12.9261108144 0.0 1504013852191180092
4.0056302998 12.9258757495 0.0 1504013852302146114
4.00572035214 12.9259 0.0 1504013852715885674
4.00560278626 12.9259 0.0 1504013853625090950
4.00576209212 12.9259 0.0 1504013853856766548
4.00552230411 12.9245791699 0.0 1504013853978573588
4.0048 12.9239 0.0 1504013854091701972
4.00483716719 12.9239 0.0 1504013854192863450
4.00508604788 12.9240860479 0.0 1504013854283508531
4.00473333969 12.9243333397 0.0 1504013854387385911
4.0047980501 12.9243 0.0 1504013854468619310
4.00506479489 12.9244765299 0.0 1504013854579869547
4.00522763879 12.9248276388 0.0 1504013854782463059
4.0053 12.9248135791 0.0 1504013854877935341
4.0053 12.9248 0.0 1504013854990500563
4.00548680268 12.925169796 0.0 1504013855222324946
4.00547814963 12.9255218504 0.0 1504013855524525232
4.00537274104 12.9255182231 0.0 1504013855564811179
4.00549958464 12.9254330564 0.0 1504013855768638112
4.00549748321 12.9256025168 0.0 1504013855818922621
4.00551584838 12.9254772323 0.0 1504013856050936399
4.00562954749 12.925740905 0.0 1504013856131572823
4.00561348653 12.9257730269 0.0 1504013856141682512
4.00553637107 12.9258091132 0.0 1504013856484023358
4.00567692523 12.9258179502 0.0 1504013856662856815
4.00553932273 12.9259179682 0.0 1504013856783631886
4.00575313712 12.9259937258 0.0 1504013857015948774
4.00551339734 12.925820096 0.0 1504013857106602273
4.00569774585 12.9257011271 0.0 1504013857167010162
4.00573998277 12.9258599885 0.0 1504013857277810398
4.00561542764 12.9258462829 0.0 1504013857399647445
4.00577009589 12.9259700959 0.0 1504013857580989715
4.00560679846 12.9259135969 0.0 1504013857703906227
4.00560679846 12.9259135969 0.0 1504013857703906227
4.0056 12.9259 0.0 1504013857826259323
4.00573094955 12.9261690505 0.0 1504013857927144868
4.00562920055 12.9259168022 0.0 1504013857987597731
4.00575827291 12.9260834542 0.0 1504013858211034017
4.00562153151 12.9258 0.0 1504013858414675557
4.00474978328 12.9239 0.0 1504013859000098471
4.00506350065 12.9240756671 0.0 1504013859080610044
4.00504912118 12.9245339192 0.0 1504013859395314415
4.00475101637 12.9246510164 0.0 1504013859475833919
4.00474107766 12.9246 0.0 1504013859519290325
4.00504414537 12.9247220727 0.0 1504013859661537820
4.00514548529 12.9248545147 0.0 1504013859701862450
4.00490439904 12.924904399 0.0 1504013859802513500
4.0051 12.9249 0.0 1504013859903234910
4.00468798932 12.9236751957 0.0 1504013860024934101
4.00458242771 12.9236 0.0 1504013860156564006
4.0046 12.924 0.0 1504013860501684640
4.0047535411 12.9243 0.0 1504013860754028606
4.00478959571 12.9243 0.0 1504013860764105751
4.00483679706 12.924391198 0.0 1504013860854780676
4.00457724769 12.9247 0.0 1504013861029227832
4.0047 12.9247 0.0 1504013861112507151
4.00464093901 12.9239912681 0.0 1504013861162871806
4.00427708448 12.9233385422 0.0 1504013861234330118
4.0042481323 12.9233481323 0.0 1504013861274623340
4.0043 12.9234 0.0 1504013861396424121
4.00455353365 12.9235690224 0.0 1504013861477047942
4.00453706708 12.9238913781 0.0 1504013861755040088
4.0044 12.924224519 0.0 1504013861895990717
4.0046 12.9242 0.0 1504013862002668934
4.00486882174 12.9243792145 0.0 1504013862083255767
4.00482170302 12.9245391485 0.0 1504013862244540409
4.0049334958 12.9246334958 0.0 1504013862355584346
4.00516346046 12.9251634605 0.0 1504013862679209260
4.00508766048 12.9253123395 0.0 1504013862719668891
4.0050255928 12.9251 0.0 1504013862910798526
4.00528024714 12.9253802471 0.0 1504013862981356135
4.00521846438 12.9253 0.0 1504013863143813868
4.00450839296 12.9237 0.0 1504013863713941572
4.0045 12.9241288634 0.0 1504013863990341321
4.00477277375 12.9244272263 0.0 1504013864212704781
4.0046 12.9245395268 0.0 1504013864284033944
4.00493233043 12.9248015043 0.0 1504013864506574208
4.0048 12.9249145532 0.0 1504013864597646226
4.0049 12.9248 0.0 1504013864722592727
4.00494056345 12.9251811269 0.0 1504013864883644388
4.0052930826 12.9252953884 0.0 1504013865086439171
4.0052930826 12.9252953884 0.0 1504013865086439171
4.00503879728 12.9252581959 0.0 1504013865197225060
4.0051 12.9252 0.0 1504013865288761477
4.00525508466 12.9255449153 0.0 1504013865431062386
4.00513030376 12.9254606075 0.0 1504013865491698755
4.00522389756 12.9253238976 0.0 1504013865612406062
4.00539210741 12.9256842148 0.0 1504013865753345245
4.0053339436 12.9254339436 0.0 1504013865905023765
4.00458669534 12.9236166846 0.0 1504013866031965742
4.0044 12.9235616876 0.0 1504013866082317117
4.00469197683 12.9236959884 0.0 1504013866283926325
4.00441375059 12.9240816659 0.0 1504013866344354051
4.00433729305 12.924037293 0.0 1504013866384585385
4.00495007983 12.9244750399 0.0 1504013866881456615
4.00478164129 12.9247816413 0.0 1504013866962381059
4.00508106431 12.9247810643 0.0 1504013867183868025
4.00491348532 12.9249 0.0 1504013867314991221
4.00508326357 12.9251167364 0.0 1504013867657638717
4.00523824856 12.9255617514 0.0 1504013867834770536
4.00512101985 12.9253 0.0 1504013867915994745
4.00520109809 12.9253 0.0 1504013868026734913
4.00544792412 12.9254652827 0.0 1504013868077112208
4.00682137609 12.9240242752 0.0 1504013868733208409
4.01114873104 12.9242106445 0.0 1504013868864090494
4.01233454237 12.9241582729 0.0 1504013868894297565
4.02032255963 12.922987491 0.0 1504013869035618681
4.03258220608 12.9235019224 0.0 1504013869146447792
4.04074640508 12.9245822628 0.0 1504013869216928452
4.04806881446 12.9240880851 0.0 1504013869277316297
4.06948981788 12.9226633401 0.0 1504013869473937918
4.09840061223 12.921036308 0.0 1504013869690922249
4.13722882324 12.919954237 0.0 1504013869993120315
4.14334772006 12.9197910841 0.0 1504013870043411713
4.16676601468 12.9189466853 0.0 1504013870264963636
4.17586566221 12.9186381362 0.0 1504013870356787443
4.17586566221 12.9186381362 0.0 1504013870356787443
4.18279688282 12.9184001039 0.0 1504013870427197540
4.21041255363 12.9215288908 0.0 1504013870719858918
4.22885656138 12.9197330086 0.0 1504013870903609554
4.24157991013 12.9191144859 0.0 1504013871024461204
4.26507292618 12.9173872614 0.0 1504013871256215372
4.27112610159 12.9169064259 0.0 1504013871326707501
4.27576651622 12.9164107304 0.0 1504013871376997352
4.2799281583 12.9160556126 0.0 1504013871417569692
4.28876767426 12.9155168979 0.0 1504013871508251625
4.30003440332 12.9148508209 0.0 1504013871618939934
4.30998071903 12.9141734284 0.0 1504013871729724015
4.32367193672 12.9131064032 0.0 1504013871866654227
4.3341834593 12.9124770028 0.0 1504013871978030150
4.36287028862 12.9111614856 0.0 1504013872274240311
4.38346916175 12.9097664975 0.0 1504013872486979355
4.40255958805 12.9084003861 0.0 1504013872688571402
4.41026272852 12.9079827719 0.0 1504013872769072509
4.45509070952 12.9102153665 0.0 1504013873154161996
4.4610575424 12.9113193121 0.0 1504013873214586310
4.46726922482 12.9103783491 0.0 1504013873285090387
4.49638827811 12.9062607653 0.0 1504013873713706953
4.49787319688 12.9043612643 0.0 1504013873784195649
4.49969248046 12.900880469 0.0 1504013873905117075
4.50885457199 12.8988981795 0.0 1504013874015921591
4.53407518609 12.8972054846 0.0 1504013874179699109
4.54382230699 12.8958824312 0.0 1504013874255235143
4.55015298176 12.895221537 0.0 1504013874307553558
4.58154081722 12.8917957785 0.0 1504013874550443634
4.59634787898 12.889979045 0.0 1504013874682312261
4.608372645 12.8882564405 0.0 1504013874805543388
4.61397210411 12.8875744961 0.0 1504013874865964777
4.62012291762 12.8869286637 0.0 1504013874926539147
4.62173759876 12.8866673741 0.0 1504013874946690365
4.63297381388 12.885146598 0.0 1504013875080039636
4.64679263648 12.8832583868 0.0 1504013875251310832
4.6670879584 12.8805291968 0.0 1504013875513058061
4.67173632134 12.8799771719 0.0 1504013875578120379
4.70191931936 12.8757507574 0.0 1504013875941549055
4.70191931936 12.8757507574 0.0 1504013875941549055
4.71718167065 12.873391757 0.0 1504013876113659903
4.72195992675 12.8726536958 0.0 1504013876163995357
4.7278650917 12.8721120466 0.0 1504013876244553411
4.73743627787 12.8703606204 0.0 1504013876345779688
4.74727734338 12.8710952575 0.0 1504013876462611045
4.76020815446 12.8720408177 0.0 1504013876580488709
4.77126924148 12.8700559151 0.0 1504013876712673054
4.78924616973 12.8663495498 0.0 1504013876926440381
4.82756919454 12.8557341578 0.0 1504013877407673581
4.84004506906 12.8529281387 0.0 1504013877558799251
4.87425304201 12.8455578529 0.0 1504013877971491420
4.90925026894 12.837893479 0.0 1504013878370395408
4.91599418531 12.8362568477 0.0 1504013878441071459
4.92579504924 12.8365310816 0.0 1504013878522479174
4.9376889977 12.8329076082 0.0 1504013878653309735
4.94498926734 12.8315437018 0.0 1504013878755353811
4.96201417486 12.8265714563 0.0 1504013878997511956
4.96973098398 12.8246226638 0.0 1504013879102897153
4.98789138821 12.8199411898 0.0 1504013879354697652
4.99850190324 12.8173210207 0.0 1504013879486879251
5.00190088206 12.8163291523 0.0 1504013879527156240
5.00761773876 12.8146246784 0.0 1504013879587926900
5.02056584115 12.8111848059 0.0 1504013879730463512
5.03093323893 12.8084237576 0.0 1504013879861299243
5.03565103931 12.8069867676 0.0 1504013879911636081
5.04869218811 12.8039326848 0.0 1504013880062625356
5.06370890772 12.8000727731 0.0 1504013880235059835
5.08891683748 12.7936559297 0.0 1504013880538834616
5.1068339547 12.7885895388 0.0 1504013880751312892
5.1223367846 12.7844609187 0.0 1504013880930046883
5.13075346737 12.7820561522 0.0 1504013881042707408
5.13961414889 12.7791736903 0.0 1504013881143341248
5.15334746745 12.7751663587 0.0 1504013881324895490
5.15914638409 12.7733542976 0.0 1504013881396157742
5.18397184085 12.766163899 0.0 1504013881692984196
5.20101921615 12.7608419777 0.0 1504013881892767960
5.20760578348 12.7587799254 0.0 1504013881973199470
5.21586932145 12.7561360038 0.0 1504013882063753070
5.22462978852 12.7535026823 0.0 1504013882174453283
5.2410316733 12.747754804 0.0 1504013882365058089
5.2410316733 12.747754804 0.0 1504013882365058089
5.27531723979 12.7363942534 0.0 1504013882783537765
5.27844270474 12.735315581 0.0 1504013882823811814
5.28540288731 12.73287491 0.0 1504013882904389373
5.29644050792 12.7295779311 0.0 1504013883035385499
5.31634270903 12.7223524303 0.0 1504013883255330919
5.32593204054 12.7187536979 0.0 1504013883366862519
5.34619484804 12.7111546771 0.0 1504013883601861217
5.3531260814 12.7086966772 0.0 1504013883682427248
5.36261251064 12.7048973519 0.0 1504013883793335271
5.37143926142 12.7017854587 0.0 1504013883897000789
5.37846608737 12.6990138733 0.0 1504013883990413710
5.38742163898 12.6959814466 0.0 1504013884101660067
5.40022848766 12.6913331747 0.0 1504013884244965921
5.41333892932 12.6860244283 0.0 1504013884407832143
5.41333892932 12.6860244283 0.0 1504013884407832143
5.43450465406 12.677365766 0.0 1504013884659984765
5.45690379781 12.6674752433 0.0 1504013884945128933
5.45778450446 12.6671194983 0.0 1504013884955199657
5.48763783529 12.6556619261 0.0 1504013885315419059
5.55514080153 12.6253079389 0.0 1504013886146548572
5.5718271331 12.6182864334 0.0 1504013886348872711
5.5774937919 12.615595173 0.0 1504013886430318744
5.59298403439 12.6090262925 0.0 1504013886612344335
5.60737064557 12.6023642187 0.0 1504013886793808525
5.62167598094 12.59558011 0.0 1504013886975469342
5.63015800813 12.5913468322 0.0 1504013887076770239
5.65033176722 12.5808442287 0.0 1504013887332217615
5.68286572499 12.5651671375 0.0 1504013887740524686
5.70387828715 12.5549019879 0.0 1504013888004720122
5.71248495276 12.5508511848 0.0 1504013888105715480
5.73815514976 12.5370836491 0.0 1504013888412759827
5.75177990516 12.5298796402 0.0 1504013888583813803
5.78880705396 12.5105550891 0.0 1504013889028204498
5.81362059398 12.4967231585 0.0 1504013889362531092
5.8349450999 12.4848478421 0.0 1504013889624797022
5.83634222304 12.4840146662 0.0 1504013889644926931
5.84225700659 12.4805269362 0.0 1504013889725467686
5.86387961062 12.4688470629 0.0 1504013889909916755
5.87179437601 12.4631992619 0.0 1504013890031764568
5.88205413617 12.4578271439 0.0 1504013890165265135
5.88205413617 12.4578271439 0.0 1504013890165265135
5.88205413617 12.4578271439 0.0 1504013890165265135
5.88771035861 12.4548640296 0.0 1504013890245822776
5.89799959698 12.4489002015 0.0 1504013890408076443
5.90249985002 12.4464893661 0.0 1504013890458412088
5.91581636497 12.4385238537 0.0 1504013890639744228
5.9316957377 12.4297764721 0.0 1504013890826595778
5.93317152828 12.4288643892 0.0 1504013890846727651
5.93975219926 12.4245985338 0.0 1504013890928065514
5.94786634116 12.4200457237 0.0 1504013891020658009
5.95554436876 12.4158922661 0.0 1504013891103262677
5.96866510062 12.4077562188 0.0 1504013891274583093
5.9827503091 12.399293874 0.0 1504013891427156378
5.98472267469 12.3979173771 0.0 1504013891467417092
6.00871874209 12.3827294699 0.0 1504013891782621078
6.01387753286 12.3796134803 0.0 1504013891846419079
6.03009573062 12.3695793493 0.0 1504013892047893247
6.04977286186 12.3574666519 0.0 1504013892296010758
6.05344501892 12.3550462875 0.0 1504013892347099534
6.05938485801 12.3509877943 0.0 1504013892427636497
6.06559871563 12.3471007652 0.0 1504013892510012315
6.07890898832 12.3387200752 0.0 1504013892661283725
6.08962646484 12.3314144594 0.0 1504013892804795369
6.08962646484 12.3314144594 0.0 1504013892804795369
6.10019516852 12.324377019 0.0 1504013892925545516
6.1285184849 12.3054369065 0.0 1504013893301261637
6.14133741023 12.2973151835 0.0 1504013893454958775
6.16207106885 12.2833260291 0.0 1504013893734040964
6.20721954063 12.2525968985 0.0 1504013894329246427
6.21578731653 12.2466641955 0.0 1504013894430205800
6.2808799106 12.2003396593 0.0 1504013895272061061
6.28934312075 12.1938765814 0.0 1504013895383413952
6.29388724121 12.1903230286 0.0 1504013895443997473
6.30325557389 12.1841125182 0.0 1504013895564800332
6.31101579423 12.1783954852 0.0 1504013895668448462
6.31711725186 12.173861621 0.0 1504013895750443559
6.32688076499 12.1670246469 0.0 1504013895864822505
6.33322327811 12.1624757454 0.0 1504013895945337276
6.35551606704 12.146085239 0.0 1504013896217774976
6.35768221792 12.1444465985 0.0 1504013896250482176
6.36802032305 12.1368510796 0.0 1504013896391442650
6.37379116909 12.1327931103 0.0 1504013896453572805
6.37558852858 12.1315409809 0.0 1504013896473708836
6.38029784711 12.1281912866 0.0 1504013896544304341
6.38785964074 12.1223298659 0.0 1504013896645214583
6.39891581983 12.1164382637 0.0 1504013896766235695
6.40749544813 12.1092039016 0.0 1504013896888242319
6.44069774644 12.0848364715 0.0 1504013897343300484
6.45169254588 12.0764901228 0.0 1504013897486370752
6.45629729531 12.0728803776 0.0 1504013897546821040
6.45780059644 12.0717813844 0.0 1504013897566937623
6.46478146862 12.0668586609 0.0 1504013897647583918
6.47805855698 12.0568690101 0.0 1504013897818977204
6.48539300383 12.0513054872 0.0 1504013897909572428
6.48912672574 12.0486640233 0.0 1504013897960015927
6.49735048786 12.0425713946 0.0 1504013898061597432
6.51063086077 12.0323993624 0.0 1504013898232763649
6.51491957627 12.0291959746 0.0 1504013898283259572
6.52705614975 12.0192746549 0.0 1504013898437361701
6.5313501274 12.0158754836 0.0 1504013898497858232
6.53585309434 12.0126192183 0.0 1504013898548620625
6.55109655763 12.0004687406 0.0 1504013898740347166
6.56013759322 11.9943615769 0.0 1504013898861163702
6.56793435877 11.9881501058 0.0 1504013898963410592
6.57616103973 11.9810180284 0.0 1504013899094312781
6.57995412102 11.9783377918 0.0 1504013899144648236
6.58555822806 11.9740575122 0.0 1504013899215086321
6.58796689015 11.971975067 0.0 1504013899255402185
6.59662864667 11.9651405781 0.0 1504013899378106319
6.60758113996 11.9567803874 0.0 1504013899509235106
6.61253798067 11.9526705278 0.0 1504013899579721097
6.62483360327 11.9425755613 0.0 1504013899742074764
6.63989744062 11.9302790562 0.0 1504013899945572480
6.64414882226 11.9269402111 0.0 1504013900006058103
6.67486776344 11.9023048911 0.0 1504013900389362887
6.6828941065 11.8954715124 0.0 1504013900510108426
6.68933702196 11.890160721 0.0 1504013900593027462
6.69778366325 11.8836029812 0.0 1504013900691903528
6.70513775335 11.8772865596 0.0 1504013900782854657
6.71814174947 11.866042364 0.0 1504013900953897323
6.72432645214 11.8609322576 0.0 1504013901025055434
6.74132240595 11.8465475282 0.0 1504013901246991946
6.75064461779 11.8391802912 0.0 1504013901368734164
6.7659277882 11.8263325624 0.0 1504013901582420248
6.7771011118 11.8162654313 0.0 1504013901739534660
6.78532188943 11.8094288949 0.0 1504013901854259430
6.79838734859 11.798115584 0.0 1504013902026778233
6.82580862377 11.7732507191 0.0 1504013902402311127
6.83964552115 11.7612478351 0.0 1504013902584224202
6.8956091322 11.7108097443 0.0 1504013903362856196
6.89876316969 11.7080822265 0.0 1504013903403863355
6.90700376507 11.7006260371 0.0 1504013903514665035
6.91224939072 11.695306219 0.0 1504013903585826615
6.91978537646 11.6881621863 0.0 1504013903687986509
6.92734366501 11.6815047667 0.0 1504013903778688493
6.93493865096 11.6744480752 0.0 1504013903886531941
6.94354290544 11.6667148175 0.0 1504013903997319727
6.94989464469 11.6610708993 0.0 1504013904079338074
6.96314971565 11.648622475 0.0 1504013904273389828
6.96988094851 11.6425248335 0.0 1504013904367759399
6.97270411661 11.6398325692 0.0 1504013904408463155
6.99944186123 11.6197827088 0.0 1504013904677348665
7.01757166175 11.5987849483 0.0 1504013905041643466
7.02145591252 11.5951827458 0.0 1504013905102020677
7.02343546129 11.5933016349 0.0 1504013905133073370
7.02967592519 11.5873047987 0.0 1504013905223830147
7.03648565567 11.5802240032 0.0 1504013905334708580
7.04108929573 11.5756738541 0.0 1504013905397121869
7.04635223837 11.5706513233 0.0 1504013905467572172
7.05247404242 11.56489419 0.0 1504013905548243129
7.06243450249 11.5542654975 0.0 1504013905689173798
7.07939797867 11.5382520719 0.0 1504013905914521808
7.09098755156 11.5274953367 0.0 1504013906065715132
7.09903543975 11.5197645602 0.0 1504013906179134989
7.10039339675 11.5184302556 0.0 1504013906199260813
7.11518573966 11.5044391785 0.0 1504013906403834764
7.11986272761 11.4997384747 0.0 1504013906486216426
7.12684713243 11.4932528676 0.0 1504013906581335069
7.134338964 11.486361036 0.0 1504013906682023635
7.15666824284 11.4644512103 0.0 1504013907005297915
7.15886811645 11.4623448868 0.0 1504013907037988457
7.1662635973 11.4545364027 0.0 1504013907148870241
7.17445261998 11.4466042619 0.0 1504013907259671442
7.17800830652 11.443169702 0.0 1504013907312922772
7.18218653459 11.4390134654 0.0 1504013907373294125
7.19802918791 11.4237708121 0.0 1504013907594730780
7.21973809503 11.4018325583 0.0 1504013907908745386
7.23315904898 11.3877286567 0.0 1504013908100509505
7.23990806002 11.3809387138 0.0 1504013908191168309
7.25197166557 11.3689292717 0.0 1504013908382418399
7.25657489634 11.3644022911 0.0 1504013908442954059
7.26573933485 11.3554488167 0.0 1504013908554725718
7.27591298802 11.3451096708 0.0 1504013908705674496
7.28799793039 11.3325542012 0.0 1504013908877008498
7.28878626071 11.3318137393 0.0 1504013908887766153
7.30985525281 11.3087636285 0.0 1504013909137058188
7.32012418495 11.298902464 0.0 1504013909290795358
7.32460228911 11.2958770173 0.0 1504013909361266636
7.32903321598 11.2922703101 0.0 1504013909421807550
7.33529751592 11.2860425462 0.0 1504013909522979896
7.34267848077 11.278448341 0.0 1504013909636069495
7.3536605989 11.2669394011 0.0 1504013909829257474
7.35846469828 11.261557852 0.0 1504013909909854045
7.35993140154 11.2600368984 0.0 1504013909929993882
7.36574546269 11.2540844073 0.0 1504013910010812666
7.3752938556 11.2443828992 0.0 1504013910141775639
7.37968593201 11.2397297714 0.0 1504013910202747738
7.38912367878 11.2301727948 0.0 1504013910325167451
7.39487179106 11.2243612923 0.0 1504013910408261157
7.40484396679 11.2141027666 0.0 1504013910530255478
7.41628685782 11.2024359707 0.0 1504013910671327619
7.41925655154 11.1981778783 0.0 1504013910731740936
7.43064210809 11.1867701725 0.0 1504013910893456910
7.43619815054 11.1810198456 0.0 1504013910974423178
7.43977998475 11.1768241563 0.0 1504013911044918161
7.45534530888 11.1613852933 0.0 1504013911268442276
7.4601590891 11.1559615243 0.0 1504013911338858554
7.46507128301 11.150928717 0.0 1504013911409325195
7.47673648601 11.1391068612 0.0 1504013911582549808
7.47949993631 11.1360744292 0.0 1504013911623955952
7.50050333386 11.1137311821 0.0 1504013911917776769
7.50304126407 11.1106376587 0.0 1504013911961166840
7.51044709954 11.1028529005 0.0 1504013912058375951
7.52035076028 11.092274113 0.0 1504013912202501051
7.53202320559 11.0798615943 0.0 1504013912373587314
7.56758783041 11.0413426252 0.0 1504013912902651430
7.57923704084 11.0288892551 0.0 1504013913063788068
7.58397320265 11.023569797 0.0 1504013913144360327
7.58603764497 11.021296865 0.0 1504013913174572681
7.59129044991 11.0158095501 0.0 1504013913247051960
7.59997447547 11.0064649389 0.0 1504013913379571342
7.60315396536 11.0023613795 0.0 1504013913439988124
7.6099143983 10.9948695628 0.0 1504013913540651969
7.61543796983 10.9887982332 0.0 1504013913621183651
7.62381577413 10.9792684375 0.0 1504013913751970600
7.63162019624 10.9709885747 0.0 1504013913862729291
7.63914642993 10.9628443863 0.0 1504013913974638165
7.64732246949 10.9536622218 0.0 1504013914095295451
7.65016046382 10.9505814535 0.0 1504013914136930236
7.6632185402 10.9364574798 0.0 1504013914339438942
7.66601600803 10.9332531337 0.0 1504013914380181986
7.67076436296 10.9280260495 0.0 1504013914450633466
7.67559340441 10.92265742 0.0 1504013914521109461
7.68258202586 10.9150484836 0.0 1504013914631948231
7.69067389378 10.9058543695 0.0 1504013914752760541
7.69606128696 10.9000241971 0.0 1504013914833267079
7.7049644893 10.8900690618 0.0 1504013914974600437
7.71080669967 10.8835062587 0.0 1504013915065314899
7.72616945425 10.865809364 0.0 1504013915309075626
7.73211432828 10.8590603904 0.0 1504013915399679497
7.75647425214 10.8308213566 0.0 1504013915762171915
7.76584449311 10.8194964971 0.0 1504013915903141210
7.76942106901 10.8154006196 0.0 1504013915963571455
7.77629345336 10.8076740526 0.0 1504013916067017619
7.78275224375 10.7998126231 0.0 1504013916171344120
7.78756896022 10.7940665844 0.0 1504013916262267110
7.79528056206 10.7853993515 0.0 1504013916383121933
7.80884714348 10.7694553735 0.0 1504013916597925694
7.82527099209 10.750123958 0.0 1504013916860597151
7.83964253739 10.7337384806 0.0 1504013917077811754
7.85180662509 10.7197186446 0.0 1504013917272365115
7.85913513901 10.7107688104 0.0 1504013917413681590
7.87040880116 10.6980052294 0.0 1504013917587874585
7.87040880116 10.6980052294 0.0 1504013917587874585
7.87508175067 10.6924330979 0.0 1504013917658805923
7.88148651846 10.684867887 0.0 1504013917760616126
7.88871612258 10.6769124864 0.0 1504013917861577884
7.89396549281 10.6708013545 0.0 1504013917942288632
7.90149677305 10.6613832933 0.0 1504013918056008331
7.91041975692 10.6513348438 0.0 1504013918177936982
7.92550040787 10.6335142064 0.0 1504013918422095559
7.92773275069 10.6309048586 0.0 1504013918462377426
7.92983301742 10.6282176527 0.0 1504013918502638096
7.94185251576 10.6134159198 0.0 1504013918704726152
7.96178629828 10.5896646804 0.0 1504013919018102507
7.9682750515 10.5818979103 0.0 1504013919118669302
7.97261972235 10.576330638 0.0 1504013919189185945
7.97758206759 10.5701220707 0.0 1504013919269877031
7.9849216955 10.5615703245 0.0 1504013919380691825
7.99650281458 10.5468669743 0.0 1504013919574777085
8.00323579056 10.5391014496 0.0 1504013919678443299
8.00605146389 10.5354201213 0.0 1504013919728792918
8.00848086976 10.5323157663 0.0 1504013919769061932
8.01373159239 10.5256753647 0.0 1504013919859745180
8.03377307158 10.5007536502 0.0 1504013920194991978
8.04463243913 10.4872864023 0.0 1504013920367110919
8.05793420181 10.4701818032 0.0 1504013920584847364
8.06384646688 10.4624799071 0.0 1504013920685585777
8.06815119483 10.4565830959 0.0 1504013920756136901
8.07366538366 10.4496108987 0.0 1504013920846696520
8.07886190011 10.4427911627 0.0 1504013920937721816
8.08206348469 10.438604128 0.0 1504013920988271626
8.08853680351 10.4303931649 0.0 1504013921099499049
8.0928167584 10.4250300636 0.0 1504013921169965965
8.09399709651 10.4235307152 0.0 1504013921190112770
8.09921980174 10.4164705382 0.0 1504013921281263617
8.11820730156 10.391862284 0.0 1504013921603995839
8.13662632478 10.3678785592 0.0 1504013921900030468
8.14365879217 10.3585404413 0.0 1504013922011545806
8.1547299817 10.3437525239 0.0 1504013922201664406
8.16207217458 10.3345790861 0.0 1504013922323545691
8.1637889546 10.3323005467 0.0 1504013922353755047
8.17026430015 10.3232816403 0.0 1504013922470827834
8.18223269169 10.3070323192 0.0 1504013922673657069
8.21124143977 10.2677561283 0.0 1504013923192938912
8.22183885593 10.2533856017 0.0 1504013923394959542
8.22828449771 10.2443563502 0.0 1504013923505732340
8.24326203206 10.2235995919 0.0 1504013923768590206
8.25209181109 10.2117851347 0.0 1504013923919708592
8.25846852142 10.2026174961 0.0 1504013924030477886
8.27064675657 10.1858755713 0.0 1504013924247086237
8.27334747441 10.1818287884 0.0 1504013924297698995
8.28276274584 10.1689921558 0.0 1504013924469249463
8.28659469318 10.1631538168 0.0 1504013924539809840
8.30246386355 10.141030591 0.0 1504013924832811688
8.31629537098 10.1215824611 0.0 1504013925074401751
8.34931430959 10.0732558479 0.0 1504013925680944644
8.3596450531 10.0576732625 0.0 1504013925884102560
8.36526622845 10.0498265589 0.0 1504013925984780517
8.37051010335 10.0418891781 0.0 1504013926075448594
8.37356027066 10.0369361411 0.0 1504013926135851160
8.40590606525 9.98821338495 0.0 1504013926738808403
8.42003200706 9.96720198941 0.0 1504013927011785825
8.42652954754 9.95806060328 0.0 1504013927122551815
8.43199465752 9.94940114332 0.0 1504013927233382528
8.44199137051 9.93500332013 0.0 1504013927414976575
8.45588565066 9.9135418003 0.0 1504013927666941302
8.45779880726 9.91088773456 0.0 1504013927697126678
8.47498622526 9.88511309963 0.0 1504013928012547533
8.4798121191 9.87772595008 0.0 1504013928113256551
8.48377115348 9.87180306324 0.0 1504013928194037845
8.49117307935 9.86027102979 0.0 1504013928349768610
8.50180727303 9.84290369099 0.0 1504013928561808230
8.50489279602 9.83826080597 0.0 1504013928622208735
8.50908166968 9.83149483895 0.0 1504013928702749080
8.51226610047 9.82637512504 0.0 1504013928763212508
8.51638756373 9.81963270894 0.0 1504013928844321598
8.51898484145 9.81531576953 0.0 1504013928894709846
8.52534733285 9.80667204379 0.0 1504013929005489284
8.53876930413 9.78486436011 0.0 1504013929277973797
8.55314963073 9.76087644781 0.0 1504013929551806421
8.55789955804 9.753131982 0.0 1504013929642335971
8.56448740239 9.74162123597 0.0 1504013929763927339
8.57567015001 9.72313675923 0.0 1504013929985810650
8.57829851576 9.71851683012 0.0 1504013930036388743
8.58971376101 9.70161579794 0.0 1504013930159265071
8.59522973767 9.69167693353 0.0 1504013930272918289
8.59907061375 9.68524322343 0.0 1504013930343355731
8.60453135372 9.67543729256 0.0 1504013930458294877
8.60926194566 9.66743230325 0.0 1504013930565640488
8.61112118155 9.66326798275 0.0 1504013930657276387
8.61721157308 9.65400545668 0.0 1504013930828655384
8.6199970658 9.64860586839 0.0 1504013930902530752
8.62174662509 9.64570160563 0.0 1504013930942854459
8.627305394 9.63565050954 0.0 1504013931083959974
8.63015750575 9.63067436494 0.0 1504013931145025466
8.6429812689 9.6094749676 0.0 1504013931379816220
8.64570486922 9.60462159745 0.0 1504013931430095550
8.65864424774 9.58138885517 0.0 1504013931684174431
8.66134681711 9.57647901169 0.0 1504013931745021542
8.67453133656 9.55391801529 0.0 1504013931988046808
8.70808933732 9.49522345789 0.0 1504013932621993278
8.71929113313 9.47451696271 0.0 1504013932885428476
8.72120657232 9.47076629587 0.0 1504013932935767876
8.73769701998 9.43853896225 0.0 1504013933351930875
8.74408094259 9.42642589992 0.0 1504013933493174684
8.75597644713 9.40340970911 0.0 1504013933776217198
8.75908609967 9.39732358213 0.0 1504013933846727436
8.76194337523 9.39173127734 0.0 1504013933917300435
8.76910259888 9.3794422518 0.0 1504013934018454460
8.77498866135 9.36792415625 0.0 1504013934149527304
8.77959290093 9.35883563159 0.0 1504013934250455733
8.78020441677 9.35386783711 0.0 1504013934322796802
8.78826099625 9.33788357946 0.0 1504013934544390417
8.79055736657 9.33228363357 0.0 1504013934616436922
8.79255767193 9.32829186514 0.0 1504013934666781418
8.79783014348 9.31735634554 0.0 1504013934802164146
8.80073304579 9.31171668556 0.0 1504013934862962643
8.80304602629 9.30681565794 0.0 1504013934923417993
8.80951577125 9.29391688037 0.0 1504013935077339506
8.81242945211 9.28773688833 0.0 1504013935147788638
8.81560194879 9.28095100602 0.0 1504013935218748426
8.83417846294 9.24465025314 0.0 1504013935647402927
8.83417846294 9.24465025314 0.0 1504013935647402927
8.83924632712 9.23340491069 0.0 1504013935759703312
8.84288848189 9.22528749694 0.0 1504013935850345257
8.84783271052 9.21480134529 0.0 1504013935966373499
8.86644205515 9.17458026795 0.0 1504013936411572861
8.87050637266 9.1653070769 0.0 1504013936532499825
8.87737983763 9.14994320508 0.0 1504013936725944989
8.88315789636 9.13738294385 0.0 1504013936877154249
8.88525085517 9.13259135893 0.0 1504013936929226225
8.88968969144 9.12278164797 0.0 1504013937041847693
8.89349421934 9.11437158067 0.0 1504013937143159080
8.89594477842 9.10884924855 0.0 1504013937205014497
8.90387135718 9.0914632529 0.0 1504013937386406135
8.90883504402 9.08032115096 0.0 1504013937500308874
8.9105636823 9.07637489472 0.0 1504013937540598995
8.91827831873 9.06022041396 0.0 1504013937721802215
8.92630611294 9.04288183162 0.0 1504013937935930378
8.93218506638 9.03004509402 0.0 1504013938087014256
8.93480276133 9.02372371154 0.0 1504013938157882266
8.94145368415 9.00857310542 0.0 1504013938342165819
8.94389437661 9.00269856774 0.0 1504013938415638997
8.95244511071 8.98408559346 0.0 1504013938620571137
8.96004169474 8.96614959078 0.0 1504013938824105370
8.96276719889 8.96038035789 0.0 1504013938884513415
8.97091162835 8.94049122519 0.0 1504013939099688246
8.97392141381 8.93429658023 0.0 1504013939170181276
8.97727557447 8.92656904448 0.0 1504013939250688731
8.98070246889 8.91818529313 0.0 1504013939341901350
8.98791548009 8.90219341719 0.0 1504013939516758217
8.99093949554 8.89466310227 0.0 1504013939597386006
8.99423536043 8.88645082567 0.0 1504013939687983202
8.99972388311 8.8735355437 0.0 1504013939830880911
9.00045163535 8.87183080089 0.0 1504013939850962693
9.00381829118 8.86333276455 0.0 1504013939941617829
9.00852046291 8.85203882168 0.0 1504013940063104429
9.01139228708 8.84477184688 0.0 1504013940147577288
9.01554166753 8.83424130233 0.0 1504013940258404909
9.0193292206 8.82515454586 0.0 1504013940379320498
9.02496894659 8.81072714497 0.0 1504013940540790216
9.02738634097 8.8044487585 0.0 1504013940611154037
9.0311300889 8.79594532838 0.0 1504013940704113316
9.03349619025 8.78990969755 0.0 1504013940775992446
9.03696438991 8.7802602576 0.0 1504013940879349568
9.04043225146 8.77123934142 0.0 1504013940980061571
9.04228094543 8.76659763643 0.0 1504013941030554757
9.05060158585 8.74463638425 0.0 1504013941272458489
9.06210639297 8.71561342403 0.0 1504013941587143640
9.06809457191 8.69942901909 0.0 1504013941758526459
9.069589046 8.69575662913 0.0 1504013941799917838
9.0715508794 8.69076008164 0.0 1504013941860927571
9.08234485075 8.66246574029 0.0 1504013942173443252
9.08616618141 8.6521632219 0.0 1504013942284127193
9.1118286316 8.58260778942 0.0 1504013943020694385
9.11853827927 8.56424105653 0.0 1504013943202145311
9.12096782505 8.55737449568 0.0 1504013943265690974
9.12252367437 8.55313574099 0.0 1504013943308129962
9.12714925444 8.54010208757 0.0 1504013943439855964
9.13114468546 8.52816594361 0.0 1504013943560577735
9.15384026143 8.46224934644 0.0 1504013944221208885
9.15815575748 8.4496269568 0.0 1504013944343243207
9.1590461619 8.44657097803 0.0 1504013944383518140
9.16119054611 8.43908308861 0.0 1504013944464125712
9.16486709265 8.42836541114 0.0 1504013944564767899
9.16833152579 8.41790098882 0.0 1504013944676307778
9.17169770052 8.40722783005 0.0 1504013944778450884
9.17412370787 8.3998658691 0.0 1504013944859471501
9.17718371078 8.39084674298 0.0 1504013944950472476
9.18308746623 8.37246259166 0.0 1504013945151885154
9.19247361501 8.34148669355 0.0 1504013945484670558
9.1940643407 8.33670697789 0.0 1504013945535003085
9.19728317181 8.32496941629 0.0 1504013945666964693
9.20363949518 8.30546571639 0.0 1504013945888717777
9.20547433011 8.29941052165 0.0 1504013945959660974
9.20902273306 8.28895939616 0.0 1504013946082103994
9.20990836225 8.28627491324 0.0 1504013946112332824
9.21268609465 8.27734662382 0.0 1504013946205307227
9.21413780008 8.27205625855 0.0 1504013946257080646
9.2176493719 8.26115188431 0.0 1504013946394066889
9.22223056159 8.24631027177 0.0 1504013946547421525
9.2243459245 8.23964359095 0.0 1504013946618147724
9.22712522663 8.23102011567 0.0 1504013946708849340
9.2289733407 8.22499941928 0.0 1504013946781584301
9.2350114707 8.20607148985 0.0 1504013946982926222
9.2383339383 8.19534460977 0.0 1504013947093778161
9.24222722713 8.18336582063 0.0 1504013947214591256
9.24402836261 8.1776948055 0.0 1504013947275146930
9.24532756733 8.17357050267 0.0 1504013947315546247
9.24777624045 8.16558959448 0.0 1504013947386705011
9.25163255816 8.15396350621 0.0 1504013947497393418
9.25539588482 8.14255701861 0.0 1504013947618859129
9.25846698422 8.13261962266 0.0 1504013947722154260
9.26034791876 8.12623222461 0.0 1504013947792765378
9.26856570734 8.09975564988 0.0 1504013948098685034
9.27002138157 8.09535309599 0.0 1504013948149087971
9.27390152097 8.08273796832 0.0 1504013948301863523
9.27544025543 8.07656027757 0.0 1504013948362315547
9.27843497633 8.06755650635 0.0 1504013948463014936
9.28064813795 8.0604808965 0.0 1504013948543600257
9.28359644522 8.05052368367 0.0 1504013948644298942
9.28749840544 8.03924633534 0.0 1504013948765338355
9.28953641629 8.03254187106 0.0 1504013948839335410
9.29223459031 8.02274434361 0.0 1504013948940242374
9.29548617257 8.01257400442 0.0 1504013949051003510
9.29861636569 8.00248953865 0.0 1504013949163500811
9.30099028163 7.9943195002 0.0 1504013949244784627
9.31419675091 7.95179532583 0.0 1504013949679607654
9.31745227094 7.94110649962 0.0 1504013949800369808
9.32144627957 7.92971775408 0.0 1504013949921225315
9.32916331976 7.90429170059 0.0 1504013950205196637
9.33757190697 7.87680824809 0.0 1504013950517736795
9.33914626638 7.871686048 0.0 1504013950571691422
9.34162272177 7.8633737545 0.0 1504013950662352148
9.34449366452 7.85342375805 0.0 1504013950763438066
9.35366888884 7.82390733351 0.0 1504013951065568109
9.35898432569 7.807021385 0.0 1504013951241274962
9.36878519534 7.77481347419 0.0 1504013951575509774
9.3709332714 7.7672523117 0.0 1504013951656035920
9.37715029821 7.74704607648 0.0 1504013951859578112
9.39837821873 7.67730351743 0.0 1504013952637742631
9.40429439572 7.65881799268 0.0 1504013952806295767
9.40615536291 7.65228934956 0.0 1504013952876952897
9.41008914095 7.64063886396 0.0 1504013952987847700
9.41072793716 7.63855094189 0.0 1504013953007969925
9.41327738408 7.63005689412 0.0 1504013953088464692
9.41778486477 7.61668783808 0.0 1504013953224990529
9.42125010388 7.60447962604 0.0 1504013953346986759
9.42243492015 7.60062819951 0.0 1504013953387293949
9.42678663406 7.58747602141 0.0 1504013953523382925
9.42905582983 7.5794619573 0.0 1504013953614958830
9.43268914058 7.56637754413 0.0 1504013953756759415
9.43520907576 7.55996718762 0.0 1504013953827297875
9.43948217743 7.54441974291 0.0 1504013954000379196
9.44144826087 7.53645521739 0.0 1504013954081299756
9.44501873229 7.52420185148 0.0 1504013954212709888
9.44974962831 7.50766355931 0.0 1504013954389060835
9.45468690646 7.49002000904 0.0 1504013954592502631
9.45598511239 7.48505955042 0.0 1504013954642864944
9.45951977369 7.47320417571 0.0 1504013954763683401
9.46218987224 7.46463038328 0.0 1504013954844648000
9.46418954998 7.45534852513 0.0 1504013954945718643
9.46541902447 7.44930545698 0.0 1504013955006576582
9.46945106001 7.43475350854 0.0 1504013955138366879
9.47113146707 7.42880039855 0.0 1504013955199097457
9.47436192749 7.41724490031 0.0 1504013955319927935
9.4771799471 7.40758965467 0.0 1504013955411925914
9.47977482169 7.39819441865 0.0 1504013955506155517
9.48474386869 7.37757248145 0.0 1504013955721180576
9.48977496238 7.36074385346 0.0 1504013955903671794
9.49112484304 7.35668649667 0.0 1504013955943928616
9.49415862861 7.34156893956 0.0 1504013956125410443
9.50498016337 7.3003595099 0.0 1504013956523355317
9.50938745563 7.28484687633 0.0 1504013956646018947
9.51532075017 7.26512705513 0.0 1504013956817731557
9.52084306837 7.24614709151 0.0 1504013956989137191
9.52490633128 7.23330149026 0.0 1504013957110781945
9.52886222977 7.21986356015 0.0 1504013957252270217
9.53687152002 7.18859527379 0.0 1504013957629382436
9.54084129643 7.17421280043 0.0 1504013957785464062
9.543201986 7.16399304901 0.0 1504013957896465527
9.54633398891 7.15386193782 0.0 1504013957999189631
9.55159334678 7.13572661287 0.0 1504013958181420334
9.55598295277 7.1208335846 0.0 1504013958322622698
9.55755234746 7.11523524047 0.0 1504013958383183505
9.56163680883 7.09985682352 0.0 1504013958534488809
9.56311589815 7.09439689638 0.0 1504013958589568825
9.56871203006 7.07440530743 0.0 1504013958802105044
9.57003827666 7.06914689335 0.0 1504013958861138485
9.57111870248 7.06516970351 0.0 1504013958901423837
9.57490567974 7.0518301209 0.0 1504013959042587701
9.58005354257 7.0348059082 0.0 1504013959228861118
9.58230638738 7.02663469845 0.0 1504013959310726995
9.58450124437 7.01850957489 0.0 1504013959391214106
9.58762857092 7.00711904925 0.0 1504013959512391793
9.58889895599 7.00098380983 0.0 1504013959583570399
9.5918218952 6.9900081299 0.0 1504013959697088622
9.59577221449 6.97857072674 0.0 1504013959828131652
9.59803553216 6.97028497779 0.0 1504013959911472803
9.60178165374 6.95632160854 0.0 1504013960063679087
9.60385203393 6.94926977058 0.0 1504013960134169078
9.60747119835 6.93578640496 0.0 1504013960288347439
9.61248778047 6.91911482565 0.0 1504013960460346700
9.61418441022 6.91343924118 0.0 1504013960522217502
9.61677392392 6.9036715716 0.0 1504013960622868723
9.62127254457 6.8883568752 0.0 1504013960786037232
9.62378922003 6.87926619049 0.0 1504013960878937125
9.62550201256 6.87310418802 0.0 1504013960940000961
9.62907741156 6.86042583071 0.0 1504013961070793650
9.6310227951 6.85364236777 0.0 1504013961141240427
9.63381697928 6.84293319201 0.0 1504013961252011899
9.63460895555 6.83996417779 0.0 1504013961282215710
9.63834349585 6.82658626632 0.0 1504013961423146657
9.64009105291 6.82008243321 0.0 1504013961493644256
9.64280212087 6.81032541544 0.0 1504013961585445764
9.64811560233 6.79224071114 0.0 1504013961766624847
9.6522501612 6.77667954865 0.0 1504013961929257487
9.65762952064 6.75713252018 0.0 1504013962151371707
9.65941886333 6.75073397834 0.0 1504013962221862393
9.67185770763 6.70664956482 0.0 1504013962687691241
9.68476471115 6.66315423199 0.0 1504013963142483493
9.686802012 6.65470992666 0.0 1504013963233000266
9.68783295771 6.65081602517 0.0 1504013963273274171
9.69028395912 6.64267102741 0.0 1504013963354437606
9.69641295412 6.62171077435 0.0 1504013963576851095
9.7010135378 6.60469667903 0.0 1504013963758444250
9.70773920948 6.58141276681 0.0 1504013964001381047
9.70970446787 6.57472619598 0.0 1504013964072702204
9.71306126276 6.56333236649 0.0 1504013964194951628
9.71892796429 6.54216178926 0.0 1504013964409457863
9.72094323949 6.53434640827 0.0 1504013964491093457
9.72491468596 6.52128254732 0.0 1504013964612024775
9.73059830301 6.50390644856 0.0 1504013964804834221
9.74668725581 6.44971449694 0.0 1504013965401741797
9.74890039508 6.44328975976 0.0 1504013965462939972
9.75244945636 6.43217672151 0.0 1504013965583674609
9.75552439563 6.42045349699 0.0 1504013965704554563
9.75739468669 6.41512805935 0.0 1504013965754864585
9.76417321004 6.3921609934 0.0 1504013965989820906
9.76661307998 6.38515141405 0.0 1504013966064163348
9.76825232993 6.3801461882 0.0 1504013966124857234
9.77040412148 6.37138729809 0.0 1504013966220363434
9.77176859695 6.3653332341 0.0 1504013966280741585
9.77382794739 6.35835152903 0.0 1504013966346314941
9.78549359122 6.32098050809 0.0 1504013966699929247
9.79290485677 6.29687280791 0.0 1504013966948778461
9.7946413177 6.29099189739 0.0 1504013967012186494
9.80086926027 6.26863891196 0.0 1504013967264228059
9.80444203076 6.25780941542 0.0 1504013967380630236
9.80600222609 6.25336695188 0.0 1504013967441071128
9.8109259911 6.23876732345 0.0 1504013967585947221
9.81513805834 6.22573933724 0.0 1504013967716897540
9.82525572758 6.19372522397 0.0 1504013968040190913
9.82900871898 6.18223905655 0.0 1504013968151035949
9.83300507545 6.17093820662 0.0 1504013968274649650
9.83394177418 6.16810336923 0.0 1504013968305004454
9.83772495217 6.1564180143 0.0 1504013968426026776
9.84217977565 6.14367879735 0.0 1504013968556917901
9.86216703345 6.08573568384 0.0 1504013969182088836
9.87169910456 6.05880268633 0.0 1504013969462960257
9.88680533796 6.01818398611 0.0 1504013969900853801
9.89147531757 6.00856954495 0.0 1504013970011657874
9.8922634472 6.00677552019 0.0 1504013970031793624
9.89533080491 5.9986124966 0.0 1504013970122376189
9.90185163018 5.98207571271 0.0 1504013970298043979
9.93588109581 5.89516674676 0.0 1504013971208249656
9.94794122334 5.86455282771 0.0 1504013971568258515
9.95012334705 5.85887107455 0.0 1504013971630816157
9.95481921723 5.84834233155 0.0 1504013971761728991
9.96384779251 5.82565662246 0.0 1504013972004748864
9.96728750583 5.8173606993 0.0 1504013972096492692
9.97743282742 5.7931641974 0.0 1504013972363424047
9.98136043243 5.78310683243 0.0 1504013972485426110
9.98542157937 5.77282885065 0.0 1504013972596082203
10.000874382 5.73223402513 0.0 1504013973056281589
10.004728744 5.72242631787 0.0 1504013973165436577
10.0081683623 5.71458916974 0.0 1504013973256051179
10.0134367843 5.70125014985 0.0 1504013973402561729
10.0148979044 5.69746452035 0.0 1504013973442820902
10.0173191163 5.69116250381 0.0 1504013973513318540
10.0211433083 5.68104172934 0.0 1504013973624297067
10.0249836376 5.67154090598 0.0 1504013973725013925
10.0366542081 5.64406401213 0.0 1504013974032071295
10.0456888553 5.62172684848 0.0 1504013974284857387
10.0479799325 5.61624798756 0.0 1504013974345415391
10.0516096777 5.6084354832 0.0 1504013974435999933
10.0625493113 5.58280148334 0.0 1504013974720465482
10.0750024985 5.55507674268 0.0 1504013975036843030
10.0832165209 5.53651282803 0.0 1504013975241529567
10.0935229858 5.51406686402 0.0 1504013975485026230
10.0952329055 5.51030760792 0.0 1504013975525297006
10.0968618293 5.50661135735 0.0 1504013975565575578
10.1075927179 5.48399138481 0.0 1504013975837740833
10.1093462811 5.47983925588 0.0 1504013975877996081
10.1144051086 5.46943296537 0.0 1504013976002470619
10.1204368073 5.45521235177 0.0 1504013976154241002
10.1456788826 5.39976631036 0.0 1504013976790786246
10.14827531 5.393817764 0.0 1504013976863093078
10.1523621098 5.38390356665 0.0 1504013976986199790
10.154363264 5.37977530875 0.0 1504013977046613443
10.1572089767 5.37331234116 0.0 1504013977119932266
10.1615796207 5.36401741238 0.0 1504013977220590153
10.1709133158 5.34289542108 0.0 1504013977458465370
10.171741505 5.34112673922 0.0 1504013977478608126
10.1763162864 5.33157980503 0.0 1504013977579731975
10.1859366323 5.31058719981 0.0 1504013977801628494
10.1936412134 5.29410626805 0.0 1504013978003318720
10.1962215349 5.28914371052 0.0 1504013978063692982
10.1984150125 5.28452817343 0.0 1504013978114021428
10.2025438743 5.27525934757 0.0 1504013978223290744
10.2057109063 5.26785697656 0.0 1504013978303991224
10.2168836358 5.24455431916 0.0 1504013978563867751
10.2195654392 5.23951142572 0.0 1504013978624745667
10.2228817389 5.23273652225 0.0 1504013978695436245
10.230867828 5.2158963506 0.0 1504013978886808339
10.2356714752 5.20635533157 0.0 1504013978997561785
10.2413803429 5.19374536257 0.0 1504013979144518800
10.2426908264 5.19111834725 0.0 1504013979174762028
10.2506717484 5.17476780387 0.0 1504013979367930416
10.2557564724 5.16474958936 0.0 1504013979500238132
10.2793130755 5.11738053558 0.0 1504013980044074896
10.2948488532 5.08773520216 0.0 1504013980395741644
10.2967366465 5.08417459516 0.0 1504013980436014905
10.3107490946 5.05732948799 0.0 1504013980751278155
10.3130499714 5.05298338728 0.0 1504013980801698443
10.3242322993 5.03100711682 0.0 1504013981055583966
10.3585948317 4.96728404461 0.0 1504013981872056737
10.3698209002 4.94657775829 0.0 1504013982118397395
10.3727817686 4.9411455502 0.0 1504013982179147898
10.3775308268 4.93243995386 0.0 1504013982280146648
10.3958335315 4.89975189851 0.0 1504013982668862907
10.3988213826 4.89474662948 0.0 1504013982729611275
10.40386301 4.88607397999 0.0 1504013982840345198
10.4097377665 4.87493756886 0.0 1504013982983771197
10.411637846 4.87156792594 0.0 1504013983024018448
10.4171211345 4.86176773827 0.0 1504013983134846591
10.4208904622 4.85512471671 0.0 1504013983215412531
10.4262699123 4.84629594506 0.0 1504013983337029687
10.4319887091 4.83675806538 0.0 1504013983449143075
10.4398655213 4.82309079783 0.0 1504013983630559920
10.4417249603 4.82001906508 0.0 1504013983670960992
10.4455000551 4.81391991186 0.0 1504013983751535471
10.4520733382 4.80350020736 0.0 1504013983882756654
10.4669951504 4.77882963134 0.0 1504013984170577441
10.4753056017 4.76547233297 0.0 1504013984341825134
10.4781471592 4.76116590896 0.0 1504013984402213557
10.485975948 4.74844458293 0.0 1504013984565328078
10.4897827015 4.742389508 0.0 1504013984637995510
10.5088428486 4.71193572708 0.0 1504013985011178583
10.5116167945 4.70759312888 0.0 1504013985071520224
10.5179825472 4.69855544022 0.0 1504013985195949238
10.5400953295 4.66927324773 0.0 1504013985562042654
10.5453547482 4.66028433293 0.0 1504013985682851778
10.5535449729 4.6480495711 0.0 1504013985844059257
10.5605908155 4.63726545858 0.0 1504013985988610992
10.56965618 4.62375811068 0.0 1504013986159870558
10.576905579 4.61229163143 0.0 1504013986311100322
10.5838538279 4.60163504345 0.0 1504013986452101439
10.5879177162 4.59594478115 0.0 1504013986523167838
10.5922374855 4.58977465237 0.0 1504013986613950945
10.5986821308 4.58091774644 0.0 1504013986745954063
10.6013149882 4.57718518355 0.0 1504013986798987432
10.6047744031 4.57243412916 0.0 1504013986867315215
10.6116254448 4.56318322169 0.0 1504013986990351064
10.6152122805 4.5583577947 0.0 1504013987050939708
10.6220857774 4.54873436651 0.0 1504013987181861976
10.6256736738 4.54377462744 0.0 1504013987242278669
10.6362515429 4.52856662857 0.0 1504013987425715575
10.6387882397 4.52525146481 0.0 1504013987466060744
10.6457342708 4.51590657482 0.0 1504013987586889054
10.6498228124 4.51024698882 0.0 1504013987663931378
10.6587438843 4.49853616831 0.0 1504013987826160039
10.6664737648 4.48750456198 0.0 1504013987952648142
10.6691076939 4.48398391398 0.0 1504013988003005049
10.6740067793 4.47771841552 0.0 1504013988085181926
10.6781470034 4.47239973828 0.0 1504013988156993716
10.6836820806 4.46496202953 0.0 1504013988258203826
10.7168541067 4.42211662347 0.0 1504013988846330303
10.724196014 4.41299133437 0.0 1504013988977211427
10.727867316 4.40829916518 0.0 1504013989039389895
10.7482135453 4.38246239117 0.0 1504013989433076056
10.7578003989 4.37097450137 0.0 1504013989609670431
10.7638879955 4.36329571302 0.0 1504013989702146794
10.8028022315 4.31587936198 0.0 1504013990300464253
10.8131352659 4.30374863953 0.0 1504013990465308105
10.8171980219 4.29896281118 0.0 1504013990525696125
10.820754521 4.29471457483 0.0 1504013990587072164
10.8311343456 4.28271357766 0.0 1504013990758825039
10.8334104105 4.28002298856 0.0 1504013990799085520
10.8382672932 4.27456850789 0.0 1504013990880688002
10.8495297089 4.26163786387 0.0 1504013991072002249
10.8523370013 4.25805242684 0.0 1504013991122533894
10.8597328984 4.24922574249 0.0 1504013991246024837
10.8674551003 4.24068795449 0.0 1504013991378427692
10.8687851888 4.23914734304 0.0 1504013991401595748
10.8810916066 4.22537766803 0.0 1504013991605810527
10.8965020597 4.20784498348 0.0 1504013991860047226
10.9004509435 4.20384905647 0.0 1504013991920452624
10.9064808213 4.1967244731 0.0 1504013992021095820
10.9158835227 4.18632842372 0.0 1504013992162062104
10.9196367822 4.18237180824 0.0 1504013992223493878
10.934967978 4.16531160499 0.0 1504013992460140307
10.9389316259 4.16117543654 0.0 1504013992520570469
10.953913786 4.14492255462 0.0 1504013992752663457
10.992643437 4.10250015681 0.0 1504013993400650275
11.0013815426 4.09333326457 0.0 1504013993531466801
11.0050507431 4.08962784952 0.0 1504013993592137716
11.0127694714 4.0813476424 0.0 1504013993714118448
11.0241074754 4.06952483776 0.0 1504013993886472316
11.0329403697 4.06055297313 0.0 1504013994020440969
11.0354731741 4.05790718519 0.0 1504013994060692392
11.0402277171 4.0529255685 0.0 1504013994131175669
11.0521753958 4.04052140925 0.0 1504013994323922830
11.0521753958 4.04052140925 0.0 1504013994323922830
11.0663935455 4.0256915664 0.0 1504013994549376155
11.0730379286 4.01914482988 0.0 1504013994653371395
11.0774311461 4.01468493525 0.0 1504013994714718053
11.0837494234 4.00834810948 0.0 1504013994805417005
11.0855576489 4.00635733548 0.0 1504013994835667195
11.0898637215 4.00195542177 0.0 1504013994903156123
11.0981643549 3.99383564513 0.0 1504013995024628622
11.1037425047 3.9884501699 0.0 1504013995105261686
11.1106643339 3.98147888276 0.0 1504013995207302422
11.1173565708 3.97500959069 0.0 1504013995304492945
11.1240511384 3.9685965891 0.0 1504013995395067570
11.1328708143 3.95978394977 0.0 1504013995546315506
11.1389107473 3.95366246849 0.0 1504013995636930939
11.1502154965 3.9426590033 0.0 1504013995820355996
11.1576671842 3.93585982461 0.0 1504013995924158048
11.1659273914 3.927848127 0.0 1504013996045527037
11.1710892746 3.92297965283 0.0 1504013996121829594
11.173088442 3.92109598012 0.0 1504013996151988141
11.1869887196 3.90820801598 0.0 1504013996346936302
11.2038878909 3.89197581735 0.0 1504013996600486848
11.2056448185 3.89029896386 0.0 1504013996630653703
11.2172321259 3.87941419236 0.0 1504013996822233888
11.2219208591 3.87532925393 0.0 1504013996898095368
11.2249777499 3.87154449057 0.0 1504013997039271831
11.2391986751 3.85761783384 0.0 1504013997256404971
11.2421401274 3.85507244853 0.0 1504013997296720477
11.2488781051 3.8490632256 0.0 1504013997377467927
11.2953636929 3.80991611346 0.0 1504013997956915299
11.2999646165 3.80612752049 0.0 1504013998017281468
11.36489998 3.7546800147 0.0 1504013998931489968
11.3757197322 3.74612021909 0.0 1504013999083233054
11.3866825863 3.73739520027 0.0 1504013999244323995
11.389707091 3.73502488533 0.0 1504013999284622972
11.3930782068 3.73226153704 0.0 1504013999335593573
11.4190887044 3.71257907849 0.0 1504013999723188142
11.4248582919 3.70809214958 0.0 1504013999803693495
11.4304215517 3.70384990828 0.0 1504013999885199738
11.4344765322 3.70070957667 0.0 1504013999938242820
11.445085695 3.69305180219 0.0 1504014000069413299
11.4507044546 3.68845810055 0.0 1504014000143486971
11.4579225982 3.68327948575 0.0 1504014000244157232
11.4647012799 3.67845278448 0.0 1504014000335372384
11.4713303493 3.67383369921 0.0 1504014000436040986
11.478955682 3.66829916656 0.0 1504014000536711969
11.4866966438 3.66270251714 0.0 1504014000647549262
11.4924121569 3.65889527347 0.0 1504014000738271822
11.5019575919 3.65200443264 0.0 1504014000869260108
11.5068322871 3.64841783872 0.0 1504014000940301336
11.5241055611 3.63617805871 0.0 1504014001182026842
11.5334148576 3.62963798467 0.0 1504014001323250899
11.550323126 3.61777365064 0.0 1504014001564948010
11.5547829015 3.61468580764 0.0 1504014001625354801
11.5668650238 3.60633860893 0.0 1504014001796833312
11.5841709496 3.59617562351 0.0 1504014002056995403
11.5856991071 3.59505264287 0.0 1504014002077131349
11.5937546252 3.58940366467 0.0 1504014002177769142
11.5968752829 3.587164689 0.0 1504014002218005835
11.6031653506 3.58297017565 0.0 1504014002299032194
11.6063424596 3.58063223675 0.0 1504014002349592608
11.611781868 3.57667305501 0.0 1504014002420016471
11.6423113611 3.55642630732 0.0 1504014002817110593
11.6499228098 3.5514561792 0.0 1504014002919657577
11.6549151929 3.54803633637 0.0 1504014002990111847
11.6656477875 3.5410003955 0.0 1504014003141184500
11.6820983967 3.53049617778 0.0 1504014003373859568
11.6841395359 3.52930825525 0.0 1504014003404391106
11.6968184163 3.52153710187 0.0 1504014003585595886
11.7025860752 3.51797353593 0.0 1504014003668045048
11.7102242605 3.51344598282 0.0 1504014003770417635
11.7170038991 3.50919515741 0.0 1504014003861144090
11.7285717868 3.50240231195 0.0 1504014004024037016
11.7343147976 3.49916838598 0.0 1504014004094818144
11.7386822296 3.49618412174 0.0 1504014004155256627
11.7546579053 3.48687625627 0.0 1504014004369045307
11.7617467241 3.48278918566 0.0 1504014004459718866
11.7702061346 3.47772462774 0.0 1504014004580542975
11.7758596605 3.47450629564 0.0 1504014004661070941
11.7832391655 3.47046048679 0.0 1504014004751649424
11.7879215358 3.46784336178 0.0 1504014004822112026
11.8443776677 3.43623871953 0.0 1504014005562769758
11.8511968127 3.43351636531 0.0 1504014005644979669
11.8614711956 3.42831645967 0.0 1504014005776863730
11.8658625178 3.425902263 0.0 1504014005837267076
11.8784582056 3.41921298692 0.0 1504014005998858110
11.9057643687 3.40314908843 0.0 1504014006300858842
11.9103930665 3.40118703275 0.0 1504014006361232014
11.9337364911 3.38861840299 0.0 1504014006679134755
11.9439440802 3.3835748113 0.0 1504014006830890705
11.9647819892 3.37318605354 0.0 1504014007143898632
11.9711274295 3.37011480477 0.0 1504014007235270693
11.9795619046 3.36712857148 0.0 1504014007340487877
11.988377348 3.363061326 0.0 1504014007451331301
11.9965962618 3.35927280726 0.0 1504014007552308027
12.0039992472 3.35672747804 0.0 1504014007644439347
12.0128243092 3.35273960998 0.0 1504014007745332847
12.0204628976 3.349135164 0.0 1504014007845990562
12.0308574402 3.34452424147 0.0 1504014007978337246
12.0374515536 3.34164131642 0.0 1504014008058918003
12.1215907278 3.30527256916 0.0 1504014009079079545
12.1310819806 3.30161130678 0.0 1504014009202108502
12.1397732527 3.29817511199 0.0 1504014009312966978
12.1728213103 3.28577441231 0.0 1504014009722614876
12.1831894465 3.28169744916 0.0 1504014009853478205
12.2064710789 3.27282104049 0.0 1504014010147155360
12.211184694 3.27101492102 0.0 1504014010207613636
12.2225824746 3.2670097256 0.0 1504014010338501540
12.2265150621 3.26557486836 0.0 1504014010388857966
12.2464773998 3.25819509555 0.0 1504014010633081173
12.257133707 3.25433806555 0.0 1504014010753841896
12.2622766386 3.25246686541 0.0 1504014010814272206
12.2669089198 3.25086968643 0.0 1504014010874669639
12.2757668643 3.24786207989 0.0 1504014010975529566
12.2959109888 3.24079633708 0.0 1504014011217388826
12.3343601285 3.22715865374 0.0 1504014011687719985
12.3408335258 3.22504619566 0.0 1504014011768267556
12.3462800599 3.22335824263 0.0 1504014011838768976
12.357047914 3.2196802092 0.0 1504014011962240404
12.366013334 3.21631128186 0.0 1504014012063357660
12.3723944814 3.21448450514 0.0 1504014012145018959
12.3928313864 3.20770373242 0.0 1504014012369104504
12.3962267611 3.20649107964 0.0 1504014012503261577
12.3948470953 3.20566248755 0.0 1504014012543769677
12.3959983759 3.20453707507 0.0 1504014012584002207
12.4037472121 3.20203445804 0.0 1504014012664535701
12.4117611099 3.2007248862 0.0 1504014012746401715
12.4226802909 3.19774694611 0.0 1504014012846969454
12.4365595805 3.19375946804 0.0 1504014012977786574
12.4513737582 3.18967609401 0.0 1504014013110378316
12.4678580012 3.18505868718 0.0 1504014013262865621
12.4763416175 3.18260869489 0.0 1504014013338327452
12.4794281936 3.18155892927 0.0 1504014013370155804
12.4933046792 3.17644236481 0.0 1504014013481690228
12.5073883048 3.17222187123 0.0 1504014013622758939
12.5140911926 3.17062781217 0.0 1504014013694141211
12.5232014711 3.16810871645 0.0 1504014013807396679
12.5289578442 3.1665979082 0.0 1504014013877921538
12.5366091508 3.16482989656 0.0 1504014013968793393
12.5481487904 3.16157373883 0.0 1504014014109764240
12.5536002084 3.16019772684 0.0 1504014014180550508
12.5584682539 3.15926220239 0.0 1504014014240959211
12.5760222073 3.15464214174 0.0 1504014014446545658
12.582455344 3.15305857495 0.0 1504014014527157852
12.5886580245 3.15141674825 0.0 1504014014597641262
12.5952044535 3.14963514903 0.0 1504014014658026032
12.6039805677 3.14692515448 0.0 1504014014758741842
12.6126483054 3.14469822616 0.0 1504014014869833270
12.623991719 3.14175207026 0.0 1504014015000900866
12.632193916 3.13979491149 0.0 1504014015091541272
12.6448281151 3.13668488739 0.0 1504014015246528956
12.6555379796 3.13404711565 0.0 1504014015378126506
12.662922965 3.13237071474 0.0 1504014015458660457
12.6715624626 3.13007531673 0.0 1504014015563215662
12.6752559782 3.12930880436 0.0 1504014015603502908
12.7055428801 3.12283940412 0.0 1504014015942785595
12.7359686931 3.11638259069 0.0 1504014016277516255
12.739592141 3.11571961072 0.0 1504014016317830644
12.760092743 3.11329582518 0.0 1504014016506416644
12.7702319011 3.1112254398 0.0 1504014016627434220
12.77521626 3.10983006629 0.0 1504014016687799331
12.7974882796 3.10517884008 0.0 1504014016944751003
12.8125160747 3.10232841122 0.0 1504014017115902139
12.8238006864 3.10006723487 0.0 1504014017247115536
12.8370604314 3.09769919229 0.0 1504014017400168338
12.8422321803 3.09668423343 0.0 1504014017460764974
12.8494431268 3.09554128319 0.0 1504014017541313809
12.8600671457 3.09388537616 0.0 1504014017653820234
12.8650502359 3.09296978285 0.0 1504014017704192640
12.8746645633 3.09124579873 0.0 1504014017806736468
12.8846085591 3.08922734871 0.0 1504014017919578505
12.894424443 3.08757122633 0.0 1504014018020318787
12.9028198778 3.0877171254 0.0 1504014018141227866
12.9176528568 3.08537414295 0.0 1504014018282685471
12.9331183997 3.08223301824 0.0 1504014018443768624
12.9389658217 3.08140199695 0.0 1504014018494173094
12.9460353931 3.08034036377 0.0 1504014018564622987
12.9589223228 3.07821043426 0.0 1504014018686382785
12.9724088583 3.07613959244 0.0 1504014018828674490
12.9779265516 3.07537001785 0.0 1504014018889176452
12.9994114352 3.07216764744 0.0 1504014019101868827
13.0014387859 3.07183003756 0.0 1504014019122004361
13.0095277938 3.07060902578 0.0 1504014019212795518
13.0152495553 3.06983109582 0.0 1504014019273252387
13.0221848965 3.06920943471 0.0 1504014019344746426
13.0298310256 3.06824340875 0.0 1504014019418198107
13.0604607951 3.06471168676 0.0 1504014019751314368
13.0705698958 3.06332876303 0.0 1504014019863553139
13.0937909939 3.06135031812 0.0 1504014020130881059
13.135818161 3.05462522583 0.0 1504014020534603617
13.1674386587 3.05045559097 0.0 1504014020816867539
13.1762160739 3.04943715414 0.0 1504014020899110987
13.1984216391 3.04631119441 0.0 1504014021111760828
13.2470561412 3.04071843632 0.0 1504014021617469967
13.2621438864 3.03923736921 0.0 1504014021791346134
13.2649688902 3.03897555544 0.0 1504014021822024994
13.2775688816 3.03755740187 0.0 1504014021962940059
13.2892487672 3.03653837756 0.0 1504014022076029629
13.2969307405 3.03595051015 0.0 1504014022156529035
13.3422681645 3.03187765295 0.0 1504014022609794552
13.3471082901 3.03133066249 0.0 1504014022660128131
13.356620602 3.03021281414 0.0 1504014022761402396
13.3684828976 3.02901027214 0.0 1504014022882900300
13.3733929131 3.029 0.0 1504014022933743953
13.3847041322 3.02833553719 0.0 1504014023044602350
13.3990409147 3.02717036341 0.0 1504014023196173248
13.4059689318 3.02681966677 0.0 1504014023267680342
13.4243526966 3.02514982022 0.0 1504014023451460984
13.4370399762 3.02448059879 0.0 1504014023572760641
13.4661240892 3.02209655553 0.0 1504014023857171381
13.4742174439 3.02138237432 0.0 1504014023937707534
13.4925089845 3.02023004415 0.0 1504014024118934544
13.498214985 3.01989738918 0.0 1504014024169297513
13.5047972526 3.01937609891 0.0 1504014024230200540
13.5115870585 3.01885261666 0.0 1504014024300690747
13.5189994165 3.01851756433 0.0 1504014024381198636
13.5318649398 3.01801808156 0.0 1504014024502321734
13.5403106783 3.01731640619 0.0 1504014024603619422
13.5479437481 3.0170020834 0.0 1504014024684163741
13.5584001366 3.01669229719 0.0 1504014024794919568
13.5739236348 3.01565987018 0.0 1504014024968927689
13.5808513344 3.01551247776 0.0 1504014025039485546
13.5860392995 3.01522681234 0.0 1504014025089845668
13.5953092568 3.01447021085 0.0 1504014025190857959
13.6038829539 3.01411132307 0.0 1504014025281538915
13.6159102082 3.01355909205 0.0 1504014025396165011
13.6266127929 3.01275218271 0.0 1504014025508935004
13.6340601751 3.01243312649 0.0 1504014025579364470
13.6582940609 3.01102064097 0.0 1504014025821785489
13.6640386786 3.01090113558 0.0 1504014025882237909
13.693990123 3.0098162478 0.0 1504014026174996815
13.7073943678 3.00916094741 0.0 1504014026298242753
13.7176250828 3.00851101414 0.0 1504014026392400102
13.7282522864 3.00832711509 0.0 1504014026503691756
13.7622653543 3.00743403655 0.0 1504014026859250019
13.7994610612 3.00613304856 0.0 1504014027258406784
13.8154490459 3.00589517396 0.0 1504014027439747585
13.8206295051 3.00567248438 0.0 1504014027490353086
13.8316648707 3.00512156519 0.0 1504014027611289465
13.8441740126 3.0050948256 0.0 1504014027744078531
13.8487056628 3.00490589248 0.0 1504014027784409160
13.8646010163 3.0041 0.0 1504014027948049658
13.8698959872 3.0041 0.0 1504014028008472047
13.8778359098 3.00388737923 0.0 1504014028088995399
13.8905971332 3.00331039425 0.0 1504014028223448278
13.893502917 3.00325812878 0.0 1504014028253786279
13.8995375133 3.00310696678 0.0 1504014028314204939
13.9202661261 3.00201074363 0.0 1504014028518893752
13.925842148 3.00190847874 0.0 1504014028579278018
13.9378606611 3.00185258487 0.0 1504014028694448553
13.962514665 3.00119586449 0.0 1504014028926084609
13.9679752544 3.00098649986 0.0 1504014028978085814
13.9735888236 3.00117956357 0.0 1504014029058564652
13.9763125076 3.0012 0.0 1504014029088774586
13.98294955 3.00108449828 0.0 1504014029159370499
14.0038922067 3.00077038967 0.0 1504014029370765003
14.0200567169 3.00068365319 0.0 1504014029542310750
14.0267960965 3.00041360762 0.0 1504014029603155563
14.0307998833 3.00028064893 0.0 1504014029643689206
14.0421349327 2.99993669606 0.0 1504014029764952463
14.0547429525 2.99975259307 0.0 1504014029878166335
14.0728278493 2.99904089915 0.0 1504014030060749299
14.0930113997 2.9984069852 0.0 1504014030262338894
14.0989168818 2.99823666052 0.0 1504014030312674402
14.1209585913 2.99745682817 0.0 1504014030529244651
14.1309906678 2.99706364441 0.0 1504014030636313988
14.1699912201 2.99562248034 0.0 1504014031020610430
14.2086734025 2.99418517 0.0 1504014031394609776
14.2141789359 2.99394004173 0.0 1504014031455032976
14.2246257465 2.99350360155 0.0 1504014031556331325
14.2360516477 2.99321453934 0.0 1504014031661971779
14.2458038707 2.99280369728 0.0 1504014031763863765
14.2651105454 2.99231398442 0.0 1504014031940798025
14.2747406243 2.99191197919 0.0 1504014032031453148
14.2887664913 2.99161722514 0.0 1504014032172453674
14.3023516581 2.99135761578 0.0 1504014032293675282
14.3060787919 2.99120279248 0.0 1504014032333917107
14.3117374669 2.99104851751 0.0 1504014032394866946
14.333116804 2.99044076289 0.0 1504014032597447884
14.3350031881 2.99035905355 0.0 1504014032617572745
14.3520856167 2.99004642552 0.0 1504014032801629169
14.3722397554 2.98945100408 0.0 1504014032997542945
14.3811211396 2.98922623464 0.0 1504014033078727995
14.3875659611 2.98928834859 0.0 1504014033139120087
14.3918643251 2.98907369365 0.0 1504014033179438216
14.4010158187 2.9887 0.0 1504014033270037015
14.4188036127 2.98832981936 0.0 1504014033438012750
14.4356217814 2.98758052808 0.0 1504014033599049278
14.4951759601 2.98611518914 0.0 1504014034163122587
14.5306898 2.9845 0.0 1504014034531085503
14.5588498606 2.98399914033 0.0 1504014034826184481
14.5747721354 2.98332437836 0.0 1504014034987261943
14.62977147 2.98184834846 0.0 1504014035562959951
14.6441210099 2.9812 0.0 1504014035705926475
14.6510718594 2.98102807256 0.0 1504014035776649798
14.6577653445 2.98056872467 0.0 1504014035837270459
14.6662716604 2.98000833374 0.0 1504014035907760913
14.6830488268 2.9794254635 0.0 1504014036078874596
14.6990245392 2.97873377304 0.0 1504014036219816861
14.7133734223 2.97817547721 0.0 1504014036365050040
14.729190501 2.97681661755 0.0 1504014036539208260
14.7327436318 2.97655366787 0.0 1504014036579421370
14.7418523546 2.97630695291 0.0 1504014036679988246
14.7660184009 2.97502500466 0.0 1504014036877600647
14.7813263714 2.97234530003 0.0 1504014037036557356
14.7892752924 2.97203667871 0.0 1504014037159051785
14.7941331533 2.97246403464 0.0 1504014037219461834
14.7986929151 2.97259317589 0.0 1504014037279860534
14.8114438767 2.972 0.0 1504014037420827866
14.820365322 2.97181366033 0.0 1504014037521405111
14.8269137352 2.97157040234 0.0 1504014037591782757
14.8437347089 2.97050619137 0.0 1504014037763602093
14.8609311528 2.96959050492 0.0 1504014037934853197
14.8649666691 2.96925260398 0.0 1504014037975128058
14.8781127239 2.96909718357 0.0 1504014038065928047
14.8898527718 2.9678 0.0 1504014038166628459
14.8957269763 2.96674630392 0.0 1504014038237137233
14.905476001 2.96610496531 0.0 1504014038363047285
14.9116823092 2.96639914399 0.0 1504014038423507627
14.926547454 2.96575696259 0.0 1504014038586498024
14.9325080869 2.96524919131 0.0 1504014038657256434
14.943437833 2.9652 0.0 1504014038777982551
14.9637806519 2.96407605073 0.0 1504014038980146474
14.9855816675 2.96296103527 0.0 1504014039192284543
14.9968575336 2.9624 0.0 1504014039313060735
15.0102497592 2.96203959337 0.0 1504014039439460373
15.0335067361 2.9608 0.0 1504014039662089157
15.0494291509 2.96011577068 0.0 1504014039803064303
15.0573781635 2.9597 0.0 1504014039884561053
15.0663263865 2.9597 0.0 1504014039975748691
15.0752683768 2.95954186712 0.0 1504014040056680869
15.0825291377 2.95878565984 0.0 1504014040128238176
15.0968375027 2.95830550838 0.0 1504014040280864315
15.098846586 2.9582076707 0.0 1504014040301005598
15.1161343521 2.95726774481 0.0 1504014040473084292
15.1386168265 2.95564126484 0.0 1504014040704698035
15.1571597346 2.95507715971 0.0 1504014040889486361
15.1864803499 2.95360773234 0.0 1504014041121260686
15.2028503797 2.95268356177 0.0 1504014041312548643
15.2218015882 2.95121254459 0.0 1504014041534006770
15.2301136034 2.95046009552 0.0 1504014041624847212
15.2687851861 2.94820641236 0.0 1504014042022007894
15.2744566059 2.9482 0.0 1504014042082431176
15.2818998592 2.94802463055 0.0 1504014042152935053
15.3045191556 2.94679904222 0.0 1504014042367566494
15.3120746855 2.94627041849 0.0 1504014042448109020
15.325697816 2.94502990119 0.0 1504014042589145938
15.3411683618 2.94478651131 0.0 1504014042740315420
15.3451399721 2.94462000142 0.0 1504014042780605840
15.3506084762 2.94426974251 0.0 1504014042841111480
15.3575148576 2.94394086698 0.0 1504014042912490329
15.3624422042 2.94383317493 0.0 1504014042963983498
15.3732782375 2.94329960757 0.0 1504014043066470598
15.3872634707 2.94214059033 0.0 1504014043210316597
15.392027616 2.9421 0.0 1504014043260615812
15.4014510976 2.94190132169 0.0 1504014043344123604
15.4126865919 2.94038419327 0.0 1504014043455011625
15.4226155865 2.94016821861 0.0 1504014043565754895
15.4305384307 2.9402 0.0 1504014043636924963
15.4434229317 2.93857568109 0.0 1504014043758060703
15.4568231884 2.9385 0.0 1504014043909116097
15.4828569341 2.93697698026 0.0 1504014044172613264
15.4881889831 2.9369389704 0.0 1504014044223040509
15.4955512388 2.93651683558 0.0 1504014044293543920
15.5041273937 2.93566401263 0.0 1504014044385672231
15.5254337075 2.93476661322 0.0 1504014044598954592
15.5281799496 2.93439887458 0.0 1504014044629262989
15.5368472735 2.933808567 0.0 1504014044720537527
15.551083371 2.93291153325 0.0 1504014044861542593
15.5597722507 2.93208988931 0.0 1504014044944028716
15.5728136852 2.93132287716 0.0 1504014045075706274
15.5772539228 2.93101123671 0.0 1504014045126037775
15.5891553597 2.93012096002 0.0 1504014045247477848
15.5964086049 2.92990985658 0.0 1504014045317913084
15.6023570212 2.92962760909 0.0 1504014045378492909
15.6144108343 2.92871801578 0.0 1504014045505053867
15.6872790607 2.92470296033 0.0 1504014046244734433
15.715707396 2.92337100594 0.0 1504014046526916263
15.7328626262 2.92226044048 0.0 1504014046698081891
15.7380985447 2.92197507276 0.0 1504014046748444364
15.794463715 2.919402419 0.0 1504014047306079972
15.8028738018 2.91913343383 0.0 1504014047386608557
15.8104601345 2.91904110364 0.0 1504014047457944885
15.8188792063 2.91860105731 0.0 1504014047544068081
15.829551722 2.91811724142 0.0 1504014047655358097
15.8598333819 2.91671833091 0.0 1504014047959246626
15.8700029627 2.91680510722 0.0 1504014048061167042
15.8874123704 2.91568377648 0.0 1504014048236928678
15.9045573598 2.91492128293 0.0 1504014048411788065
15.91344783 2.9144076085 0.0 1504014048502397591
15.9278674424 2.91829688154 0.0 1504014048583119756
15.9459426171 2.91600005601 0.0 1504014048796413266
15.949314892 2.91530688392 0.0 1504014048836696698
15.9540795296 2.91470093047 0.0 1504014048897226619
15.9617964564 2.91432517718 0.0 1504014048981161297
15.964138424 2.9143 0.0 1504014049021398526
15.9768874787 2.91283148464 0.0 1504014049162407679
15.9807985323 2.91263919425 0.0 1504014049212744985
15.9942764183 2.91191259615 0.0 1504014049343593941
16.0080984448 2.91114648411 0.0 1504014049478292563
16.0193103682 2.91066028694 0.0 1504014049589076202
16.0318165449 2.90981214808 0.0 1504014049699864621
16.0338715367 2.90968189755 0.0 1504014049720015604
16.0503024935 2.90880541703 0.0 1504014049881144147
16.0533923303 2.90860694643 0.0 1504014049911341001
16.0691425926 2.90800704809 0.0 1504014050065486729
16.0849468169 2.90722943193 0.0 1504014050217007557
16.0901648283 2.90689125758 0.0 1504014050267373429
16.1020535971 2.90633625778 0.0 1504014050378122119
16.1092439061 2.90594582387 0.0 1504014050448623896
16.1169596394 2.90546002365 0.0 1504014050523758459
16.1272340133 2.90473675816 0.0 1504014050625128023
16.1499233333 2.90378333333 0.0 1504014050861067874
16.1547744231 2.90411477376 0.0 1504014050941709615
16.1635057513 2.90361226036 0.0 1504014051022864840
16.160837121 2.90345941807 0.0 1504014051099294388
16.2080699442 2.90266527902 0.0 1504014051498295480
16.2305585386 2.89961003321 0.0 1504014051620123191
16.2377880403 2.89918098517 0.0 1504014051674009983
16.2608201395 2.89686170631 0.0 1504014051855708582
16.27017458 2.89642987582 0.0 1504014051936388638
16.2900004263 2.89488597442 0.0 1504014052129342864
16.3032702799 2.89417378321 0.0 1504014052270883882
16.3132774809 2.89342225191 0.0 1504014052381705723
16.3274773541 2.8927985214 0.0 1504014052553484835
16.3335686284 2.89228690693 0.0 1504014052623997205
16.3390327968 2.89173200034 0.0 1504014052688400311
16.3508766406 2.89091395996 0.0 1504014052819758049
16.3558773562 2.89066113219 0.0 1504014052870089223
16.3651643298 2.88977654416 0.0 1504014052971959543
16.377558676 2.8885294216 0.0 1504014053102954378
16.3886250139 2.8875689636 0.0 1504014053216504464
16.4000122099 2.88657855777 0.0 1504014053327242182
16.4197437313 2.88492168929 0.0 1504014053515156419
16.4327079751 2.88364694868 0.0 1504014053636136048
16.4408077917 2.88315756182 0.0 1504014053716694822
16.4634637842 2.88114908105 0.0 1504014053943431328
16.4714271661 2.88060502303 0.0 1504014054024013396
16.4806940515 2.87975976879 0.0 1504014054114665767
16.4941549961 2.87848725019 0.0 1504014054245552290
16.5014598652 2.87804129902 0.0 1504014054316576006
16.5196948493 2.87643320907 0.0 1504014054497749513
16.5258951278 2.87583918118 0.0 1504014054558136677
16.5327007615 2.87534280275 0.0 1504014054619511046
16.5415097626 2.87467756823 0.0 1504014054710518852
16.5536183797 2.87380892341 0.0 1504014054833546173
16.5818996565 2.87180003941 0.0 1504014055108010946
16.5873005303 2.87153440015 0.0 1504014055158402845
16.5984646355 2.87089731285 0.0 1504014055271424360
16.6075255772 2.86968372114 0.0 1504014055351996342
16.6187442447 2.86901093019 0.0 1504014055463003412
16.668647446 2.86511546249 0.0 1504014055999305843
16.6734942955 2.86478315203 0.0 1504014056052272894
16.6820638531 2.86432787437 0.0 1504014056133066504
16.6968446488 2.86276575413 0.0 1504014056284976603
16.710438255 2.86193184448 0.0 1504014056418565465
16.7256691413 2.86070205724 0.0 1504014056575315338
16.731807997 2.86033642121 0.0 1504014056637017513
16.7390028166 2.86002296859 0.0 1504014056717601404
16.7431660274 2.85974159222 0.0 1504014056757869093
16.7556678832 2.85865017351 0.0 1504014056888753146
16.7638490292 2.8579959834 0.0 1504014056969309046
16.7750409873 2.85753221142 0.0 1504014057080026405
16.7829707447 2.85694624531 0.0 1504014057160678272
16.8488077679 2.85372212562 0.0 1504014057847727476
16.8594694337 2.85303746494 0.0 1504014057948555760
16.8808722424 2.85161277576 0.0 1504014058163015873
16.8926918716 2.85094643465 0.0 1504014058277455963
16.8987386927 2.8501881743 0.0 1504014058337815662
16.9021550765 2.84998979694 0.0 1504014058378074198
16.9156061562 2.84914625626 0.0 1504014058519284016
16.9206599463 2.84879931405 0.0 1504014058571313040
16.9334925975 2.84772671492 0.0 1504014058702571699
16.9367471035 2.8475163159 0.0 1504014058732789970
16.9432769619 2.84696906647 0.0 1504014058803354532
16.9562838816 2.84605982356 0.0 1504014058934226174
16.9930390355 2.84374674704 0.0 1504014059309146420
17.0022220585 2.84318056067 0.0 1504014059399810903
17.0137105553 2.84259929632 0.0 1504014059513046564
17.0212450934 2.84222518872 0.0 1504014059595234659
17.0332026389 2.84172438208 0.0 1504014059716737128
17.0454782512 2.84104144992 0.0 1504014059837727109
17.0542694862 2.84069018615 0.0 1504014059928364053
17.0607111704 2.84041766655 0.0 1504014059988809920
17.0697216879 2.84002891561 0.0 1504014060079906443
17.0811898547 2.83945644807 0.0 1504014060194877517
17.0923434846 2.83893146636 0.0 1504014060305630761
17.1031920379 2.83848266518 0.0 1504014060420418778
17.1098440204 2.83824596541 0.0 1504014060490829873
17.1201309618 2.83785817927 0.0 1504014060593416386
17.1325701385 2.83723649307 0.0 1504014060715331918
17.1437046805 2.8366878976 0.0 1504014060826184558
17.1645806403 2.83562892136 0.0 1504014061037989638
17.1860558224 2.835 0.0 1504014061265281266
17.2019789214 2.83408412264 0.0 1504014061427214159
17.2181497476 2.83309839524 0.0 1504014061588229186
17.229149183 2.83299508202 0.0 1504014061703047379
17.2507799253 2.83193467165 0.0 1504014061909323022
17.2609435357 2.83141928722 0.0 1504014062000005122
17.2765077966 2.83061461017 0.0 1504014062161090560
17.2834240919 2.8305 0.0 1504014062221880628
17.2903476184 2.83058051145 0.0 1504014062293013592
17.3283265378 2.82942123934 0.0 1504014062655894901
17.354065782 2.82909178126 0.0 1504014062898671506
17.3600259271 2.8288241054 0.0 1504014062958984260
17.3647854715 2.82850945956 0.0 1504014063009448191
17.3709759811 2.82824220755 0.0 1504014063072071404
17.4118930686 2.82659334246 0.0 1504014063477291331
17.4364109329 2.82566015618 0.0 1504014063720745362
17.4931587519 2.82327899543 0.0 1504014064144404871
17.5009343402 2.82283915646 0.0 1504014064185637324
17.5178570821 2.82195391122 0.0 1504014064276392429
17.5508556849 2.82047807109 0.0 1504014064458116189
17.5675280252 2.81992066527 0.0 1504014064569341860
17.5751049539 2.81957162166 0.0 1504014064629735360
17.5826604862 2.81932240951 0.0 1504014064700337588
17.5900962134 2.81896952205 0.0 1504014064791138348
17.5948348391 2.81870611707 0.0 1504014064881771339
17.5958080762 2.81874596191 0.0 1504014065032791580
17.5936733629 2.81878034932 0.0 1504014065174656098
17.5929479836 2.81883520164 0.0 1504014065206938107
17.5906102675 2.8192233206 0.0 1504014065317749514
17.58819005 2.8193 0.0 1504014065409558787
17.5871990412 2.81933738015 0.0 1504014065520353602
17.586650011 2.81930002209 0.0 1504014065812147158
17.5865526821 2.81924731786 0.0 1504014065872551936
17.5866 2.8194 0.0 1504014066201675673
17.5866 2.8194 0.0 1504014066252024405
17.5865214646 2.8194 0.0 1504014066312431817
17.5866 2.8195 0.0 1504014066616640129
17.5866737503 2.8196 0.0 1504014066787817056
17.5867 2.8196 0.0 1504014066878355534
17.5867491485 2.81954914855 0.0 1504014067012900255
17.5867 2.81943351662 0.0 1504014067084111907
17.5867928847 2.8195 0.0 1504014067217336929
17.5868 2.8195 0.0 1504014067279202657
17.5867304357 2.81946521785 0.0 1504014067482761204
17.5866 2.8195821507 0.0 1504014067714078593
17.5866 2.8195 0.0 1504014067814991714
17.5867 2.8195 0.0 1504014067906481903
17.5867 2.81958650061 0.0 1504014067997191198
17.5865 2.8195 0.0 1504014068161418029
17.5865 2.81940235271 0.0 1504014068243946616
17.5865692616 2.8195 0.0 1504014068405199193
17.5866 2.8195 0.0 1504014068465591471
17.5866 2.8195 0.0 1504014068515929484
17.5866 2.8195 0.0 1504014068596418060
17.5865116824 2.8194 0.0 1504014068718192808
17.5865 2.81949164951 0.0 1504014068810156898
17.5865 2.81956646094 0.0 1504014068921412949
17.5865866132 2.81951338678 0.0 1504014069073855950
17.5866 2.81958706702 0.0 1504014069134892695
17.5866 2.8196 0.0 1504014069225515072
17.5864457931 2.81954579306 0.0 1504014069356478726
17.5865 2.81941429533 0.0 1504014069739699916
17.586593081 2.8194 0.0 1504014069800981094
17.5865951821 2.8195 0.0 1504014070278955226
17.5867 2.8194 0.0 1504014070805735766
17.5867 2.8194 0.0 1504014070930329605
17.5867 2.8194 0.0 1504014071000931011
17.5867 2.8194 0.0 1504014071042560147
17.5865 2.81936621297 0.0 1504014071146076384
17.586522444 2.81957755597 0.0 1504014071292020773
17.5865 2.81952126034 0.0 1504014071352411107
17.5866 2.8195 0.0 1504014071454096237
17.5864 2.8194 0.0 1504014072198993279
17.5864 2.8193 0.0 1504014072360144673
17.5864 2.81941846666 0.0 1504014072420592604
17.5864 2.8195 0.0 1504014072562076501
17.5865344064 2.8195 0.0 1504014072765037041
17.5866 2.8195 0.0 1504014073925478381
17.5865 2.8195 0.0 1504014074138067741
17.5864088187 2.81940881868 0.0 1504014074238715245
17.586560339 2.8194 0.0 1504014074460893434
17.5865435632 2.81955643685 0.0 1504014074876835374
17.5866 2.8195 0.0 1504014075068243842
17.5866 2.8195 0.0 1504014075138714477
17.5866 2.8195 0.0 1504014075201059580
17.5867568637 2.8196 0.0 1504014075355728989
17.5867425711 2.81948514219 0.0 1504014075416145425
17.5867 2.8194 0.0 1504014075546972044
17.5868 2.8194 0.0 1504014075647552173
17.5868 2.8195 0.0 1504014075798524827
17.5868 2.8195 0.0 1504014075848800883
17.5867 2.8195 0.0 1504014076286376675
17.5867 2.8195 0.0 1504014076447531457
17.5866 2.8195 0.0 1504014076559809462
17.5865367339 2.81943673391 0.0 1504014076620358624
17.5865930975 2.81930690246 0.0 1504014076700918162
17.5865 2.81954506247 0.0 1504014077270743044
17.5865 2.81957549544 0.0 1504014077411858665
17.5866802155 2.81958021554 0.0 1504014077592931195
17.5867 2.8196 0.0 1504014077713861402
17.5866309243 2.81946184867 0.0 1504014077825358846
17.5866485114 2.8194 0.0 1504014077936421789
17.5865734247 2.8194 0.0 1504014078067646604
17.5866 2.8194 0.0 1504014078140601180
17.5866 2.8194 0.0 1504014078191051783
17.5865836597 2.8194 0.0 1504014078271868783
17.5865 2.8194 0.0 1504014078352425741
17.5865 2.8195213307 0.0 1504014078453646167
17.5865 2.81956211214 0.0 1504014078524309131
17.5865 2.8195 0.0 1504014078615079877
17.5866882589 2.8195882589 0.0 1504014078859797419
17.5867 2.8196 0.0 1504014078920264921
17.5866 2.81939502261 0.0 1504014079344558707
17.5866389281 2.8194 0.0 1504014079428149094
17.5865494127 2.81944941267 0.0 1504014079614233493
17.5866 2.81953597316 0.0 1504014079664715715
17.5866 2.81940612018 0.0 1504014080300783015
17.5866 2.8194 0.0 1504014080467868633
17.5867 2.8194 0.0 1504014080639949786
17.5865192883 2.8196 0.0 1504014080894671011
17.5865 2.8196 0.0 1504014080945284315
17.5865323864 2.8196 0.0 1504014080985573767
17.5866533408 2.8195 0.0 1504014081277917903
17.5865 2.8195 0.0 1504014081360624432
17.5865 2.81930082169 0.0 1504014081441186959
17.5864864475 2.8193 0.0 1504014081672631154
17.5865 2.8195 0.0 1504014082070048225
17.5865967229 2.8195 0.0 1504014082282058121
17.5866 2.81940241305 0.0 1504014082342481713
17.5866 2.81943085974 0.0 1504014082362619677
17.5867 2.8195 0.0 1504014082473449565
17.5867 2.81943110732 0.0 1504014082625434795
17.5867404209 2.8194 0.0 1504014082786478291
17.5868 2.8194 0.0 1504014082877548133
17.5868 2.8194 0.0 1504014082999695451
17.5867 2.8195 0.0 1504014083337445584
17.5867 2.8195 0.0 1504014083478932890
17.5867 2.8195 0.0 1504014083529321749
17.5867 2.8195 0.0 1504014083660097298
17.5866 2.81945047599 0.0 1504014083752938764
17.5866 2.8193 0.0 1504014083904020288
17.5865 2.8193 0.0 1504014084004631055
17.5865 2.8193 0.0 1504014084078309740
17.5865863213 2.81938632129 0.0 1504014084138754187
17.5866 2.8194 0.0 1504014084260156837
17.5865 2.8193 0.0 1504014084360851406
17.5865 2.8195 0.0 1504014084553198614
17.5865 2.8195 0.0 1504014084593507312
17.5866 2.8195 0.0 1504014084695672024
17.5867 2.81955027354 0.0 1504014084817021499
17.5867 2.8197 0.0 1504014084919499892
17.5867 2.81941875149 0.0 1504014085093349326
17.5866 2.8194 0.0 1504014085397002655
17.5865 2.8194 0.0 1504014085537929617
17.5866 2.8196 0.0 1504014085879907448
17.5866 2.8196 0.0 1504014085940270666
17.5866725555 2.8196 0.0 1504014086081188749
17.5865 2.8195125111 0.0 1504014086233450897
17.5865359871 2.81946401286 0.0 1504014086263676551
17.5865 2.8194 0.0 1504014086475578721
17.5865 2.81959353664 0.0 1504014086597142864
17.5865922304 2.81950776959 0.0 1504014086657556857
17.586540708 2.8195 0.0 1504014086697867920
17.5864113683 2.8195 0.0 1504014086778392192
17.5865 2.8198 0.0 1504014086889200409
17.5867 2.81982081955 0.0 1504014087242762943
17.5867 2.8199 0.0 1504014087305099646
17.5867198408 2.8196801592 0.0 1504014087456113585
17.5867634511 2.8196 0.0 1504014087526540534
17.5866 2.8196 0.0 1504014087647366288
17.586674492 2.8196 0.0 1504014087727946830
17.5867 2.8196 0.0 1504014087788375958
17.5866360557 2.8196 0.0 1504014087899159373
17.5866 2.8196 0.0 1504014087979990108
17.5866237631 2.8198 0.0 1504014088087355429
17.5867379216 2.8196758433 0.0 1504014088319418643
17.5867759761 2.81967597606 0.0 1504014088450292507
17.5867761986 2.81942380138 0.0 1504014088691892253
17.5866026528 2.8194 0.0 1504014088763394897
17.5866 2.8194 0.0 1504014088864178743
17.5866 2.8196 0.0 1504014088984996374
17.5866 2.8196 0.0 1504014089166294507
17.5866 2.8196 0.0 1504014089301998017
17.5866 2.8196 0.0 1504014089352312972
17.5867 2.8196 0.0 1504014089523389348
17.5867 2.8196 0.0 1504014089603860557
17.5866 2.8195 0.0 1504014090138585797
17.5866747253 2.81957472533 0.0 1504014090188931813
17.5866572844 2.8195 0.0 1504014090289740263
17.5866 2.81954030309 0.0 1504014090410665439
17.5866 2.8196 0.0 1504014090492166835
17.5866577465 2.8195 0.0 1504014090659161811
17.5867 2.81956119867 0.0 1504014090719932646
17.5868 2.8197 0.0 1504014090891729922
17.5866595637 2.8194 0.0 1504014091143974256
17.5866 2.8194 0.0 1504014091265125093
17.5866214432 2.8195 0.0 1504014091355726941
17.5866 2.8195 0.0 1504014091557054440
17.5866 2.8197 0.0 1504014091730379882
17.5866 2.8197 0.0 1504014091790786915
17.5866820973 2.8197 0.0 1504014091873528130
17.5867 2.8196 0.0 1504014091974335670
17.5866 2.8196 0.0 1504014092726423660
17.5866 2.8197 0.0 1504014093023651871
17.5866846867 2.8197 0.0 1504014093074036457
17.5867 2.81969981419 0.0 1504014093265747963
17.5867755072 2.8197 0.0 1504014093368363121
17.5867732865 2.81952671346 0.0 1504014093489244110
17.5867 2.81957558041 0.0 1504014093730940200
17.5867314794 2.8196 0.0 1504014093821602595
17.5866 2.8195 0.0 1504014093943053721
17.5866261207 2.81977387927 0.0 1504014094085638715
17.5867 2.8197 0.0 1504014094327268449
17.5867530224 2.81975906712 0.0 1504014094609203731
17.5867561891 2.8195 0.0 1504014094730066044
17.5867 2.8195 0.0 1504014094871201158
17.5867345982 2.8197 0.0 1504014095024143988
17.5866 2.81977041273 0.0 1504014095286067113
17.5866 2.8198 0.0 1504014095396855562
17.5867245647 2.81952456469 0.0 1504014095826218123
17.5866216674 2.8195 0.0 1504014096067849002
17.5867 2.81960302564 0.0 1504014096259188329
17.5867 2.8197 0.0 1504014096461208256
17.5868512124 2.8197024248 0.0 1504014096836282303
17.5868117449 2.8198882551 0.0 1504014096916752578
17.5868 2.81955541755 0.0 1504014097071144115
17.5867 2.8195 0.0 1504014097181919616
17.5867 2.81959938249 0.0 1504014097312732973
17.5866280653 2.8197 0.0 1504014097443854481
17.5865558205 2.8195 0.0 1504014097614908948
17.5866616034 2.81976160344 0.0 1504014097846468246
17.5865423055 2.8196423055 0.0 1504014097916983433
17.5865903854 2.81950961463 0.0 1504014097997604973
17.5866 2.8196 0.0 1504014098078166112
17.5866 2.8196 0.0 1504014098188916087
17.5866892086 2.8196 0.0 1504014098299678524
17.586522994 2.8195 0.0 1504014098410429943
17.5867 2.81969002289 0.0 1504014098836385205
17.5867 2.8197 0.0 1504014098957220652
17.5868 2.8197 0.0 1504014099219110835
17.5868810008 2.8197 0.0 1504014099309701040
17.5869 2.8197 0.0 1504014099370111664
17.5869 2.8196010659 0.0 1504014099440971754
17.5869 2.8196 0.0 1504014099491297336
17.5867 2.8197 0.0 1504014099783046767
17.5867 2.81950343483 0.0 1504014099985684841
17.586785844 2.81967168805 0.0 1504014100036097187
17.5868 2.8198 0.0 1504014100146936890
17.5866925195 2.81978503898 0.0 1504014100459110931
17.5867995977 2.8198 0.0 1504014100580218934
17.5866 2.8195 0.0 1504014100791676846
17.5866978371 2.81969567416 0.0 1504014100943029764
17.5867 2.8197 0.0 1504014100993397485
17.5867 2.8195 0.0 1504014101078015220
17.5867763231 2.81965264625 0.0 1504014101229016453
17.5868 2.8197 0.0 1504014101301374886
17.5867184577 2.8197 0.0 1504014101351725947
17.5867 2.8197 0.0 1504014101472552540
17.5867 2.8196 0.0 1504014101575253892
17.5867 2.81965028988 0.0 1504014101635634765
17.5867338989 2.8197 0.0 1504014101685945679
17.5868 2.81960895473 0.0 1504014101837718876
17.5867244161 2.81952441607 0.0 1504014101948481360
17.5867 2.8196 0.0 1504014102240775950
17.5866 2.81962205803 0.0 1504014102728857732
17.5866690913 2.81966909129 0.0 1504014103480810202
17.5866 2.8198 0.0 1504014103682460400
17.5866066066 2.8197 0.0 1504014103944110351
17.5867 2.8198 0.0 1504014104085545665
17.5867933405 2.8198 0.0 1504014104176310177
17.5867721267 2.8196 0.0 1504014104287096702
END

