16.6653875346 3.00209212714 -179.471781288 1504013461.47
16.6655248167 3.0023 -179.420201773 1504013461.81
16.6655248167 3.0023 -179.420201773 1504013461.81
16.6655248167 3.0023 -179.420201773 1504013461.81
16.663044276 3.00104434492 -179.375683371 1504013462.02
16.6627216056 3.00297162535 -179.463244587 1504013462.19
16.6636210575 3.0021405728 -179.448446698 1504013462.42
16.6631311842 3.00248807416 -179.497689299 1504013462.49
16.6638392351 3.00189351096 -179.483173476 1504013462.95
16.6633548575 3.00278709234 -179.436231557 1504013463.09
16.6629497075 3.00144954034 -179.41225664 1504013463.18
16.664908489 3.0022180815 -179.455882009 1504013463.29
16.6625055019 3.0007 -179.358181584 1504013463.57
16.6653929822 3.00199614018 -179.472096026 1504013463.87
16.6655963 3.00203271667 -179.442465478 1504013463.89
16.6635652268 3.00191468689 -179.444589645 1504013464.06
16.6635706325 3.00226430712 -179.459997807 1504013464.34
16.6650115174 3.0022 -179.470698179 1504013464.48
16.6655462116 3.0022 -179.389002922 1504013464.53
16.6630394865 3.00093805517 -179.377801088 1504013464.79
16.6642 3.00210348104 -179.489447195 1504013464.9
16.6659607505 3.0021 -179.386781549 1504013465.13
16.6655635421 3.0023 -179.414654769 1504013465.41
16.6635307403 3.00262333756 -179.450855171 1504013465.51
16.6627021585 3.00070323769 -179.363874188 1504013465.92
16.6642817211 3.002 -179.487305506 1504013466.09
16.6635503669 3.00098634331 -179.377570686 1504013466.21
16.6631068601 3.00139727342 -179.410218659 1504013466.79
16.6648645265 3.0019266185 -179.460583366 1504013467.23
16.664023457 3.00179735481 -179.455016579 1504013467.37
16.6653700465 3.00198265851 -179.470832029 1504013467.47
16.6637 3.00240345495 -179.455203192 1504013467.63
16.6630111439 3.0011528228 -179.377128086 1504013467.71
16.6630546602 3.00133347353 -179.40423699 1504013467.99
16.6645811109 3.00243156571 -179.409973686 1504013468.16
16.6634522548 3.00228196153 -179.45578594 1504013468.22
16.663683378 3.00269783792 -179.445010144 1504013468.78
16.6630484015 3.00189257475 -179.41321813 1504013468.94
16.6624640282 3.00122553872 -179.379012124 1504013469.2
16.6641605234 3.0020913538 -179.482430894 1504013469.69
16.6656718356 3.0020619726 -179.415645613 1504013469.91
16.663798895 3.00264811434 -179.438359833 1504013469.99
16.6634523399 3.00175946742 -179.429071533 1504013470.07
16.6656659439 3.00229432398 -179.385662844 1504013470.23
16.6626 3.00063057819 -179.355640776 1504013470.76
16.6638068749 3.00136991053 -179.419561612 1504013470.99
16.6637 3.00245021056 -179.452400366 1504013471.21
16.6653359347 3.00223370495 -179.441559488 1504013471.39
16.6634414734 3.00242673978 -179.453315014 1504013471.52
16.6629293589 3.00092963765 -179.374451784 1504013471.62
16.6600326875 3.00080387504 -179.397862385 1504013472.12
16.6632837562 3.0007509035 -179.402958416 1504013472.54
16.6642348246 3.00198753987 -179.419463883 1504013472.67
16.6633 3.00163998082 -179.459853388 1504013472.75
16.6656298674 3.00218831123 -179.391500134 1504013473.83
16.6635921495 3.00197065492 -179.464929119 1504013473.95
16.6648805412 3.00193767367 -179.466803771 1504013474.08
16.6644459825 3.00236227671 -179.41384483 1504013474.17
16.6633849726 3.00174183733 -179.451899517 1504013475.16
16.6601435701 2.99973237374 -179.369230195 1504013475.45
16.6576844256 2.99921256747 -179.356081657 1504013475.8
16.662 3.0014 -179.403702975 1504013475.99
16.6615225179 3.00003152499 -179.3552332 1504013476.11
16.6636464849 3.00119249164 -179.452346389 1504013476.16
16.6631579636 3.00154219993 -179.455880672 1504013476.66
16.6657196838 3.00204703902 -179.386174937 1504013477.14
16.6651 3.0016740694 -179.471043289 1504013478.14
16.6642 3.00206010978 -179.462141525 1504013478.43
16.6625921371 3.00098512809 -179.390823656 1504013478.54
16.6606403678 3.00024862849 -179.356289287 1504013478.73
16.6627677696 3.00118752371 -179.522832714 1504013478.88
16.6627677696 3.00118752371 -179.522832714 1504013478.88
16.6638412495 3.0016 -179.479870566 1504013479.25
16.6654067344 3.0019 -179.414197505 1504013479.51
16.6634217788 3.00236932711 -179.447553523 1504013479.61
16.6650591349 3.00210985582 -179.463422764 1504013479.78
16.6642944679 3.00133319259 -179.448747184 1504013479.95
16.6652975899 3.00131602908 -179.442948611 1504013480.06
16.6631791328 3.00071894007 -179.384123034 1504013480.31
16.6645371945 3.00178475617 -179.486153016 1504013480.49
16.6641253285 3.00155365878 -179.444573269 1504013480.58
16.6637931937 3.00204083766 -179.46555842 1504013480.85
16.6630403537 3.00086053052 -179.368798144 1504013480.91
16.6630403537 3.00086053052 -179.368798144 1504013480.91
16.6651471667 3.00206878034 -179.469843577 1504013480.97
16.6614796812 3.0011199203 -179.495992561 1504013481.88
16.6606 3.0002 -179.352197319 1504013482.17
16.6618835046 3.00091305812 -179.414781445 1504013482.2
16.6634 3.0017 -179.48277336 1504013482.31
16.6632534158 3.0014487128 -179.455391136 1504013482.37
16.6650299449 3.00177796693 -179.453375574 1504013483.06
16.6656126921 3.00209682699 -179.390955589 1504013483.14
16.6635363486 3.00175452285 -179.441073614 1504013483.27
16.6634368108 3.00240551389 -179.452246426 1504013483.52
16.6629341999 3.0010512998 -179.393787923 1504013483.6
16.6653184804 3.00205308006 -179.423797694 1504013483.71
16.6655201089 2.99985416806 -179.393748833 1504013483.85
16.6616595652 3.00048509309 -179.365179564 1504013484.51
16.6638618543 3.0014866384 -179.444353381 1504013484.86
16.6630422392 3.00121806621 -179.395801113 1504013485.03
16.6620368513 3.00052063672 -179.365285068 1504013486.01
16.662995096 3.00171613908 -179.395017923 1504013486.74
16.6623922933 3.00117690334 -179.417804804 1504013487.18
16.6636 3.00247728038 -179.446823442 1504013488.01
16.6634258899 3.00246699091 -179.449743548 1504013488.31
16.662878958 3.00094606726 -179.386666391 1504013488.4
16.6626095073 3.00061426093 -179.364821566 1504013488.72
16.6642 3.00192179009 -179.488398164 1504013488.91
16.6646895526 3.00143688718 -179.418985938 1504013489.11
16.6642827233 3.00179648609 -179.452299527 1504013489.27
16.665337576 3.00179017556 -179.448148793 1504013489.36
16.6637583198 3.00168747964 -179.453178421 1504013489.56
16.6648178017 3.00195357759 -179.47900741 1504013489.77
16.6636029069 3.0007043604 -179.369762714 1504013489.92
16.6647679731 3.0012674132 -179.412683376 1504013490.01
16.6654388065 3.00172238708 -179.47245791 1504013490.12
16.6649768919 3.00077797295 -179.395387342 1504013490.2
16.6655287891 3.00165616145 -179.491058744 1504013490.38
16.6665622779 3.00187245559 -179.404457342 1504013490.62
16.6652213596 3.00136934836 -179.431002594 1504013491.22
16.6641102928 3.00092016731 -179.363038149 1504013491.78
16.6645141191 3.00102168142 -179.388026149 1504013492.09
16.6644 3.00064092746 -179.359171685 1504013492.65
16.665255265 3.00107039578 -179.396239543 1504013492.7
16.6651505014 3.0018784998 -179.491064674 1504013492.79
16.6645203845 3.00132062489 -179.417511798 1504013492.89
16.6658087441 3.00184854265 -179.469342621 1504013493.05
16.6640576507 3.00065765068 -179.364472633 1504013493.24
16.6595823435 3.00002352672 -179.379773022 1504013493.57
16.6583 2.99988077936 -179.377332032 1504013493.72
16.6621558111 3.00102441889 -179.485182984 1504013493.98
16.6620302027 3.00049261824 -179.37442067 1504013494.18
16.6630828329 3.00048283285 -179.367358297 1504013494.42
16.6613960625 3.00082208882 -179.401397386 1504013494.53
16.6589111256 2.99971112557 -179.344502307 1504013494.83
16.6637 3.0017 -179.483917066 1504013495.53
16.6614494661 3.00074157769 -179.362117652 1504013495.77
16.6607878308 2.99949695769 -179.391546573 1504013495.92
16.6597509125 2.99942671249 -179.363347408 1504013496.06
16.6589786909 2.99947336368 -179.384377632 1504013496.16
16.6586 2.999 -179.357109674 1504013496.27
16.6620170023 3.00033117087 -179.366518408 1504013496.51
16.6605841949 3.0009 -179.366647961 1504013496.98
16.6584026026 2.99953674853 -179.384269035 1504013497.48
16.6636208202 3.00063866609 -179.372904236 1504013498.32
16.6645858212 3.00206332642 -179.44412767 1504013498.72
16.6638154733 3.00054583412 -179.394665332 1504013499.31
16.6612662749 2.99973372505 -179.394176122 1504013499.5
16.6611203401 3.00046564005 -179.458582786 1504013499.92
16.662869533 3.0009486978 -179.480530004 1504013499.97
16.6629559777 3.0 -179.361073639 1504013500.14
16.6605973334 3.00076533408 -179.3529007 1504013500.59
16.6592791246 2.99977912463 -179.369074732 1504013500.79
16.6579407111 2.9992 -179.351072341 1504013501.04
16.6609919723 3.00092265074 -179.492930353 1504013501.13
16.664 3.00013034196 -179.361343284 1504013501.66
16.6613696114 3.0007 -179.392496903 1504013501.76
16.6603536965 2.99978858621 -179.400626389 1504013501.89
16.6593025278 2.99970252776 -179.347131345 1504013502.03
16.658821333 2.9997957334 -179.360119994 1504013502.06
16.6612982303 3.00104612194 -179.502376399 1504013502.33
16.6612982303 3.00104612194 -179.502376399 1504013502.33
16.6636816333 3.00061135794 -179.411755935 1504013502.6
16.6647941691 3.00124018254 -179.467185159 1504013502.63
16.6647941691 3.00124018254 -179.467185159 1504013502.63
16.6597794994 3.00010768228 -179.409872715 1504013503.09
16.6591503858 3.00047815675 -179.434558487 1504013503.5
16.6620839592 3.00120246781 -179.472882096 1504013503.59
16.6614469009 3.0005 -179.360553573 1504013503.74
16.6637673812 3.00183261877 -179.480056406 1504013503.85
16.6629015556 3.00060155561 -179.358044611 1504013504.08
16.6629015556 3.00060155561 -179.358044611 1504013504.08
16.662615007 3.00067916473 -179.3660308 1504013504.09
16.6598349216 2.99991206274 -179.392934963 1504013504.29
16.6577783847 2.9993 -179.355389421 1504013504.66
16.6581941173 2.99952691605 -179.375657647 1504013504.68
16.6632 3.00101748542 -179.449539598 1504013504.81
16.6625041147 3.00062397134 -179.383531576 1504013505.3
16.6607563311 3.0009 -179.364452801 1504013505.38
16.6595378323 3.00001261076 -179.394411448 1504013505.54
16.6607064047 3.00013985712 -179.440615552 1504013505.91
16.6638191332 3.00142869979 -179.462444019 1504013506.37
16.6624040014 3.00065919972 -179.380670031 1504013506.5
16.6603221577 2.99996589214 -179.374436956 1504013506.64
16.6581 2.99981824168 -179.374532499 1504013506.95
16.657805713 2.99940761731 -179.341332277 1504013507.01
16.6605672083 3.00095484087 -179.478269812 1504013507.12
16.6623701348 3.00131946065 -179.470746762 1504013507.21
16.6617 3.0005 -179.362418842 1504013507.33
16.6646 3.00143392901 -179.471161918 1504013507.55
16.6639462842 3.0002 -179.363170133 1504013507.65
16.6580689707 2.99938621335 -179.353322721 1504013508.2
16.6631 3.00057674395 -179.36666056 1504013508.83
16.6590705326 2.99907053263 -179.354489639 1504013509.46
16.6629 3.00102854745 -179.477369664 1504013509.62
16.664 3.0017 -179.489646644 1504013509.9
16.6626714217 3.00072570927 -179.383075945 1504013510.0
16.6586552338 3.00054371722 -179.364315883 1504013510.11
16.6286610032 2.99678710229 -179.161304388 1504013510.51
16.5979486627 2.99463147705 -179.479880058 1504013510.69
16.5820313835 2.9946003175 -179.377479434 1504013510.81
16.5299319203 2.99282861436 -179.524041331 1504013511.08
16.513605779 2.9926 -179.561053308 1504013511.19
16.4966085389 2.99244258273 -179.569860735 1504013511.31
16.4765064591 2.9926 -179.608637016 1504013511.48
16.4488681574 2.99286982316 -179.633577695 1504013511.75
16.4448094378 2.99302726077 -179.662052112 1504013511.79
16.442771316 2.99309754083 -179.678159115 1504013511.81
16.3343558065 2.9951053642 -179.867798789 1504013512.94
16.3107236548 2.9951 -179.920802523 1504013513.17
16.2782655957 2.9955 -179.993980919 1504013513.48
16.268132943 2.99594778428 179.997683081 1504013513.58
16.2530556686 2.9959 179.943444096 1504013513.73
16.2477014756 2.9959 179.933638167 1504013513.78
16.2244413975 2.99964184994 179.761520487 1504013513.94
16.201142639 2.99818671455 179.867678836 1504013514.2
16.1894041236 2.99839101948 179.797757935 1504013514.33
16.1671806528 2.9983 179.772522208 1504013514.6
16.1643069834 2.9983 179.761359555 1504013514.63
16.1643069834 2.9983 179.761359555 1504013514.63
16.1554076283 2.99805632009 179.750119351 1504013514.74
16.1458124138 2.9979 179.731151076 1504013514.84
16.1295141547 2.998 179.690491301 1504013515.01
16.1156990881 2.99794995587 179.662377505 1504013515.15
16.0842885355 2.9978 179.601462255 1504013515.44
16.066498293 2.99836967654 179.462559579 1504013515.57
16.0526043463 3.00084634191 179.465127679 1504013515.65
16.0388949182 3.0003 179.537135296 1504013515.77
16.0370291958 3.0005855842 179.438148488 1504013515.81
16.0173135534 3.0001498986 179.238939612 1504013516.11
16.0105184555 3.00149017349 179.237085953 1504013516.23
15.9054534771 2.99873556154 179.226292133 1504013517.15
15.8935487326 2.9985 179.238387051 1504013517.27
15.8705204026 2.99638876011 179.25938492 1504013517.5
15.8620458926 2.98707874533 179.609066237 1504013517.57
15.8620458926 2.98707874533 179.609066237 1504013517.57
15.8531134432 2.98706852896 179.594859903 1504013517.67
15.842921622 2.98688797895 179.560844267 1504013517.78
15.8227436419 2.98648558538 179.540393188 1504013518.0
15.8005793696 2.98632108093 179.518183015 1504013518.23
15.7906711738 2.9862117158 179.484324554 1504013518.34
15.7758332676 2.98604343644 179.489507906 1504013518.48
15.7693863414 2.98579695008 179.460887235 1504013518.54
15.7535220193 2.98561168529 179.431191296 1504013518.7
15.7266505257 2.98548568422 179.388655497 1504013518.95
15.7202037902 2.98553869796 179.374947483 1504013519.01
15.7202037902 2.98553869796 179.374947483 1504013519.01
15.7202037902 2.98553869796 179.374947483 1504013519.01
15.7089848411 2.98562613769 179.357334139 1504013519.11
15.6926181344 2.985787193 179.33055742 1504013519.3
15.6788790771 2.98586090475 179.322051299 1504013519.45
15.6529944717 2.98617130717 179.270547009 1504013519.71
15.6405253452 2.98633892219 179.247634507 1504013519.84
15.6165294083 2.98689013022 179.205736138 1504013520.07
15.6054269477 2.9872430792 179.166202303 1504013520.18
15.5857911102 2.98783491877 179.156495404 1504013520.36
15.5666060016 2.98786345076 179.094393997 1504013520.54
15.5526107809 2.98815639643 179.101103651 1504013520.68
15.5295091755 2.9882010526 179.056886944 1504013520.9
15.4995971172 2.98834800652 178.992556375 1504013521.21
15.4950656459 2.98844091512 178.980536168 1504013521.26
15.4590632594 2.98906164513 178.897968609 1504013521.63
15.3602693299 2.9914100485 178.702348124 1504013522.64
15.351960973 2.99170700892 178.674014901 1504013522.72
15.2515419687 2.99398832967 178.467194006 1504013523.77
15.2398426048 2.9940285991 178.460624098 1504013523.86
15.1890642115 2.99721515224 178.258299543 1504013524.38
15.1824647558 2.99713289366 178.330972433 1504013524.49
15.1716119382 2.99685184595 178.241446356 1504013524.59
15.1523562334 2.99860122276 178.297253388 1504013524.77
15.147314589 2.99872970379 178.302456632 1504013524.82
15.1382650506 2.9987997099 178.263783102 1504013524.89
15.0663768959 3.00087712389 178.184353224 1504013525.58
15.0628475278 3.00085141778 178.199222581 1504013525.61
15.0514952776 3.00128965124 178.155611716 1504013525.72
15.033002939 3.00203408216 178.159128583 1504013525.91
14.9610232838 3.00500694591 178.064067928 1504013526.67
14.9514968073 3.00539021395 178.034222325 1504013526.77
14.9333248874 3.00600354538 178.01610072 1504013526.95
14.9087756895 3.00684296994 177.985441148 1504013527.2
14.8583597655 3.00880419761 177.875321116 1504013527.78
14.8485745194 3.00884554637 177.807771838 1504013527.87
14.8332023955 3.010042719 177.813968771 1504013528.0
14.8196484906 3.0150521219 178.143858809 1504013528.08
14.8056644888 3.01629728788 178.16810665 1504013528.19
14.7873338552 3.01708118874 178.149261024 1504013528.35
14.7539943883 3.01801234444 178.145975225 1504013528.64
14.744690744 3.0184949812 178.107963519 1504013528.73
14.697334591 3.02040007581 178.035165228 1504013529.31
14.6674612234 3.02198467583 177.990791414 1504013529.57
14.6273813372 3.02435464448 177.946126277 1504013529.96
14.6054942232 3.02543825884 177.926491835 1504013530.17
14.5996243409 3.02565859547 177.898393477 1504013530.23
14.5786318431 3.02702080407 177.894560075 1504013530.45
14.5534316658 3.02818001527 177.837128621 1504013530.71
14.549238999 3.02827056173 177.833283149 1504013530.75
14.5359401189 3.02939391927 177.812379763 1504013530.91
14.5022046042 3.03053045751 177.648982293 1504013531.27
14.4987938624 3.02908348736 177.674680291 1504013531.37
14.4871299469 3.02906249454 177.583919786 1504013531.49
14.4739378885 3.03004593579 177.585343702 1504013531.61
14.4653093546 3.03041118791 177.641054589 1504013531.68
14.4345171098 3.0316809003 177.529380229 1504013531.94
14.3884771262 3.03380348282 177.436193839 1504013532.37
14.3751125943 3.03452480282 177.384627637 1504013532.5
14.3653301976 3.03475200824 177.367740198 1504013532.6
14.3399732674 3.03616047579 177.278521994 1504013532.86
14.3218040526 3.0371098261 177.165214607 1504013533.05
14.2958144181 3.03821942633 177.115953703 1504013533.3
14.273707673 3.03879180658 177.038606402 1504013533.52
14.2486994752 3.03888765717 176.895056902 1504013533.79
14.2400722017 3.03950177916 176.84011526 1504013533.87
14.1785761142 3.04316616213 176.59499872 1504013534.45
14.1727319022 3.04372471388 176.562092163 1504013534.51
14.1497370737 3.04478015377 176.464976394 1504013534.73
14.1373992804 3.04599402679 176.369164644 1504013534.87
14.1327163533 3.04627107068 176.365279453 1504013534.91
14.1327163533 3.04627107068 176.365279453 1504013534.91
14.090079209 3.04886343705 176.169281279 1504013535.32
14.0523275286 3.05167693026 175.982168849 1504013535.69
14.036980011 3.05263010678 175.892603847 1504013535.84
14.0263182728 3.05324699557 175.839749245 1504013535.94
13.9967949914 3.05506581803 175.682096959 1504013536.24
13.9819970198 3.05658865497 175.571486333 1504013536.39
13.9632580725 3.05776886965 175.499780926 1504013536.59
13.9622787513 3.05784131161 175.490239906 1504013536.6
13.9010994824 3.06267310876 175.176672541 1504013537.22
13.8878613599 3.06353844541 175.119380226 1504013537.35
13.8435074623 3.06721282427 174.88049925 1504013537.83
13.8222088064 3.07038340835 173.540980167 1504013538.15
13.8151766507 3.07124600574 173.523568546 1504013538.21
13.8151766507 3.07124600574 173.523568546 1504013538.21
13.7831740295 3.0744935933 173.369758631 1504013538.56
13.772518771 3.07565451252 173.323469412 1504013538.68
13.7532188215 3.07759176989 173.226931191 1504013538.88
13.729133516 3.08074568902 173.082823273 1504013539.13
13.7192971514 3.08161188772 173.061759981 1504013539.23
13.6986324338 3.08453832337 172.945301447 1504013539.44
13.6870008682 3.08590984798 172.900620588 1504013539.56
13.6677197171 3.08816313095 172.80106564 1504013539.76
13.642600095 3.09192360631 172.652413616 1504013540.01
13.6042372831 3.0969123472 172.475476905 1504013540.41
13.5967426444 3.09824975868 172.447727945 1504013540.49
13.5713846633 3.10137653643 172.324896304 1504013540.75
13.5306256549 3.10837183508 171.942088941 1504013541.18
13.5306256549 3.10837183508 171.942088941 1504013541.18
13.518205968 3.11155390068 172.016850822 1504013541.29
13.506208935 3.11258666333 171.926390151 1504013541.43
13.4954636904 3.11384272588 171.866198631 1504013541.54
13.4907987934 3.11410767006 171.878839187 1504013541.59
13.4806247035 3.11535874296 171.813896041 1504013541.69
13.4479561635 3.11921194579 171.598659115 1504013542.03
13.382583758 3.12914901857 171.216115835 1504013542.7
13.3796758943 3.12950151913 171.195726865 1504013542.73
13.3657325439 3.1314127071 171.139348524 1504013542.87
13.3490857033 3.13374569985 171.025860814 1504013543.04
13.2896659057 3.14356791996 170.597878044 1504013543.73
13.2850988539 3.1435544494 170.523666401 1504013543.78
13.2391720356 3.15174342835 170.251563327 1504013544.19
13.164329762 3.16538188279 169.701146671 1504013544.91
13.0946961933 3.1827803137 169.057817973 1504013545.58
13.0760182561 3.18664410352 169.02527377 1504013545.81
12.9783515513 3.20625695237 168.1183782 1504013546.87
12.9701117161 3.20756119759 168.075266157 1504013546.95
12.962634835 3.20916477141 167.993894833 1504013547.03
12.8783899613 3.22622517624 167.262806196 1504013547.86
12.8687309106 3.22844237612 167.160272113 1504013547.96
12.8524532682 3.23181265275 167.029079615 1504013548.14
12.8458314568 3.23344138827 166.958806133 1504013548.22
12.8239173987 3.23879529921 166.760790003 1504013548.47
12.8133140617 3.24183499711 166.670829981 1504013548.59
12.7979392654 3.2596711402 167.205433072 1504013548.69
12.7844656416 3.26251535552 167.065214223 1504013548.83
12.7778075479 3.26431066394 167.000046874 1504013548.91
12.7679868557 3.26621347311 166.903797305 1504013549.01
12.7582027265 3.26850922172 166.795273134 1504013549.11
12.6727496356 3.28874049125 165.857843727 1504013550.03
12.6572763288 3.29289319983 165.666061671 1504013550.2
12.6263223051 3.30098528998 165.287659526 1504013550.55
12.6108412057 3.30563157897 165.096585392 1504013550.72
12.5944187531 3.30977781129 164.869889862 1504013550.9
12.5760160669 3.31478953139 164.647877146 1504013551.1
12.56911057 3.31667365024 164.545128354 1504013551.17
12.56911057 3.31667365024 164.545128354 1504013551.17
12.5139792256 3.33128348482 163.846075185 1504013551.75
12.5041422192 3.33576214483 163.782909057 1504013551.89
12.4945927941 3.33889514892 163.564997522 1504013552.01
12.4945927941 3.33889514892 163.564997522 1504013552.01
12.4415288004 3.35671002818 162.779906158 1504013552.65
12.410765715 3.36688059583 162.332694009 1504013552.97
12.3702787129 3.38160212079 161.77517244 1504013553.42
12.3651325281 3.38327951449 161.677881138 1504013553.48
12.3522096232 3.38762774483 161.468867686 1504013553.65
12.3265617174 3.39610984538 161.088026673 1504013553.95
12.3183129232 3.39915884145 160.98034584 1504013554.05
12.301672514 3.40380784716 160.671482558 1504013554.23
12.290934165 3.40722097439 160.620807089 1504013554.35
12.290934165 3.40722097439 160.620807089 1504013554.35
12.2863522655 3.40900443187 160.533224084 1504013554.41
12.2769700275 3.41265247391 160.374148406 1504013554.52
12.255248447 3.42213377047 160.073877042 1504013554.76
12.2519412432 3.42340328962 160.02427253 1504013554.8
12.2386368465 3.42865917938 159.857178664 1504013554.95
12.1923942347 3.44673560688 159.194985288 1504013555.49
12.1716388153 3.45517882606 158.891725232 1504013555.74
12.1650733075 3.45778662872 158.806325514 1504013555.82
12.1573603405 3.46066894985 158.686582143 1504013555.91
12.1405923973 3.46768896255 158.441163461 1504013556.12
12.1323901539 3.47060502757 158.327939931 1504013556.21
12.1323901539 3.47060502757 158.327939931 1504013556.21
12.1233754994 3.47428567298 158.172699255 1504013556.32
12.0986935159 3.48420590901 157.818038306 1504013556.61
12.0455280945 3.50544061891 157.050578802 1504013557.23
11.9993486606 3.52631266806 156.380009755 1504013557.74
11.9928973733 3.5291900458 156.263027038 1504013557.81
11.9556058779 3.54664328518 155.726752864 1504013558.26
11.9347426756 3.55589733808 155.402380314 1504013558.55
11.8871198711 3.57821939083 154.681377853 1504013559.11
11.8738858125 3.58410992229 154.478223328 1504013559.27
11.8567249447 3.69960397532 151.945686942 1504013559.62
11.8432903614 3.70862087989 151.591190381 1504013559.78
11.8164380781 3.72461813632 151.234257447 1504013560.14
11.7911526313 3.7370994221 150.793604319 1504013560.46
11.7787929292 3.74405356206 150.553732891 1504013560.61
11.7200385391 3.77590759234 149.555019904 1504013561.35
11.7080399857 3.78318216855 149.320659369 1504013561.51
11.6827394591 3.79801038156 148.884717416 1504013561.83
11.6675577127 3.80743754728 148.58490422 1504013562.03
11.6453381825 3.82123453475 148.203147475 1504013562.32
11.631141642 3.83007246692 147.926884232 1504013562.51
11.624226843 3.83449960608 147.791127342 1504013562.61
11.6018367378 3.84892823275 147.374060614 1504013562.9
11.5957446956 3.85278606728 147.248134701 1504013562.98
11.5916288059 3.85555686062 147.185673174 1504013563.04
11.5718931403 3.86887776124 146.824445866 1504013563.29
11.5648975846 3.87336372251 146.702162511 1504013563.38
11.5598007976 3.87663514603 146.602940091 1504013563.45
11.5530753794 3.88111747731 146.461632139 1504013563.54
11.5345895456 3.89306779301 146.11158609 1504013563.79
11.474906126 3.93425179732 144.968588487 1504013564.6
11.4285561616 3.96748849506 144.05576566 1504013565.21
11.4247338086 3.97016529122 143.982211798 1504013565.26
11.4128010589 3.97900285845 143.751170338 1504013565.41
11.4040812054 3.98494018485 143.584713843 1504013565.52
11.3953880725 3.99155658919 143.43162993 1504013565.63
11.3706212751 4.00987417697 142.915631528 1504013565.98
11.3437637242 4.03111120579 142.388729135 1504013566.36
11.3297237032 4.04178462914 142.139178942 1504013566.55
11.2940517786 4.0694591994 141.45058297 1504013567.06
11.2876466811 4.07462899103 141.320731009 1504013567.15
11.2804341759 4.08091096917 141.164869033 1504013567.25
11.2753700588 4.08563299947 141.005849465 1504013567.33
11.2695138952 4.09037226912 140.930773607 1504013567.42
11.2460581284 4.10919009644 140.480271307 1504013567.72
11.2424614377 4.11280145925 140.430762754 1504013567.78
11.2393503854 4.11560276983 140.369652386 1504013567.82
11.2335487229 4.12018011189 140.255180191 1504013567.89
11.2140037085 4.13697211925 139.869845019 1504013568.16
11.2063337669 4.14331140528 139.720766955 1504013568.28
11.1987479577 4.15049141515 139.568273646 1504013568.4
11.1917572343 4.15598581875 139.43405962 1504013568.5
11.1674344148 4.17859090217 139.007365189 1504013568.84
11.1497729033 4.19404358604 138.633187698 1504013569.12
11.1427243101 4.20038631641 138.487629031 1504013569.23
11.1366957045 4.20564972581 138.346574275 1504013569.33
11.1213803885 4.21907160461 138.044755507 1504013569.55
11.1095644045 4.23035514241 137.800623626 1504013569.73
11.1020057209 4.23758079647 137.662450988 1504013569.84
11.0909043125 4.24748104923 137.41084422 1504013570.01
11.0868327473 4.25102840383 137.308971966 1504013570.06
11.0719789511 4.26485900484 137.046963751 1504013570.25
11.0589419927 4.27719098842 136.759920225 1504013570.43
11.0423063967 4.29231157252 136.438471361 1504013570.67
11.1009465866 4.38180662021 137.519410646 1504013570.82
11.070110211 4.41001963362 136.927949124 1504013571.28
11.0272683145 4.45077703599 136.0856979 1504013571.93
11.0231025789 4.45476252854 136.018225288 1504013571.99
11.0164797034 4.4612848979 135.877228568 1504013572.08
11.0077577703 4.47047542111 135.73035985 1504013572.21
11.0025453492 4.47567232839 135.627370243 1504013572.3
10.979440935 4.49793900845 135.179498064 1504013572.65
10.979440935 4.49793900845 135.179498064 1504013572.65
10.979440935 4.49793900845 135.179498064 1504013572.65
10.9574017987 4.52073223867 134.769296331 1504013572.98
10.9485198074 4.52908399275 134.565791466 1504013573.13
10.9425263383 4.53500957781 134.442834935 1504013573.22
10.9364880326 4.5407127067 134.365202019 1504013573.31
10.9235978739 4.55394887342 134.067827533 1504013573.52
10.9073388227 4.5701070098 133.753552778 1504013573.79
10.9017973851 4.57566147546 133.655590076 1504013573.88
10.8825201419 4.59519652395 133.291530515 1504013574.17
10.8599224104 4.61844029843 132.798543403 1504013574.53
10.8077563227 4.67565371763 131.791320093 1504013575.26
10.7949875987 4.69039114072 131.48673508 1504013575.47
10.7886977584 4.6979258337 131.358967671 1504013575.58
10.7803440243 4.70704462359 131.167067121 1504013575.72
10.7700010531 4.71915746426 130.914745907 1504013575.93
10.7644197142 4.72509546617 130.803612598 1504013576.03
10.7609046042 4.7293152951 130.718663264 1504013576.1
10.7535273332 4.73790872099 130.550537808 1504013576.25
10.7477041367 4.74456699896 130.411316271 1504013576.35
10.7390576226 4.75544364844 130.223625758 1504013576.49
10.7305499275 4.76572488422 130.022975116 1504013576.64
10.722747457 4.77582491416 129.856272565 1504013576.77
10.718880794 4.78066897428 129.748129695 1504013576.84
10.6903684318 4.81592331953 129.08107762 1504013577.34
10.6828123248 4.82595242806 128.911977893 1504013577.45
10.6768221029 4.83325565844 128.776374191 1504013577.55
10.6698709011 4.84221645827 128.613808715 1504013577.66
10.6432457662 4.87654345901 127.956723173 1504013578.13
10.6385070711 4.88298373392 127.868283815 1504013578.23
10.6200045742 4.90742760694 127.41983964 1504013578.59
10.6179562518 4.91004440326 127.379291972 1504013578.63
10.613455792 4.91564743487 127.294060587 1504013578.71
10.5737601535 4.96914437037 126.377611737 1504013579.43
10.570699407 4.97339761482 126.300685196 1504013579.49
10.5194869719 5.04594968019 125.144600468 1504013580.44
10.5146869005 5.05302283791 125.018246464 1504013580.54
10.502397961 5.07182441674 124.729605344 1504013580.78
10.4996798286 5.07569450539 124.671547867 1504013580.83
10.4936265926 5.08501612518 124.542603645 1504013580.95
10.472722901 5.11863524233 123.923792834 1504013581.38
10.4732500783 5.12290027606 123.796810097 1504013581.47
10.4968361654 5.20457463529 123.912631558 1504013581.57
10.4608980362 5.28385670743 123.188762168 1504013582.31
10.4492083338 5.30214833789 122.943584085 1504013582.53
10.4395074626 5.31723097727 122.739436527 1504013582.72
10.421664122 5.34639561513 122.355398103 1504013583.09
10.4157708215 5.35545908827 122.230778561 1504013583.21
10.4067128508 5.3706308369 122.021347644 1504013583.41
10.4050559471 5.37385657434 121.982955924 1504013583.45
10.4020463091 5.37859169986 121.922584634 1504013583.51
10.395013791 5.39049211705 121.779527018 1504013583.67
10.3882280721 5.40099480036 121.632721195 1504013583.81
10.3773374586 5.41889024221 121.402046196 1504013584.05
10.3437639099 5.47307833536 120.714858598 1504013584.71
10.3399706292 5.4806740896 120.679529126 1504013584.82
10.3271722218 5.5031925817 120.35607751 1504013585.13
10.3240143959 5.50865075263 120.272775298 1504013585.19
10.3183915252 5.5181755559 120.14345576 1504013585.31
10.2774768484 5.5914169606 119.151773744 1504013586.19
10.2734949746 5.59913493828 119.059436836 1504013586.29
10.2546653887 5.63574396579 118.561701907 1504013586.72
10.250696733 5.6431085488 118.45060152 1504013586.81
10.250696733 5.6431085488 118.45060152 1504013586.81
10.2245818936 5.69349947294 117.776572888 1504013587.39
10.2226358597 5.69704322183 117.735961701 1504013587.44
10.2186269198 5.70475974165 117.627921883 1504013587.53
10.2130824224 5.71541253907 117.482415034 1504013587.65
10.1777714686 5.78317626179 116.592989085 1504013588.47
10.1483854336 5.84066755441 115.899932921 1504013589.14
10.1412837662 5.85544389997 115.734117494 1504013589.31
10.1369453186 5.86411547994 115.606183308 1504013589.41
10.1249699998 5.88825898699 115.316692407 1504013589.68
10.119427914 5.89936528327 115.213541576 1504013589.81
10.1087406857 5.92232865015 114.94028291 1504013590.07
10.1072046298 5.92557580237 114.910595478 1504013590.11
10.1072046298 5.92557580237 114.910595478 1504013590.11
10.0951558846 5.95183504579 114.610067538 1504013590.41
10.0936326973 5.9551984494 114.575442088 1504013590.45
10.0925029818 5.9577313333 114.548129925 1504013590.48
10.0903350955 5.96230932288 114.477903672 1504013590.53
10.0830747368 5.97804665266 114.320213448 1504013590.71
10.0822376983 5.97987321706 114.300381701 1504013590.73
10.0732984399 5.99929077318 114.065778081 1504013590.95
10.0716133329 6.00298365171 114.030005746 1504013590.99
10.0669562117 6.0136288018 113.916983208 1504013591.11
10.0634907592 6.02203366746 113.838116636 1504013591.19
10.0613700898 6.0267100275 113.797016619 1504013591.24
10.0581745643 6.03398611374 113.72245161 1504013591.32
10.053381536 6.04536646262 113.614294642 1504013591.46
10.0443105571 6.06578647376 113.389681798 1504013591.69
10.0411431721 6.073203243 113.314505697 1504013591.77
10.0361385867 6.08483592745 113.218744912 1504013591.9
10.024026615 6.11225379711 112.951831644 1504013592.23
10.0206896665 6.12082961569 112.849536368 1504013592.33
10.0632466179 6.16666740377 112.098150553 1504013592.58
10.0422294095 6.21561662549 111.67496477 1504013593.12
10.0382625112 6.22511521962 111.566761165 1504013593.23
10.0378977295 6.22604262727 111.557561693 1504013593.24
10.0351100196 6.23349453811 111.502470791 1504013593.32
10.0010656368 6.31703336181 110.793294071 1504013594.27
9.9764299947 6.376392267 110.318671123 1504013594.92
9.97165615639 6.38910050698 110.194519019 1504013595.05
9.96185564579 6.41223068002 109.973346864 1504013595.31
9.95236137572 6.4374653263 109.807447741 1504013595.57
9.94512127309 6.45677862104 109.640889571 1504013595.77
9.93472342565 6.48458301493 109.405577517 1504013596.06
9.9318798293 6.49221938715 109.363935499 1504013596.14
9.92592577905 6.50861703404 109.220216232 1504013596.32
9.90051404554 6.58244721642 108.665483608 1504013597.1
9.8974109325 6.59177870078 108.592196165 1504013597.19
9.89368164586 6.60234172366 108.520916059 1504013597.3
9.87989557467 6.64559640998 108.170179961 1504013597.73
9.87593438268 6.6582096758 108.101210971 1504013597.86
9.87206502282 6.66995036845 108.005789202 1504013597.99
9.86488413492 6.69265564396 107.849567807 1504013598.26
9.86209127535 6.70123409441 107.781266172 1504013598.35
9.85936474813 6.71009190603 107.713423405 1504013598.45
9.85609519999 6.72016595207 107.640520481 1504013598.56
9.85088552046 6.73919363578 107.524949845 1504013598.75
9.84686086829 6.75269426614 107.392764352 1504013598.89
9.8351568372 6.79021915134 107.140084234 1504013599.26
9.83151303179 6.8026598286 107.068778159 1504013599.38
9.82820737254 6.81351716386 106.983320312 1504013599.5
9.82326898224 6.83078291687 106.875901981 1504013599.68
9.81861607608 6.84663382675 106.758725999 1504013599.85
9.81370850374 6.86277046156 106.65575783 1504013600.02
9.80350446948 6.8997268304 106.399121062 1504013600.42
9.80020286226 6.91159753887 106.317482144 1504013600.55
9.7982166812 6.9184462885 106.269384089 1504013600.63
9.78961102913 6.9484655547 106.077099351 1504013600.94
9.78063375008 6.98386203697 105.872253228 1504013601.31
9.77136357159 7.01996810733 105.692837961 1504013601.69
9.76321050548 7.05570770522 105.493108337 1504013602.12
9.75957496077 7.07005501808 105.423547797 1504013602.26
9.75565146941 7.08496674853 105.344511223 1504013602.41
9.7541980349 7.09046797492 105.311026331 1504013602.47
9.75176728514 7.098664767 105.261282722 1504013602.55
9.80020225699 7.16307117298 106.827020021 1504013603.18
9.79764736948 7.17108345607 106.777341662 1504013603.28
9.79428945063 7.1820666427 106.731843506 1504013603.4
9.79208673124 7.19013256103 106.703338118 1504013603.49
9.78955370057 7.19916716517 106.674355416 1504013603.58
9.78084178222 7.22697336879 106.553781107 1504013603.87
9.7726620008 7.25803510067 106.460167902 1504013604.21
9.75304707314 7.33180320989 105.899963426 1504013604.89
9.75071061464 7.34604479518 106.058790704 1504013605.09
9.74599526136 7.36015307215 105.998517359 1504013605.29
9.74320882047 7.37051386897 105.981482177 1504013605.41
9.73789401473 7.38938607015 105.899819241 1504013605.63
9.73334031576 7.40589533655 105.851044272 1504013605.8
9.72773902878 7.42628321891 105.791945135 1504013606.01
9.72033584787 7.45323846197 105.709449039 1504013606.28
9.71024360265 7.48865063747 105.601691173 1504013606.65
9.70343782078 7.51120162386 105.525947027 1504013606.89
9.69269976938 7.54896907912 105.464371317 1504013607.27
9.68766283546 7.56638759271 105.392217595 1504013607.44
9.67639601687 7.60810191849 105.302134753 1504013607.91
9.67439396017 7.6146055006 105.262540759 1504013607.99
9.67342600403 7.61745391678 105.26033704 1504013608.02
9.65826275536 7.66136232958 105.165503531 1504013608.41
9.65006472553 7.6945116462 105.097869121 1504013608.79
9.64539037814 7.71074682141 105.042612944 1504013608.96
9.63913306893 7.73471782855 104.969913322 1504013609.2
9.62251523192 7.79153379671 104.910835209 1504013609.73
9.61782979018 7.80826652359 104.798888814 1504013609.92
9.61544039882 7.81922437296 104.808867653 1504013610.03
9.61277241742 7.82881619718 104.766323288 1504013610.13
9.60937468124 7.84172248604 104.718822706 1504013610.26
9.60577569849 7.85792039343 104.69143155 1504013610.45
9.59722190566 7.88966644453 104.604131771 1504013610.77
9.59722190566 7.88966644453 104.604131771 1504013610.77
9.59430680048 7.89983294235 104.595737862 1504013610.87
9.59181127995 7.91102314219 104.599205046 1504013610.99
9.58951534498 7.92120363221 104.586645672 1504013611.09
9.57372268168 7.98031622497 104.518055469 1504013611.71
9.57193615955 7.98732587285 104.504638263 1504013611.78
9.56845430448 7.99998107037 104.485573209 1504013611.91
9.54660090954 8.08773983848 104.571848267 1504013612.79
9.54357135182 8.09823990701 104.597043688 1504013612.89
9.48245863291 8.19758785983 106.026417965 1504013613.87
9.47333244684 8.228994131 106.141969063 1504013614.19
9.4660009497 8.25433162141 106.237398917 1504013614.43
9.45602283247 8.28962188307 106.370547532 1504013614.81
9.45433827738 8.29556440034 106.404420819 1504013614.88
9.44560148775 8.32567468342 106.525843588 1504013615.22
9.43820781771 8.35046693712 106.632714514 1504013615.49
9.43144665573 8.37240575761 106.720313837 1504013615.72
9.41508696388 8.42616491991 106.957848816 1504013616.29
9.40910276158 8.44599228785 107.05462009 1504013616.5
9.40068006128 8.47428721884 107.189598735 1504013616.8
9.3974837364 8.4854326671 107.256129417 1504013616.93
9.38851817283 8.5151844422 107.407536589 1504013617.25
9.38414363386 8.5300945462 107.465341927 1504013617.41
9.37692380686 8.55353069729 107.600023495 1504013617.68
9.36344679196 8.59615684271 107.802046552 1504013618.12
9.36058467915 8.60524815159 107.867328663 1504013618.2
9.35712855494 8.61688074972 107.912021109 1504013618.32
9.35407651458 8.62690331074 107.977372608 1504013618.43
9.34926411965 8.6420055477 108.062706539 1504013618.58
9.34301536646 8.66185964717 108.165563627 1504013618.81
9.32796424491 8.70921560072 108.42438225 1504013619.33
9.32489489932 8.71870479459 108.493048079 1504013619.43
9.31450806531 8.75155735833 108.675321836 1504013619.79
9.30943203774 8.76777178761 108.775649201 1504013619.98
9.30354133039 8.78609996035 108.850443111 1504013620.17
9.30049948356 8.79606635676 108.929678865 1504013620.28
9.296925446 8.80651485183 108.988527911 1504013620.39
9.29172643946 8.82207000857 109.080426355 1504013620.56
9.28464305815 8.84281716056 109.189398725 1504013620.77
9.27059519651 8.88287717605 109.446151889 1504013621.17
9.26671318484 8.89384406941 109.516980713 1504013621.28
9.26358983176 8.90243610129 109.575115204 1504013621.36
9.25970020027 8.91371495371 109.668006264 1504013621.49
9.25496988897 8.92696431247 109.750843945 1504013621.62
9.25222349255 8.93457994759 109.8194521 1504013621.7
9.23567477257 8.9781875492 110.146784408 1504013622.24
9.2264745461 9.00461147595 110.383902389 1504013622.45
9.22252903718 9.01730010369 110.416743052 1504013622.57
9.21861265429 9.02871210437 110.519517916 1504013622.67
9.21399430397 9.04050720415 110.525929801 1504013622.75
9.20890082633 9.05268264212 110.664243299 1504013622.87
9.1902424521 9.10055771456 110.990903607 1504013623.39
9.09285520547 9.06796193627 110.191460425 1504013623.94
9.08890614703 9.07896829875 110.26293225 1504013624.06
9.07911904477 9.10531681729 110.459836533 1504013624.36
9.0751379388 9.11639965617 110.546597446 1504013624.49
9.07081471033 9.12772065313 110.627311267 1504013624.61
9.04370141542 9.19771502067 111.13215999 1504013625.39
9.03904223391 9.2082369744 111.22451277 1504013625.51
9.03708541982 9.2130707456 111.262345509 1504013625.56
9.03385079288 9.22176693658 111.330859584 1504013625.66
9.02541522625 9.24210285187 111.481557957 1504013625.89
9.01529478497 9.26616069488 111.666525911 1504013626.15
9.00588166037 9.28875014803 111.84313929 1504013626.39
9.00092782391 9.30077032669 111.931208439 1504013626.52
8.9978885015 9.30813578002 111.981454356 1504013626.6
8.98364699671 9.34159988088 112.237845186 1504013626.95
8.9704363529 9.37186283115 112.50033473 1504013627.33
8.96755820793 9.37839225924 112.54904344 1504013627.42
8.9563773457 9.40523707767 112.786580534 1504013627.72
8.95111743096 9.4172096409 112.870314787 1504013627.85
8.93991417326 9.44348665855 113.111059033 1504013628.15
8.93337519302 9.45823781828 113.243338723 1504013628.32
8.92416016285 9.47860470444 113.438446355 1504013628.56
8.91382316084 9.50048537196 113.586244096 1504013628.78
8.86887256688 9.60028990529 114.602585088 1504013629.98
8.86052688375 9.61880128869 114.792618653 1504013630.2
8.84345809486 9.65389590803 115.164348448 1504013630.6
8.83908707141 9.66324453257 115.261968702 1504013630.71
8.83321716882 9.67562755916 115.396420844 1504013630.85
8.81940151005 9.70401555931 115.708739196 1504013631.18
8.79865996823 9.74517575661 116.199495895 1504013631.68
8.78977738358 9.76291256523 116.419319809 1504013631.87
8.77160444394 9.7972244012 116.814097368 1504013632.28
8.7704941599 9.80227722778 116.871294366 1504013632.38
8.74196771552 9.85448230455 117.56350155 1504013633.0
8.7348249594 9.86749076451 117.720996351 1504013633.12
8.72920223625 9.87672421121 117.791572949 1504013633.22
8.72018357843 9.89373521147 117.995074531 1504013633.42
8.71088072613 9.91115307728 118.236186267 1504013633.61
8.70286923568 9.92497811903 118.366814604 1504013633.78
8.68272870412 9.95975749502 118.816909887 1504013634.2
8.56126080865 9.92418287464 118.880302568 1504013634.37
8.53157193557 9.91878896996 118.935743143 1504013634.44
8.52327104077 9.93331476059 119.13688115 1504013634.62
8.52057901161 9.9378548924 119.174705777 1504013634.67
8.51461961073 9.94789343486 119.317846422 1504013634.79
8.5130850073 9.95051798716 119.355600037 1504013634.82
8.51217665235 9.95084621661 119.274524289 1504013634.92
8.5114211511 9.95584324629 119.45786509 1504013634.99
8.50918060457 9.96009756682 119.533864594 1504013635.04
8.50312122214 9.96925333653 119.688006728 1504013635.15
8.4876801902 9.99479543173 120.009104616 1504013635.38
8.46747319917 10.0285815446 120.359071594 1504013635.73
8.45677229968 10.0461911432 120.546021169 1504013635.93
8.45019546214 10.0569850959 120.70115763 1504013636.06
8.44345183074 10.0678440837 120.811121563 1504013636.2
8.43129114662 10.0874299806 121.064745278 1504013636.46
8.42697325255 10.093743252 121.150527084 1504013636.54
8.42171168445 10.1022408383 121.260554755 1504013636.64
8.40913369744 10.1227319243 121.531209408 1504013636.92
8.40181436888 10.1340491987 121.65858341 1504013637.08
8.39800620938 10.1400068335 121.735823201 1504013637.15
8.3933108849 10.1475464242 121.820577404 1504013637.24
8.38844388615 10.1550707113 121.911329599 1504013637.33
8.38293981889 10.1640646976 122.007263586 1504013637.44
8.37402929257 10.1774559901 122.214153172 1504013637.61
8.37082614218 10.1823223876 122.261749715 1504013637.67
8.35493988188 10.2076189015 122.567330343 1504013638.0
8.3494711899 10.2156789505 122.710098733 1504013638.1
8.34555327598 10.2217358479 122.76860049 1504013638.17
8.33200297236 10.2407968007 123.003769028 1504013638.4
8.32167320444 10.2558688871 123.197018584 1504013638.59
8.31890588814 10.2601418759 123.238568951 1504013638.64
8.30351822509 10.2835869261 123.51366786 1504013638.93
8.29793921054 10.2920664926 123.644755465 1504013639.05
8.28849759 10.3055703272 123.784573358 1504013639.23
8.27133631887 10.3306659046 124.113356263 1504013639.55
8.26603805986 10.3386912513 124.214696171 1504013639.65
8.25860740351 10.3494731178 124.345794127 1504013639.79
8.25346024005 10.3570406926 124.439913615 1504013639.88
8.23760666516 10.3802527002 124.710122011 1504013640.17
8.22972219002 10.3918569695 124.846986334 1504013640.31
8.2236906507 10.4004464318 124.951837684 1504013640.42
8.219053906 10.406863902 125.028798594 1504013640.5
8.16830394577 10.4774018929 125.894021709 1504013641.43
8.14516012013 10.5088877144 126.271226878 1504013641.85
8.13539687994 10.5225737324 126.451279604 1504013642.01
8.12854499542 10.5313871555 126.551471964 1504013642.13
8.1234051972 10.5388246206 126.660694987 1504013642.23
8.10865989429 10.5585172734 126.90347245 1504013642.49
8.1035251134 10.5653645115 126.989181609 1504013642.59
8.09877909116 10.5716042421 127.072485098 1504013642.67
8.08289109072 10.5929545208 127.339367174 1504013642.95
8.07934631971 10.5974749873 127.39220003 1504013643.01
8.04367248416 10.6442407163 127.973763517 1504013643.61
8.03088080042 10.6605386794 128.155757536 1504013643.81
8.01203089474 10.6846217617 128.456413453 1504013644.13
7.98937042124 10.7127981495 128.798371024 1504013644.5
7.98063935553 10.7237249098 128.926204371 1504013644.64
7.97881681409 10.7259453894 128.951280944 1504013644.68
7.8052794763 10.6344529989 126.834237228 1504013645.1
7.79419780938 10.649290947 127.00052949 1504013645.29
7.7832322036 10.663970167 127.179269727 1504013645.48
7.77618787492 10.6734673809 127.266828764 1504013645.6
7.76359051951 10.6900805089 127.461347778 1504013645.83
7.74476221045 10.7143534608 127.71318931 1504013646.14
7.74071665047 10.7195444367 127.774400009 1504013646.21
7.73835401157 10.7225990486 127.816423679 1504013646.25
7.73371893662 10.7285391002 127.881302731 1504013646.32
7.72647729596 10.737882116 127.984951992 1504013646.44
7.71612832331 10.7510972118 128.124262356 1504013646.61
7.71486019634 10.7526808679 128.137754863 1504013646.63
7.71486019634 10.7526808679 128.137754863 1504013646.63
7.68015815959 10.7965439944 128.616508799 1504013647.23
7.67303915482 10.805359362 128.6975019 1504013647.34
7.63115827706 10.8567257034 129.235620047 1504013648.01
7.62167959843 10.8680453651 129.343520042 1504013648.17
7.59710793765 10.8970350335 129.635727795 1504013648.55
7.56992580859 10.9300355439 129.955342508 1504013649.0
7.56245596059 10.9390532289 130.026879835 1504013649.12
7.55704839847 10.9455304988 130.092538181 1504013649.22
7.53455375067 10.9728489891 130.347162671 1504013649.58
7.52443807921 10.9845465672 130.464169582 1504013649.75
7.5161715457 10.9947130086 130.549190212 1504013649.88
7.51007670843 11.0019414786 130.620058713 1504013649.98
7.50577542441 11.0072820809 130.64896843 1504013650.05
7.49508753641 11.0193550068 130.775282782 1504013650.21
7.46710590124 11.052095408 131.050086068 1504013650.65
7.44486542588 11.0776111477 131.312302425 1504013651.01
7.43156959396 11.0927049026 131.436747018 1504013651.22
7.42601135319 11.0989990494 131.50627707 1504013651.31
7.41545606477 11.1114374425 131.589668437 1504013651.46
7.41162445598 11.1161171653 131.616752062 1504013651.52
7.36318372017 11.1703001317 132.127085314 1504013652.28
7.35129703131 11.1836717614 132.213269565 1504013652.45
7.33161990824 11.2055260887 132.414919363 1504013652.75
7.30616364958 11.2334796317 132.686034165 1504013653.14
7.27537867287 11.2667262274 132.962767007 1504013653.57
7.22844924644 11.3178009961 133.399719722 1504013654.28
7.21094184709 11.3358890443 133.567576869 1504013654.53
7.20264166825 11.344620169 133.650971564 1504013654.65
7.1970683985 11.3503536648 133.696438332 1504013654.72
7.17546021277 11.3726948516 133.897411264 1504013655.03
6.97614791977 11.2670121943 134.847243203 1504013655.34
6.96052838344 11.2827301234 135.015052876 1504013655.56
6.95601400446 11.2871160194 135.045350425 1504013655.62
6.94476534355 11.2982446212 135.144781181 1504013655.77
6.9368787235 11.3060327728 135.219879292 1504013655.87
6.9368787235 11.3060327728 135.219879292 1504013655.87
6.93256513508 11.3102718426 135.255470378 1504013655.93
6.92411405181 11.3186985611 135.324125953 1504013656.04
6.91561210502 11.3268727804 135.405726183 1504013656.15
6.90992407722 11.3325508579 135.462044568 1504013656.23
6.90332144254 11.3391962375 135.501331226 1504013656.33
6.89309662907 11.3492900445 135.612688181 1504013656.49
6.88704851604 11.3551200454 135.657138266 1504013656.58
6.88217774797 11.3600862504 135.686148676 1504013656.65
6.87693248171 11.3652206564 135.744338231 1504013656.73
6.86327025651 11.3787678793 135.861709019 1504013656.93
6.78786907624 11.454084756 136.517671134 1504013658.02
6.7826606692 11.4592729853 136.566193001 1504013658.09
6.77414951047 11.4667431187 136.635598915 1504013658.19
6.71635750555 11.5194728186 137.058733789 1504013658.97
6.70598599722 11.529134164 137.196640942 1504013659.13
6.69712162635 11.5366023255 137.219062676 1504013659.25
6.69114787072 11.5423855665 137.230512877 1504013659.34
6.68246770306 11.5504808405 137.344925235 1504013659.46
6.65437416911 11.5758644161 137.598289556 1504013659.86
6.64093652261 11.5882917177 137.721474146 1504013660.05
6.60771749167 11.6186335106 137.969528518 1504013660.51
6.58386923866 11.6394264057 138.151238468 1504013660.82
6.56357446553 11.6576980281 138.334272303 1504013661.09
6.55504143089 11.665437853 138.399683539 1504013661.21
6.54167584999 11.6772529003 138.497045267 1504013661.39
6.52671281731 11.6905877908 138.589364462 1504013661.6
6.5029381404 11.7118100949 138.80207625 1504013661.93
6.47172409278 11.7394483966 139.018322797 1504013662.34
6.46681067714 11.7438025842 139.072067991 1504013662.41
6.45260749326 11.7563409633 139.175488073 1504013662.61
6.37936263513 11.8182671971 139.809042349 1504013663.58
6.34767685221 11.8438493798 140.072177543 1504013663.99
6.32410310844 11.8624445871 140.286057558 1504013664.29
6.29195578196 11.8887791286 140.56602733 1504013664.7
6.28082804674 11.8971241118 140.71727218 1504013664.85
6.26754817099 11.9078580495 140.844457729 1504013665.04
6.2547449263 11.9176922205 140.945122983 1504013665.2
6.24928949205 11.9223039825 140.997878212 1504013665.27
6.22333999178 11.9435169995 141.226790648 1504013665.59
6.0930127001 11.8462396073 140.215909628 1504013665.74
6.08538450534 11.8525893538 140.287554075 1504013665.83
6.06123834945 11.8720743868 140.507822282 1504013666.15
6.05456713601 11.876806825 140.623268105 1504013666.25
6.03771591415 11.8903247065 140.759385047 1504013666.49
6.01603468275 11.9071981265 140.959782041 1504013666.78
5.99752990221 11.9210701104 141.140288275 1504013667.02
5.96845003646 11.9439151549 141.45060205 1504013667.41
5.95556395674 11.9533190575 141.568393277 1504013667.56
5.94539802124 11.9614692336 141.648099177 1504013667.69
5.9240135918 11.9773808461 141.888197542 1504013667.95
5.91300008709 11.985395806 142.000232093 1504013668.1
5.90477759189 11.9915835196 142.058803069 1504013668.2
5.88970635526 12.0030116912 142.263797018 1504013668.4
5.86803139836 12.0192063054 142.495863302 1504013668.7
5.85944350835 12.0250961922 142.534564751 1504013668.81
5.85098389725 12.031255574 142.644999972 1504013668.92
5.84331220664 12.0367734293 142.719630814 1504013669.01
5.82718319171 12.0489782952 142.898234368 1504013669.21
5.81606799451 12.0567290862 143.004322093 1504013669.35
5.80690450587 12.0633195184 143.09088314 1504013669.47
5.79032474752 12.0753991867 143.310689449 1504013669.69
5.76940981898 12.0906243314 143.54429073 1504013669.97
5.76483335611 12.0940547179 143.608613162 1504013670.03
5.75260726263 12.1029862266 143.742435023 1504013670.19
5.74334589466 12.1099851057 143.856283323 1504013670.32
5.72455912095 12.123734116 144.067622845 1504013670.56
5.70554056737 12.1372292714 144.335027135 1504013670.81
5.70093813443 12.1403325331 144.37497915 1504013670.87
5.70093813443 12.1403325331 144.37497915 1504013670.87
5.69830452903 12.1424041195 144.417100683 1504013670.9
5.69215496984 12.147542595 144.472721817 1504013670.99
5.62330821142 12.1954758495 145.400884494 1504013671.89
5.59864792727 12.2125766118 145.717856347 1504013672.2
5.59380697194 12.2155909285 145.809204625 1504013672.28
5.58622414135 12.2206255564 145.901601797 1504013672.37
5.57530504438 12.2281793939 146.047738787 1504013672.51
5.55957039917 12.2390423418 146.321346679 1504013672.71
5.53106840131 12.2575797162 146.73994493 1504013673.08
5.5203984514 12.2647685117 146.876712625 1504013673.21
5.47809004695 12.2922800096 147.550568137 1504013673.76
5.47181829586 12.296269984 147.656271626 1504013673.84
5.4614359566 12.3032859846 147.823295518 1504013673.98
5.44850589501 12.3106626015 148.022356572 1504013674.15
5.43119304437 12.3208243892 148.327438982 1504013674.36
5.38359564512 12.3495255988 149.103602415 1504013674.94
5.37417415021 12.3552379986 149.272267133 1504013675.07
5.32695850215 12.3821769331 150.086225047 1504013675.63
5.31122049325 12.3908563072 150.350640484 1504013675.81
5.29475204266 12.3998707915 150.611927363 1504013676.02
5.29034574294 12.4022637117 150.69299031 1504013676.08
5.28410494385 12.405721307 150.804434718 1504013676.16
5.27802129037 12.4093439794 150.936245442 1504013676.25
5.25517381423 12.421647419 151.322394972 1504013676.55
5.07833370088 12.1504089999 153.469617001 1504013676.67
5.06642256984 12.1561861012 153.689176971 1504013676.81
5.05312000544 12.1631892289 153.902768564 1504013676.97
5.04883594647 12.1650743841 153.99305578 1504013677.02
5.01156624029 12.182208024 154.614216482 1504013677.47
4.99834529138 12.1884491885 154.85493036 1504013677.62
4.97605387503 12.1986541974 155.226179848 1504013677.88
4.9705474703 12.2010952878 155.317769053 1504013677.95
4.95778355552 12.2069570935 155.557365725 1504013678.11
4.95019823793 12.2104016626 155.685166524 1504013678.2
4.94463900846 12.2130101714 155.781742044 1504013678.27
4.93957190838 12.2153938813 155.884849838 1504013678.34
4.93084344486 12.2192240854 156.030425565 1504013678.45
4.92299622001 12.2228448516 156.151522821 1504013678.55
4.87304508247 12.2443946179 157.022266588 1504013679.15
4.85924769389 12.2500956721 157.251087769 1504013679.32
4.83892189918 12.2583967873 157.62655757 1504013679.57
4.83002826058 12.2620318761 157.780934061 1504013679.68
4.82033161799 12.2660337883 157.946990017 1504013679.79
4.80633024354 12.2716733243 158.188665945 1504013679.97
4.71436943452 12.3067727034 159.842136725 1504013681.07
4.70403596665 12.3105106272 160.027713776 1504013681.19
4.69696760547 12.3132346591 160.156890769 1504013681.27
4.68923151483 12.3159916117 160.297223408 1504013681.36
4.67248078761 12.321687214 160.598606606 1504013681.56
4.65898671398 12.3263583582 160.840802695 1504013681.72
4.65439691926 12.3279716427 160.921779161 1504013681.77
4.64814907615 12.3301296244 161.029817985 1504013681.84
4.62554030001 12.3378283638 161.467925057 1504013682.09
4.60844509979 12.3436293 161.770874577 1504013682.29
4.59722370931 12.3471495663 161.97355024 1504013682.42
4.57181385118 12.3548970363 162.432393235 1504013682.71
4.52053250339 12.3711195082 163.400797737 1504013683.31
4.48490758976 12.3818163988 164.043410991 1504013683.73
4.47955694809 12.3833657927 164.144191072 1504013683.79
4.45938343902 12.3892044526 164.518375844 1504013684.04
4.45098561732 12.3915005372 164.669837754 1504013684.15
4.43357955651 12.3962426107 164.993736 1504013684.36
4.42729643919 12.3978456483 165.105382495 1504013684.43
4.42729643919 12.3978456483 165.105382495 1504013684.43
4.37804310451 12.4100129792 166.00783102 1504013685.01
4.36193208363 12.4137634885 166.298593944 1504013685.2
4.33987258854 12.4192294487 166.71729102 1504013685.47
4.29445746222 12.4317122892 167.50529993 1504013686.02
4.28114813535 12.4340501123 167.843853822 1504013686.18
4.23472552069 12.4445918408 168.637427087 1504013686.72
4.21935398612 12.4474739774 168.918752779 1504013686.89
4.19110532898 12.4518619225 169.429077497 1504013687.21
4.17808431682 12.4545235752 169.64454106 1504013687.37
4.16870955122 12.4561574183 169.792189214 1504013687.47
4.05569576188 12.1845670476 170.678026023 1504013687.87
4.02858658756 12.1948199364 170.818869353 1504013688.15
4.013214984 12.2018807618 171.349320417 1504013688.4
4.0043949292 12.2029700228 171.505148518 1504013688.5
3.99029248285 12.2045723063 171.744071385 1504013688.66
3.96937105832 12.2040957539 172.119385996 1504013688.85
3.95500633308 12.2042151499 172.355208128 1504013688.99
3.94388930984 12.204753172 172.546219855 1504013689.14
3.93729724463 12.2056150525 172.63965988 1504013689.21
3.90093941967 12.2080054191 173.239572174 1504013689.62
3.8823721647 12.2095749023 173.521003616 1504013689.83
3.87035583425 12.2105469986 173.721725843 1504013689.96
3.86025580046 12.2114922347 173.881111647 1504013690.07
3.84753566718 12.2127271744 174.068982129 1504013690.21
3.83457419668 12.2138264235 174.285132437 1504013690.35
3.82784269068 12.21438497 174.36948485 1504013690.42
3.82401445532 12.214743422 174.420719449 1504013690.46
3.81289825418 12.2156760009 174.589700328 1504013690.58
3.79934204907 12.2179045457 174.851998092 1504013690.77
3.783838035 12.2183129781 175.04854593 1504013690.93
3.7733920051 12.2195721643 175.191217677 1504013691.03
3.75701762109 12.2211310547 175.408142574 1504013691.2
3.7083389808 12.2292324881 176.054459554 1504013691.74
3.69988995884 12.2299370399 176.125690461 1504013691.82
3.68951528356 12.2308548364 176.195032061 1504013691.92
3.68152863991 12.2312779781 176.324501245 1504013691.99
3.66770545226 12.2315358527 176.493383938 1504013692.12
3.64747535825 12.2317349331 176.705433458 1504013692.31
3.62663392294 12.2318254325 176.879053134 1504013692.51
3.61757593854 12.2322090247 176.965297527 1504013692.6
3.6069568818 12.232029339 177.108520279 1504013692.73
3.59875793477 12.2322314459 177.149647845 1504013692.81
3.58557271876 12.232588012 177.267996482 1504013692.95
3.5719138644 12.2326984529 177.401006622 1504013693.1
3.52623908447 12.2339466538 177.748543072 1504013693.57
3.51627397833 12.2342588451 177.834655989 1504013693.67
3.50401895436 12.234709912 177.882527734 1504013693.79
3.4951501344 12.242992241 177.778479414 1504013693.89
3.48362735089 12.244799451 177.951965533 1504013694.03
3.4777203998 12.2440976142 178.038683635 1504013694.08
3.46223589264 12.2447033082 178.088333573 1504013694.26
3.45551318503 12.2453879313 178.048941043 1504013694.34
3.42093230241 12.2496814886 178.233417124 1504013694.72
3.33803824487 12.2426554545 178.639518314 1504013695.34
3.31697497155 12.2389283412 178.399613333 1504013695.72
3.30698864892 12.240385286 178.605613898 1504013695.94
3.30400077422 12.241810722 178.52260116 1504013696.01
3.30400077422 12.241810722 178.52260116 1504013696.01
3.30258271979 12.2419599623 178.564892491 1504013696.14
3.30139273676 12.2425491647 178.559800949 1504013696.31
3.30112130642 12.2422515587 178.552175699 1504013696.4
3.30029142192 12.2421844822 178.586126734 1504013697.17
3.29991340414 12.2416445989 178.570016142 1504013697.39
3.30011591871 12.2417197072 178.579571127 1504013697.44
3.30019372982 12.241783076 178.582557169 1504013697.54
3.30028220742 12.2418467242 178.582557169 1504013697.63
3.30036765687 12.2418472159 178.586813856 1504013697.74
3.30017615088 12.2417461123 178.573136749 1504013697.88
3.29985160142 12.2415004924 178.575932465 1504013698.31
3.29870374782 12.2400376125 178.596198434 1504013700.0
3.29910028905 12.240639904 178.582557169 1504013700.97
3.29930617003 12.2409335264 178.594016325 1504013701.11
3.29929855967 12.2409410497 178.594016325 1504013701.21
3.29946415815 12.2410079845 178.595847597 1504013701.33
3.29947207558 12.2411165739 178.592556597 1504013701.42
3.29939798266 12.2410416234 178.588286747 1504013701.56
3.29934012153 12.241025383 178.58496625 1504013701.76
3.29942005895 12.2410639552 178.593059865 1504013701.93
3.29940331281 12.2412352134 178.594385534 1504013702.01
3.29935499785 12.2411567344 178.591591465 1504013702.04
3.29940068816 12.241237808 178.59423601 1504013702.91
3.29929855967 12.2409410497 178.582557169 1504013703.03
3.29943535872 12.2410794321 178.596170244 1504013703.13
3.29929798431 12.2410410481 178.588286747 1504013703.37
3.2993974073 12.2411416218 178.588286747 1504013703.68
3.29951845682 12.2413202459 178.595281144 1504013704.1
3.29949050479 12.2412484486 178.599385546 1504013704.35
3.29945390021 12.2410981882 178.581661242 1504013704.61
3.29959160051 12.2413427424 178.585555252 1504013704.86
3.29962652416 12.2413733904 178.590031207 1504013705.21
3.29949574957 12.2414300254 178.593319207 1504013705.62
3.29949683029 12.2412421955 178.582557169 1504013705.71
3.29959625327 12.2413427692 178.588286747 1504013706.08
3.29958425538 12.2413366837 178.593326902 1504013707.05
3.29950667614 12.2414313214 178.594016325 1504013707.11
3.29949683029 12.2412421955 178.588286747 1504013707.22
3.29959436269 12.2415412646 178.588243862 1504013707.41
3.29939625658 12.2413416185 178.588286747 1504013707.56
3.29930491178 12.2412410912 178.582557169 1504013707.83
3.29949597191 12.2413913821 178.594016325 1504013707.98
3.29940193465 12.2411554689 178.583085086 1504013708.07
3.29959517193 12.2415307087 178.587941329 1504013708.61
3.29941016236 12.2413627394 178.582959015 1504013708.97
3.29939625658 12.2413416185 178.582557169 1504013709.02
3.29956228539 12.241475778 178.592113989 1504013709.17
3.29954623183 12.2414176878 178.591175052 1504013709.43
3.29949512985 12.2415377351 178.588286747 1504013709.51
3.29946464316 12.2414765952 178.586519863 1504013710.01
3.29942574159 12.2414720251 178.588286747 1504013710.46
3.29950408873 12.2416327384 178.588831363 1504013711.3
3.299598016 12.2417387449 178.588518278 1504013712.21
3.29949567957 12.2414421922 178.585170555 1504013713.56
3.29929625824 12.2413410431 178.582557169 1504013713.88
3.29929625824 12.2413410431 178.582557169 1504013714.09
3.29939568122 12.2414416168 178.584900543 1504013714.46
3.29952159105 12.2416154363 178.589828452 1504013714.59
3.29939573058 12.241433038 178.582557169 1504013714.72
3.29933987307 12.2413851627 178.585070618 1504013714.81
3.29933669205 12.2414647118 178.584914586 1504013714.95
3.29936908674 12.2415899855 178.592541509 1504013715.23
3.29942596075 12.2414722468 178.588286747 1504013715.55
3.29922155045 12.2413406133 178.581108103 1504013716.22
3.29932090274 12.2414036882 178.589719401 1504013716.33
3.29939510807 12.2415412324 178.588308678 1504013716.41
3.29929625824 12.2413410431 178.582557169 1504013716.57
3.29939559941 12.241455836 178.588286747 1504013716.76
3.29939568122 12.2414416168 178.582557169 1504013717.1
3.29949452885 12.2416421889 178.588586556 1504013717.31
3.29929625824 12.2413410431 178.582557169 1504013717.48
3.29943312394 12.2414794929 178.590444507 1504013717.53
3.2992968336 12.2412410448 178.582557169 1504013718.58
3.2995859064 12.2415334633 178.593486366 1504013719.05
3.29939568122 12.2414416168 178.588286747 1504013719.19
3.29939625658 12.2413416185 178.587957803 1504013719.59
3.29947752987 12.2414238324 178.592970389 1504013719.64
3.29939274575 12.2415343966 178.588149145 1504013719.71
3.29949510421 12.2415421905 178.588602528 1504013720.31
3.29939568122 12.2414416168 178.588286747 1504013720.37
3.29941644008 12.2415417379 178.594016325 1504013720.9
3.29920753062 12.2412405309 178.582557169 1504013721.03
3.29929653607 12.241440198 178.594016325 1504013721.21
3.29929653607 12.241440198 178.594016325 1504013721.21
3.29939512642 12.2415380426 178.588491445 1504013721.51
3.29933809698 12.2414690089 178.584996498 1504013721.84
3.29929625824 12.2413410431 178.582557169 1504013721.94
3.29937058084 12.2414162259 178.586840255 1504013722.01
3.29919625989 12.2413404677 178.582557169 1504013722.26
3.29934263248 12.2413879541 178.587902107 1504013722.62
3.29938267386 12.241441542 178.583302449 1504013722.88
3.299266843 12.2413408739 178.582557169 1504013723.77
3.29939538085 12.2414938227 178.591025096 1504013723.88
3.29936710814 12.2415577409 178.586687938 1504013724.23
3.29919683525 12.2412404694 178.582557169 1504013724.61
3.29919683525 12.2412404694 178.583640787 1504013724.88
3.2993702214 12.2413673558 178.592533128 1504013725.07
3.29929625824 12.2413410431 178.588286747 1504013725.25
3.2992590911 12.2412408276 178.584719691 1504013725.49
3.29919683525 12.2412404694 178.588286747 1504013725.56
3.29933804318 12.2414563896 178.590718833 1504013725.68
3.29911647839 12.2411785828 178.583109741 1504013725.76
3.29909741226 12.2411398957 178.582557169 1504013725.87
3.29899888366 12.2411400658 178.582641624 1504013727.09
3.29909741226 12.2411398957 178.588286747 1504013727.28
3.29919741061 12.2411404711 178.588286747 1504013727.62
3.29909944738 12.2410443621 178.582727386 1504013728.17
3.29919738692 12.2411445883 178.5884047 1504013728.77
3.2991969509 12.2412203694 178.588286747 1504013728.88
3.29937010535 12.2413674705 178.594016325 1504013728.97
3.29910780942 12.2410598268 178.583126478 1504013729.07
3.29909798762 12.2410398974 178.588286747 1504013729.18
3.29899798928 12.241039322 178.582557169 1504013729.48
3.29909798762 12.2410398974 178.588286747 1504013729.78
3.29909741226 12.2411398957 178.588286747 1504013730.02
3.29927716943 12.2412604839 178.594016325 1504013730.16
3.2991151898 12.2411990578 178.595054389 1504013730.42
3.29915155064 12.2411172103 178.595793092 1504013730.74
3.29903149488 12.2410395148 178.586366986 1504013730.95
3.2989803808 12.2414160661 178.593131646 1504013731.41
3.29879741723 12.2411381696 178.587867091 1504013731.52
3.29895013053 12.2412156278 178.597061965 1504013731.64
3.29890183804 12.2409521629 178.588478624 1504013731.77
3.29889856629 12.2409387483 178.582557169 1504013731.89
3.29909722175 12.2411730068 178.594016325 1504013731.97
3.29883393028 12.2412122584 178.584673602 1504013732.66
3.29879741723 12.2411381696 178.583792143 1504013732.78
3.29899632313 12.2413289018 178.594613082 1504013732.9
3.29904494585 12.241063139 178.589635858 1504013733.4
3.29909688304 12.2412318757 178.593786612 1504013733.51
3.29909798762 12.2410398974 178.588286747 1504013733.62
3.2992372692 12.2412999276 178.594016325 1504013733.79
3.29903672611 12.2409395432 178.58610022 1504013733.91
3.29889856629 12.2409387483 178.582557169 1504013734.19
3.29899798928 12.241039322 178.588286747 1504013734.49
3.29909798762 12.2410398974 178.588286747 1504013734.83
3.29909798762 12.2410398974 178.588286747 1504013734.86
3.29913163622 12.2410739354 178.595955437 1504013735.23
3.29899492333 12.2410331009 178.588109034 1504013735.34
3.29889914165 12.2408387499 178.582557169 1504013735.43
3.29903815118 12.2409793684 178.594573494 1504013735.53
3.29899817174 12.2410076094 178.590243023 1504013735.65
3.29909911963 12.2411399055 178.594016325 1504013735.91
3.29815351598 12.239388394 178.60811349 1504013736.5
3.29834739166 12.2395944548 178.609517698 1504013736.76
3.29820548217 12.2397347407 178.605475481 1504013736.87
3.29850774119 12.2400285951 178.600197936 1504013737.11
3.29850375113 12.2400364618 178.599745903 1504013737.21
3.29791073563 12.2388208155 178.605475481 1504013737.52
3.29793387811 12.239133168 178.599745903 1504013737.85
3.29817403303 12.2393006061 178.614017155 1504013737.94
3.29800663619 12.2395335932 178.605475481 1504013738.06
3.29815787853 12.2395344634 178.596809791 1504013738.17
3.29801550246 12.2393259693 178.611644606 1504013739.18
3.29817608371 12.2399345748 178.612823562 1504013739.64
3.29840432814 12.2399358881 178.594016325 1504013739.79
3.29820912714 12.2400511633 178.594329474 1504013740.17
3.29843901077 12.2403732935 178.596147654 1504013740.45
3.29850202506 12.2403364568 178.592791035 1504013740.54
3.29873208582 12.2406061761 178.595827376 1504013740.69
3.29860087269 12.2405370288 178.594016325 1504013740.78
3.29801024671 12.2389060792 178.605475481 1504013741.03
3.29800633626 12.2388335799 178.605475481 1504013741.19
3.29818410916 12.2389215786 178.621917902 1504013741.31
3.29779534999 12.2390109414 178.618981092 1504013741.44
3.29819359045 12.239234664 178.595285606 1504013741.79
3.29840980391 12.2389841882 178.621280969 1504013741.91
3.29831065873 12.2388353309 178.616934637 1504013742.03
3.29799322606 12.2388552965 178.610213124 1504013742.73
3.29791428112 12.2391277438 178.6057798 1504013742.81
3.29821397589 12.2392375979 178.594500465 1504013742.99
3.29811044394 12.2388720874 178.613422842 1504013743.34
3.2977863037 12.238532309 178.605475481 1504013743.58
3.29787625948 12.2388224754 178.617527991 1504013743.68
3.29772655651 12.2389210379 178.611831515 1504013743.71
3.29771009331 12.2389318771 178.6096052 1504013743.73
3.29820605753 12.2396347423 178.605475481 1504013744.36
3.29806924146 12.2386885849 178.611382502 1504013744.58
3.29781181772 12.2386324574 178.605492672 1504013744.79
3.29791296679 12.2384330361 178.611205059 1504013744.85
3.2978600528 12.2384327316 178.611205059 1504013744.94
3.29791125356 12.2385330279 178.622729411 1504013745.05
3.29821296182 12.2384347622 178.611205059 1504013745.31
3.29859582188 12.2385286635 178.621237034 1504013745.45
3.29770875459 12.2386318644 178.618961565 1504013745.95
3.29779198255 12.2383323383 178.60671087 1504013747.18
3.29781346306 12.2387324685 178.605348243 1504013747.43
3.29811066204 12.2388341802 178.616934637 1504013747.59
3.29851092013 12.2387904755 178.619570637 1504013747.88
3.29861960096 12.238673107 178.618997357 1504013748.22
3.29791858114 12.238664091 178.61475955 1504013748.37
3.29798938803 12.2385103418 178.615609086 1504013748.52
3.2980231157 12.2387336748 178.604794988 1504013748.94
3.29825849948 12.2390357045 178.611166651 1504013749.08
3.29814671778 12.2391962553 178.607660648 1504013750.0
3.29791181607 12.2386330328 178.605475481 1504013750.63
3.29800611987 12.2386335754 178.605475481 1504013750.73
3.29790894425 12.2391321603 178.611155543 1504013750.97
3.29850282927 12.2392419365 178.610995234 1504013751.15
3.29869733623 12.2400375756 178.600480629 1504013751.63
3.29873462054 12.2392260049 178.610929451 1504013751.74
3.29811181276 12.2386341835 178.605475481 1504013751.83
3.29811158139 12.2386743952 178.607779478 1504013751.97
3.29825484992 12.2389384878 178.613771087 1504013752.08
3.29847576242 12.2400363007 178.589890409 1504013753.39
3.29830962249 12.2390154328 178.604335572 1504013754.34
3.29840547886 12.2397358914 178.599745903 1504013754.84
3.29809813065 12.2386740159 178.610819667 1504013755.38
3.29810176305 12.2390341323 178.600189854 1504013755.82
3.29781411916 12.238232464 178.604473231 1504013756.06
3.29777855237 12.2385659126 178.615060799 1504013756.35
3.29773761761 12.2383562378 178.606862719 1504013756.9
3.29807349673 12.2383990421 178.61266121 1504013757.13
3.29791181607 12.2386330328 178.60749326 1504013757.23
3.29800406342 12.2386335635 178.605919588 1504013757.32
3.29827035998 12.238835099 178.61240244 1504013757.42
3.29798799362 12.2391334794 178.612405082 1504013757.61
3.29871174654 12.238647418 178.622664215 1504013758.65
3.29828502185 12.238349489 178.602206237 1504013759.0
3.2984608879 12.2393896203 178.602806405 1504013759.75
3.298534339 12.2395796404 178.594817292 1504013759.88
3.29840457444 12.2398323962 178.594096345 1504013760.09
3.29783987915 12.2388161505 178.617659225 1504013760.25
3.29797598288 12.2382874554 178.608572842 1504013760.77
3.29791301409 12.2384248151 178.613428943 1504013761.33
3.29823598832 12.2389595548 178.60265063 1504013762.26
3.29820564852 12.2389317592 178.616679461 1504013762.85
3.29800893763 12.2391335999 178.605475481 1504013762.92
3.29810549769 12.2391341554 178.599942905 1504013763.03
3.29821110486 12.2387575049 178.603279872 1504013763.12
3.2980439721 12.2384210792 178.612977467 1504013763.35
3.29771281435 12.2387287844 178.62230841 1504013763.57
3.29778377548 12.2383618901 178.607171351 1504013763.97
3.29772888128 12.2381892303 178.608756088 1504013764.07
3.29792328122 12.2382239805 178.621098073 1504013764.6
3.29769541632 12.2384317844 178.617940411 1504013764.82
3.29791407632 12.2382401975 178.609158489 1504013764.93
3.2976323686 12.2383718933 178.61243222 1504013765.1
3.29773783973 12.2382839894 178.606851628 1504013765.2
3.29781616044 12.2378776841 178.602884902 1504013766.42
3.29791526822 12.2380330427 178.599745903 1504013766.89
3.29761658098 12.2378040191 178.603392817 1504013767.63
3.29750745689 12.2380000273 178.615635515 1504013767.79
3.29761370687 12.238081946 178.599818955 1504013768.04
3.29798699365 12.238306759 178.614894839 1504013768.18
3.29746797905 12.2381008081 178.609505541 1504013768.32
3.29761469782 12.238131315 178.599745903 1504013768.44
3.29761572969 12.2379519753 178.599745903 1504013768.78
3.29758131056 12.2377311163 178.60158827 1504013768.89
3.29803335586 12.2384542382 178.610861978 1504013769.37
3.29782483788 12.2387123145 178.609660433 1504013769.57
3.29773203064 12.2381732048 178.609191469 1504013769.9
3.29781469451 12.2381324657 178.599745903 1504013769.97
3.29758771302 12.2378456664 178.606306926 1504013770.12
3.29784771551 12.2378386608 178.597606481 1504013770.31
3.2977549179 12.2375505503 178.600802331 1504013770.4
3.29761757461 12.2376313233 178.599745903 1504013770.51
3.29798056409 12.2378979336 178.618967638 1504013770.63
3.29741585185 12.2379301676 178.594847292 1504013771.0
3.29733788843 12.2381738631 178.606661505 1504013771.1
3.29744384409 12.2379542855 178.605236326 1504013771.42
3.29777216461 12.2380750794 178.620208554 1504013771.56
3.29783780024 12.2383153735 178.603501276 1504013771.75
3.29771440733 12.2381820912 178.619810982 1504013771.95
3.29800413159 12.2381370689 178.606079354 1504013772.02
3.2980146912 12.2381336164 178.599926654 1504013772.09
3.29765814823 12.2380838387 178.611726334 1504013772.3
3.29795390589 12.2382134306 178.615774752 1504013772.77
3.29791003326 12.2382330159 178.594016325 1504013772.87
3.29809865566 12.2385202938 178.615879467 1504013772.99
3.29806430771 12.2381506643 178.60835667 1504013773.22
3.29796174682 12.2382174669 178.594924252 1504013773.34
3.29780393465 12.2381547463 178.603586232 1504013773.69
3.29788432362 12.2382526553 178.596850607 1504013773.83
3.29779767337 12.2376043352 178.598140258 1504013773.99
3.29766382387 12.2374861736 178.594016325 1504013774.04
3.29772738663 12.2376050607 178.608123241 1504013774.15
3.29773408357 12.2377928508 178.615935606 1504013774.39
3.29727576604 12.2377411153 178.615922933 1504013774.95
3.29742183535 12.2377618609 178.60700222 1504013775.01
3.297419304 12.2373301775 178.597243255 1504013775.3
3.29702524159 12.2378148195 178.627393117 1504013775.57
3.2972551016 12.2377498348 178.610195519 1504013775.62
3.29731585351 12.2379295922 178.594016325 1504013775.97
3.29722796585 12.2375290799 178.600307941 1504013776.1
3.29731757958 12.2376295972 178.594419402 1504013776.28
3.29731930565 12.2373296022 178.599745903 1504013776.45
3.29775683117 12.2378727719 178.612400131 1504013777.18
3.2972433758 12.2380865381 178.620221138 1504013777.36
3.29761737052 12.2376667958 178.604120506 1504013777.54
3.29757592307 12.2377310853 178.590640278 1504013778.29
3.2978148473 12.2381059119 178.616934637 1504013778.43
3.29720299944 12.2379976351 178.615140767 1504013778.54
3.29751585019 12.2379307429 178.594016325 1504013778.68
3.29759235139 12.2377055663 178.60263411 1504013778.73
3.29735799118 12.2374902184 178.597476474 1504013778.84
3.29759798021 12.2374518343 178.596379981 1504013779.82
3.29757220282 12.2375767464 178.587792291 1504013780.64
3.29722595845 12.2381123412 178.621705265 1504013780.97
3.2977169976 12.237731897 178.604415536 1504013781.64
3.29751028518 12.2377307076 178.594016325 1504013781.76
3.29750201335 12.237787554 178.600535786 1504013781.95
3.29771528607 12.2380293646 178.616934637 1504013782.05
3.29718030247 12.2380312598 178.617074769 1504013782.15
3.29739597179 12.2374817392 178.601226812 1504013782.39
3.29744711329 12.2375162602 178.60959157 1504013782.55
3.29743447971 12.2377945777 178.625326046 1504013782.76
3.29767475532 12.2377527152 178.603062079 1504013782.9
3.29751585019 12.2379307429 178.594016325 1504013783.18
3.29751623188 12.2378644052 178.596550283 1504013783.2
3.29741094983 12.2374378657 178.594459476 1504013783.36
3.29741872864 12.2374301759 178.599067374 1504013783.42
3.29760372093 12.2376173092 178.621067486 1504013783.48
3.29761688099 12.2377518768 178.619210554 1504013783.53
3.29777772463 12.2377712943 178.604220394 1504013784.85
3.29781699594 12.2377324723 178.599745903 1504013784.92
3.29792318688 12.2377424534 178.605833385 1504013785.11
3.29772993643 12.2381254623 178.600243657 1504013785.35
3.29771469617 12.2381318903 178.599745903 1504013785.38
3.29777596805 12.2382322445 178.604570341 1504013785.5
3.29755980133 12.2378175927 178.613685931 1504013786.28
3.29739730768 12.2380027708 178.590888974 1504013786.63
3.29741686025 12.2378798132 178.599704726 1504013786.94
3.29771527153 12.238031892 178.616934637 1504013787.12
