# SLAM - pose_x pose_y orientation time
16.4556567313 2.9924 -179.641768813 1504013511.68
16.2418749493 2.99624364005 179.936588264 1504013513.85
16.0474172649 3.00055616063 179.525768876 1504013515.7
15.8336239223 3.0338633446 179.145309804 1504013517.7
15.6122658061 3.03508129152 178.75396072 1504013519.95
15.3997634587 3.04034989762 178.370324389 1504013522.07
15.1904212981 3.04788705855 177.943276717 1504013524.17
14.9968979531 3.05628524837 177.682581636 1504013526.12
14.7890277803 3.06601310508 177.376320909 1504013528.24
14.5995848451 3.11656603467 177.272389725 1504013530.19
14.3855440337 3.1271436808 176.792972003 1504013532.36
14.1811960531 3.13850100229 175.975969174 1504013534.38
13.9737385296 3.15482269518 174.924461746 1504013536.44
13.7726648976 3.17336429026 173.889791047 1504013538.51
13.5849677599 3.24362734139 172.900400505 1504013540.56
13.3732937451 3.27205192026 171.730297865 1504013542.74
13.1696743213 3.30391333389 170.323953605 1504013544.8
12.9740456275 3.34476131936 168.657672774 1504013546.85
12.7815145547 3.38435769766 166.935058504 1504013548.87
12.603212269 3.52530758297 164.534351592 1504013550.93
12.3793302029 3.59843138808 161.417294309 1504013553.46
12.2180645208 3.65804836922 159.094256519 1504013555.32
12.0024704515 3.74855639382 155.925866084 1504013557.85
11.8301224059 3.83542633868 153.128539103 1504013559.98
11.7198288017 4.07636598844 150.615170303 1504013562.0
11.4976658493 4.21295640368 146.505520437 1504013564.89
11.3693553177 4.30206707738 144.073093058 1504013566.58
11.20421918 4.43187245215 140.976504353 1504013568.84
11.039796443 4.57320374166 137.741494303 1504013571.2
11.0165829698 4.89650701739 135.099557686 1504013573.28
10.8704622893 5.04722224786 132.180506913 1504013575.48
10.7188132862 5.22843896072 128.701682566 1504013578.1
10.6278526838 5.34748502312 126.673010757 1504013579.77
10.4945164632 5.54623888347 123.641188385 1504013582.33
10.4775620844 5.86964511248 121.66297922 1504013584.59
10.3787423725 6.04010208895 119.388995354 1504013586.74
10.2821498357 6.21872385534 117.02569208 1504013588.88
10.1935951076 6.39808507241 114.9191052 1504013590.94
10.1051130452 6.59202345537 113.06316868 1504013593.14
10.2112765144 6.90255654868 111.416170246 1504013595.18
10.1405512677 7.08333971461 109.9988463 1504013597.1
10.0714783711 7.28593653774 108.479751785 1504013599.23
10.0032273 7.51082645692 107.033372202 1504013601.62
9.95777611418 7.67315540794 106.229278063 1504013603.38
9.90005024249 7.89242452445 105.359311841 1504013605.74
9.98161942903 8.1331515964 104.894345844 1504013607.7
9.92393787411 8.33761302281 104.459632266 1504013609.76
9.88028011503 8.51153579011 104.046335291 1504013611.58
9.82985983334 8.71073973806 104.328683142 1504013613.64
9.77754260642 8.90973178364 105.091541332 1504013615.73
9.72488470772 9.10389148653 106.024634496 1504013617.81
9.75686345325 9.32373628362 107.199349426 1504013620.1
9.69696410579 9.51379858042 108.4228409 1504013622.02
9.62556737108 9.71876224549 109.872797612 1504013624.2
9.55507556221 9.9009862906 111.235237301 1504013626.23
9.46132046355 10.1125823744 112.988826128 1504013628.59
9.3620793066 10.2915027986 114.630650852 1504013630.58
9.28211477231 10.4567666342 116.603775876 1504013632.56
9.17242045334 10.6544230697 118.982642293 1504013634.86
9.07560966252 10.8174534967 121.018912273 1504013636.83
8.88406435313 10.9527330093 123.189611631 1504013639.01
8.79567124348 11.0831094748 124.7747466 1504013640.65
8.66153397332 11.2684910045 127.058604241 1504013643.09
8.52259748517 11.4461583105 129.191426201 1504013645.39
8.38646644289 11.6080219285 130.992087355 1504013647.58
8.13380906425 11.6946237142 132.364680536 1504013649.62
7.98929988983 11.8510658761 133.788312965 1504013651.79
7.84750114395 11.9966858446 135.078612138 1504013653.85
7.70340863637 12.1371922956 136.411159643 1504013655.84
7.56267710371 12.2715012207 137.592909993 1504013657.84
7.34277629264 12.3886647696 138.794815565 1504013660.05
7.18995101655 12.5204287915 139.961334096 1504013662.09
6.98339857137 12.6857168903 141.73860878 1504013664.76
6.85305330633 12.7840863702 142.930876507 1504013666.44
6.65989547338 12.9190101374 144.799619051 1504013668.89
6.52730480719 13.0083178088 146.272067029 1504013670.57
6.30277373857 13.0684859842 148.601615688 1504013672.76
6.11667157043 13.1749007707 151.509261229 1504013675.06
5.93241856128 13.2664146827 154.622423227 1504013677.29
5.75496684528 13.3444545711 157.696087204 1504013679.45
5.55335026943 13.4196393087 161.292265489 1504013681.84
5.31541376678 13.3705106284 164.558781648 1504013684.05
5.11015909407 13.4214873815 168.34558334 1504013686.5
4.91484049297 13.4625584828 171.764204786 1504013688.75
4.7100122557 13.4797382629 174.925514005 1504013691.03
4.49901193189 13.4942195624 177.206895535 1504013693.2
4.35474645604 13.5115916007 177.966664895 1504013694.74


# GT - pose_x pose_y orientation time
16.6648 3.0027 -3.13089 1504013462.7369943
16.665 3.0026 -3.12999 1504013462.799448
16.6647 3.0005 -3.13099 1504013462.8565714
16.6645 3.0021 -3.13299 1504013462.9770713
16.665 3.0024 -3.13079 1504013463.038302
16.6649 3.0019 -3.13229 1504013463.6322088
16.6642 3.0021 -3.13259 1504013463.7550418
16.6654 3.002 -3.13239 1504013463.8724988
16.6642 3.0022 -3.13259 1504013464.9578323
16.6637 3.0021 -3.13219 1504013465.2528894
16.6635 3.0029 -3.13189 1504013465.4934325
16.6642 3.002 -3.13269 1504013466.0963082
16.6652 3.0022 -3.13229 1504013466.5755908
16.6642 3.0021 -3.13259 1504013467.3581524
16.6654 3.002 -3.13239 1504013467.4752817
16.6637 3.0021 -3.13219 1504013467.6562617
16.6629 3.001 -3.13049 1504013467.7166138
16.6651 3.0022 -3.13229 1504013467.776927
16.6635 3.0029 -3.13189 1504013467.8950896
16.6627 3.0009 -3.13049 1504013468.0144792
16.6656 3.0022 -3.13079 1504013468.1342702
16.6626 3.0007 -3.13049 1504013468.3150423
16.6642 3.0021 -3.13259 1504013468.5554423
16.666 3.0021 -3.13079 1504013468.7346342
16.6629 3.0026 -3.13249 1504013468.854471
16.6631 3.0021 -3.13219 1504013469.156228
16.6652 3.0024 -3.13079 1504013469.336306
16.6648 3.002 -3.13229 1504013469.634151
16.6641 3.0021 -3.13259 1504013469.7557397
16.6634 3.0009 -3.13059 1504013469.8125396
16.6657 3.0023 -3.13079 1504013470.2355955
16.6635 3.002 -3.13229 1504013470.3535905
16.6656 3.0022 -3.13079 1504013470.5343971
16.6634 3.0027 -3.13189 1504013470.5955582
16.6634 3.0028 -3.13189 1504013471.4926395
16.665 3.0021 -3.13239 1504013471.675195
16.6633 3.0011 -3.13219 1504013471.9180732
16.6633 3.0016 -3.13219 1504013472.7553864
16.6649 3.0018 -3.13239 1504013473.232195
16.6642 3.002 -3.13259 1504013473.3546948
16.6636 3.0019 -3.13229 1504013473.9567373
16.6634 3.0026 -3.13189 1504013474.1956403
16.6635 3.0009 -3.13059 1504013474.6128068
16.6637 3.0021 -3.13219 1504013474.851995
16.6627 3.0008 -3.13049 1504013475.2142873
16.6579 2.9999 -3.13059 1504013475.6962657
16.662 3.0014 -3.13119 1504013475.9343314
16.6646 3.0018 -3.13249 1504013476.474886
16.6652 3.0018 -3.13089 1504013476.5318952
16.6632 3.0016 -3.13219 1504013476.6531763
16.6623 3.0005 -3.13039 1504013476.7734756
16.6651 3.0019 -3.13229 1504013478.0918055
16.6642 3.0019 -3.13229 1504013478.453937
16.6634 3.0007 -3.13049 1504013478.5150213
16.6609 3.0012 -3.13059 1504013478.6371303
16.6605 2.9995 -3.13069 1504013478.75556
16.6628 3.0012 -3.13329 1504013478.8793983
16.6621 3.0012 -3.13199 1504013479.0542393
16.6637 3.0016 -3.13259 1504013479.2927694
16.6637 3.0018 -3.13249 1504013479.3553448
16.663 3.0006 -3.13059 1504013479.4122448
16.6635 3.0019 -3.13219 1504013479.6517348
16.6641 3.0025 -3.13149 1504013479.8935485
16.6637 3.0026 -3.13199 1504013480.7973223
16.6606 3.0002 -3.13029 1504013482.1750937
16.6633 3.0017 -3.13259 1504013482.2373123
16.6634 3.0017 -3.13259 1504013482.2940912
16.6634 3.0017 -3.13229 1504013482.6519144
16.666 3.002 -3.13079 1504013483.1334796
16.6658 3.002 -3.12999 1504013483.7952342
16.6655 2.9997 -3.13109 1504013483.8537455
16.6623 3.0018 -3.13179 1504013484.3945994
16.6629 3.0016 -3.13219 1504013484.754006
16.6621 3.0005 -3.13049 1504013484.8134084
16.6646 3.0019 -3.13249 1504013484.8776274
16.6597 2.9995 -3.13029 1504013485.4141667
16.6641 3.0019 -3.13269 1504013486.1322937
16.6596 3.0009 -3.13089 1504013486.4943228
16.6631 3.0017 -3.13099 1504013486.7351341
16.6611 3.0004 -3.13039 1504013486.917324
16.6627 3.0016 -3.13209 1504013487.154511
16.665 3.002 -3.13089 1504013487.3330495
16.6625 3.0006 -3.13029 1504013488.7735424
16.6645 3.002 -3.13269 1504013489.1953344
16.6638 3.0009 -3.13059 1504013489.3119223
16.6638 3.0027 -3.13199 1504013489.4924664
16.6639 3.0019 -3.13239 1504013489.5540218
16.663 3.0006 -3.13029 1504013489.6769423
16.6644 3.002 -3.13269 1504013489.795049
16.6644 3.0019 -3.13269 1504013489.855093
16.6667 3.0015 -3.13209 1504013490.3338518
16.6652 3.0017 -3.13289 1504013490.3970218
16.6644 3.0007 -3.13059 1504013490.5137665
16.6642 3.0018 -3.13239 1504013490.7518897
16.6639 3.0009 -3.13059 1504013491.4145632
16.664 3.0009 -3.13059 1504013491.7152324
16.6648 3.0022 -3.13269 1504013491.8944633
16.6648 3.0021 -3.13279 1504013491.9550276
16.6639 3.0007 -3.13039 1504013492.0767398
16.6661 3.0018 -3.13219 1504013493.0378325
16.664 3.0006 -3.13039 1504013493.2797012
16.661 3.0012 -3.13029 1504013493.3949237
16.6608 2.9997 -3.13089 1504013493.454924
16.6595 3.0 -3.13069 1504013493.573908
16.6583 2.9997 -3.13079 1504013493.75519
16.658 2.9993 -3.13039 1504013493.8723726
16.6624 3.001 -3.13249 1504013493.9952714
16.6624 3.0015 -3.13229 1504013494.0513716
16.6631 3.0005 -3.13059 1504013494.4139674
16.6611 3.0009 -3.13129 1504013494.5343795
16.663 3.0005 -3.13059 1504013495.6127853
16.6611 2.9993 -3.13069 1504013495.853738
16.659 2.9996 -3.13089 1504013496.094265
16.6586 2.999 -3.13039 1504013496.2751312
16.662 3.0003 -3.13049 1504013496.515297
16.6578 2.9992 -3.13039 1504013497.473538
16.664 3.0017 -3.13249 1504013497.837856
16.6638 3.0017 -3.13259 1504013497.8948326
16.6637 3.0017 -3.13259 1504013497.9560642
16.663 3.0005 -3.13059 1504013498.0161598
16.6644 3.0018 -3.13269 1504013498.1952968
16.6638 3.002 -3.13319 1504013498.4929023
16.6651 3.0023 -3.13219 1504013498.794079
16.6658 3.0018 -3.13239 1504013499.0939794
16.6651 3.0003 -3.13059 1504013499.2143755
16.6651 3.0002 -3.13039 1504013499.2780893
16.6616 3.0009 -3.13039 1504013499.394906
16.6606 2.9995 -3.13009 1504013499.6367939
16.6607 2.9996 -3.13059 1504013499.5758598
16.6592 2.9997 -3.13089 1504013499.6957643
16.6587 2.9991 -3.13019 1504013499.815084
16.6636 3.0004 -3.13059 1504013500.412079
16.6617 3.0004 -3.13049 1504013501.3154473
16.6641 3.0017 -3.13249 1504013501.4374409
16.6594 2.9998 -3.13069 1504013501.9719014
16.658 2.9993 -3.13039 1504013502.273638
16.6627 3.0 -3.13049 1504013502.514068
16.6635 3.0004 -3.13059 1504013502.8161597
16.6573 2.9994 -3.13009 1504013503.4118962
16.6608 3.0014 -3.13299 1504013503.5316682
16.6601 2.9997 -3.13079 1504013504.2544494
16.658 2.9997 -3.13079 1504013504.557556
16.6578 2.9993 -3.13039 1504013504.6738844
16.6632 3.001 -3.13199 1504013504.7965086
16.6635 3.0004 -3.13059 1504013505.2111382
16.6592 3.0 -3.13069 1504013506.771524
16.6578 2.9994 -3.13009 1504013507.0123715
16.6612 3.0013 -3.13299 1504013507.133451
16.664 3.0018 -3.13249 1504013507.4373024
16.6617 3.0008 -3.13149 1504013507.7343845
16.6592 2.9998 -3.13039 1504013508.033492
16.6624 3.0016 -3.13229 1504013508.4516149
16.6638 3.0018 -3.13259 1504013508.6923714
16.6631 3.0006 -3.13059 1504013508.8135076
16.6619 3.0008 -3.13099 1504013508.9334311
16.6613 3.0008 -3.13019 1504013508.9940453
16.6604 3.0 -3.13139 1504013509.118201
16.6594 2.9998 -3.13039 1504013509.2356453
16.6621 3.0003 -3.13039 1504013509.771643
16.664 3.0017 -3.13269 1504013509.9516149
16.6573 3.0005 -3.13059 1504013510.1318226
16.6325 2.998 -3.13109 1504013510.4342613
16.6223 2.9945 -3.13039 1504013510.5579617
16.6016 2.9946 -3.13189 1504013510.6748273
16.59 2.9947 -3.13389 1504013510.734945
16.5714 2.9934 -3.13279 1504013510.8566322
16.5583 2.9931 -3.13289 1504013510.915359
16.5355 2.9929 -3.13379 1504013511.03733
16.5277 2.9928 -3.13309 1504013511.09413
16.5008 2.9925 -3.13409 1504013511.2769852
16.4726 2.9926 -3.13499 1504013511.515344
16.4546 2.9924 -3.13539 1504013511.692748
16.4211 2.9938 -3.13589 1504013512.0543714
16.426 2.993 -3.13619 1504013511.9976106
16.3919 2.9941 -3.13699 1504013512.3563476
16.3625 2.9949 -3.13799 1504013512.6541853
16.3442 2.9949 -3.13909 1504013512.8336124
16.3141 2.9951 -3.13999 1504013513.1328592
16.271 2.9959 -3.14159 1504013513.5540855
16.2411 2.9963 3.1405 1504013513.8552132
16.227 2.9997 3.1365 1504013513.9191754
16.2122 2.9995 3.1396 1504013514.0365965
16.2053 2.9979 3.14 1504013514.1579604
16.1935 2.9983 3.1387 1504013514.2741282
16.1493 2.9979 3.137 1504013514.8119082
16.1257 2.998 3.136 1504013515.053091
16.1126 2.9978 3.1358 1504013515.1744282
16.0865 2.9978 3.1346 1504013515.415949
16.0454 3.0003 3.1337 1504013515.7147605
16.0353 3.0009 3.1332 1504013515.8939865
16.0176 3.0005 3.1264 1504013516.1327615
15.9285 2.9989 3.1286 1504013516.9147866
15.9224 2.9987 3.129 1504013516.9748607
15.9094 2.9989 3.1285 1504013517.0952768
15.9046 2.9987 3.128 1504013517.1564987
15.8924 2.9985 3.1283 1504013517.27885
15.8862 2.9983 3.1277 1504013517.3334374
15.8752 2.9984 3.1276 1504013517.4541178
15.8641 2.9982 3.1275 1504013517.5733008
15.8533 2.9983 3.1272 1504013517.6931014
15.7914 2.9978 3.1251 1504013518.3536124
15.7668 2.9976 3.1249 1504013518.5941377
15.7538 2.9975 3.1242 1504013518.7172031
15.6935 2.9982 3.1226 1504013519.3131542
15.6885 2.9982 3.1225 1504013519.3729372
15.6769 2.9984 3.1224 1504013519.492937
15.6287 2.9996 3.12 1504013519.9733343
15.5844 3.0011 3.1194 1504013520.3990695
15.5594 3.0013 3.1187 1504013520.6361737
15.5423 3.0015 3.1174 1504013520.8132868
15.5233 3.002 3.1176 1504013520.992202
15.5177 3.0018 3.1168 1504013521.0514874
15.4947 3.0023 3.1164 1504013521.2920876
15.47 3.0025 3.1148 1504013521.533774
15.4181 3.0046 3.1137 1504013522.0780673
15.3595 3.0063 3.1115 1504013522.672065
15.3472 3.007 3.1112 1504013522.7941778
15.3355 3.0074 3.1099 1504013522.9117866
15.2884 3.0088 3.1091 1504013523.3948915
15.2838 3.0086 3.1084 1504013523.455019
15.272 3.0088 3.1083 1504013523.5758939
15.2626 3.009 3.1067 1504013523.6946917
15.2485 3.0092 3.1085 1504013523.8140497
15.2098 3.012 3.1062 1504013524.1724076
15.1925 3.0124 3.1056 1504013524.3518739
15.1867 3.0131 3.1054 1504013524.4749022
15.174 3.013 3.1036 1504013524.5932543
15.1548 3.0149 3.1046 1504013524.7740302
15.1407 3.0152 3.104 1504013524.8952527
15.1213 3.016 3.104 1504013525.0751672
15.1153 3.0163 3.1037 1504013525.1355786
15.1031 3.0167 3.1033 1504013525.2547898
15.0528 3.0184 3.102 1504013525.7328544
15.0187 3.0203 3.1019 1504013526.0925589
15.0067 3.0204 3.1014 1504013526.2139554
14.9613 3.0231 3.1007 1504013526.6952562
14.9494 3.0233 3.1 1504013526.8160937
14.932 3.0244 3.0999 1504013526.9950914
14.919 3.0246 3.0994 1504013527.1167798
14.8963 3.026 3.0987 1504013527.3551295
14.8653 3.0286 3.0943 1504013527.713892
14.8277 3.0292 3.0971 1504013528.077599
14.8071 3.03 3.0963 1504013528.2560937
14.7734 3.0316 3.0958 1504013528.5568979
14.7456 3.0345 3.091 1504013528.9119954
14.7112 3.0349 3.0944 1504013529.2749562
14.6769 3.0371 3.0933 1504013529.573637
14.6147 3.0414 3.0921 1504013530.1739514
14.6044 3.0428 3.092 1504013530.294011
14.5986 3.043 3.0915 1504013530.3541694
14.5918 3.0433 3.0916 1504013530.4133239
14.581 3.0436 3.0912 1504013530.5327451
14.5523 3.0452 3.0901 1504013530.8323379
14.5231 3.0469 3.0896 1504013531.134398
14.5176 3.0476 3.0896 1504013531.196939
14.512 3.0481 3.0846 1504013531.3146586
14.5024 3.0468 3.087 1504013531.4386048
14.4407 3.0501 3.0854 1504013531.973311
14.4132 3.0518 3.0841 1504013532.2123451
14.4014 3.0521 3.0836 1504013532.3321354
14.3833 3.0536 3.0827 1504013532.513299
14.3607 3.0552 3.0809 1504013532.754539
14.3369 3.0566 3.0802 1504013532.9953187
14.2798 3.0576 3.0758 1504013533.5957859
14.2606 3.0594 3.0744 1504013533.772161
14.2536 3.0599 3.0735 1504013533.835461
14.242 3.0609 3.0722 1504013533.9522586
14.2333 3.0615 3.0725 1504013534.0135589
14.2216 3.0621 3.0714 1504013534.133711
14.1956 3.0642 3.0694 1504013534.3744698
14.1657 3.0663 3.067 1504013534.6758418
14.1535 3.0678 3.0664 1504013534.7993927
14.1491 3.068 3.065 1504013534.8558495
14.1422 3.0685 3.0649 1504013534.915153
14.1241 3.0701 3.0636 1504013535.0944014
14.1186 3.0705 3.0622 1504013535.154398
14.1116 3.071 3.0621 1504013535.2133913
14.0992 3.0717 3.0614 1504013535.3325524
14.0676 3.074 3.0585 1504013535.6318169
14.0438 3.0762 3.0566 1504013535.8741112
14.037 3.0768 3.0558 1504013535.9340482
13.9897 3.081 3.0509 1504013536.4152193
13.9793 3.0815 3.0504 1504013536.5344014
13.9378 3.0853 3.0461 1504013536.9558234
13.9139 3.0877 3.0447 1504013537.1948428
13.8855 3.0902 3.0422 1504013537.4944978
13.8798 3.0907 3.0411 1504013537.554007
13.8675 3.0918 3.0406 1504013537.6774013
13.8569 3.0929 3.0397 1504013537.7952332
13.8382 3.0944 3.0382 1504013537.9771369
13.8265 3.0958 3.0371 1504013538.0951126
13.8141 3.0971 3.0358 1504013538.2143624
13.8083 3.0975 3.0355 1504013538.2742977
13.7858 3.1 3.0329 1504013538.5120234
13.748 3.1034 3.0301 1504013538.9324234
13.7423 3.1044 3.0298 1504013538.9936562
13.6772 3.1119 3.0236 1504013539.6552873
13.6481 3.1157 3.0209 1504013539.953577
13.5897 3.1233 3.0156 1504013540.5546613
13.5434 3.1289 3.0121 1504013541.038985
13.5184 3.1351 3.0094 1504013541.278213
13.4963 3.1373 3.0067 1504013541.5157561
13.4852 3.1381 3.0068 1504013541.6320772
13.4671 3.1398 3.005 1504013541.8120313
13.4447 3.1427 3.0018 1504013542.0521946
13.403 3.1485 2.9982 1504013542.477425
13.3856 3.1512 2.9963 1504013542.6557655
13.3796 3.1521 2.9952 1504013542.7200894
13.3506 3.1558 2.9925 1504013543.0143838
13.3034 3.1633 2.9873 1504013543.4919064
13.1727 3.1848 2.9705 1504013544.81297
13.0962 3.1994 2.9552 1504013545.5333757
13.092 3.2049 2.9589 1504013545.5963855
13.0547 3.2127 2.9534 1504013546.0780349
13.0444 3.2141 2.9511 1504013546.1945305
13.033 3.2166 2.9487 1504013546.31587
12.9785 3.2258 2.9415 1504013546.8520126
12.9604 3.2289 2.9392 1504013547.0358486
12.9546 3.2298 2.938 1504013547.0932121
12.8812 3.2442 2.9275 1504013547.8131893
12.87 3.2467 2.9253 1504013547.9324183
12.8424 3.2526 2.921 1504013548.2346463
12.8216 3.2575 2.9177 1504013548.4747245
12.784 3.2664 2.9111 1504013548.8945305
12.756 3.2725 2.9054 1504013549.1979647
12.7444 3.2748 2.9039 1504013549.314036
12.7117 3.283 2.8977 1504013549.6746488
12.7008 3.2862 2.8954 1504013549.79205
12.6728 3.2932 2.89 1504013550.0922308
12.6567 3.2973 2.886 1504013550.2737927
12.6456 3.3004 2.8837 1504013550.3967683
12.6295 3.3045 2.8804 1504013550.5757647
12.6239 3.306 2.879 1504013550.6381912
12.5971 3.3136 2.873 1504013550.934415
12.5699 3.3211 2.867 1504013551.2317357
12.5589 3.3244 2.8645 1504013551.3537667
12.5228 3.3337 2.8566 1504013551.7126486
12.5095 3.3392 2.8547 1504013551.892905
12.4912 3.3453 2.8488 1504013552.1347685
12.4813 3.3489 2.8462 1504013552.2552261
12.476 3.3506 2.8445 1504013552.3189442
12.456 3.3577 2.8394 1504013552.5580688
12.4059 3.3748 2.8274 1504013553.090994
12.3735 3.3863 2.8187 1504013553.453816
12.3635 3.3897 2.8159 1504013553.5740736
12.3546 3.3923 2.8127 1504013553.694869
12.2554 3.4287 2.7885 1504013554.8316283
12.2441 3.4332 2.7861 1504013554.9563107
12.2281 3.4391 2.7817 1504013555.1339319
12.2179 3.4435 2.7798 1504013555.254176
12.2126 3.4455 2.7783 1504013555.3143766
12.1732 3.4616 2.7685 1504013555.7934608
12.1581 3.4674 2.7642 1504013555.9724498
12.1127 3.4858 2.7529 1504013556.5116994
12.0818 3.4986 2.7445 1504013556.8776476
12.067 3.5049 2.74 1504013557.0549402
12.0465 3.5131 2.736 1504013557.2938538
11.9971 3.5354 2.7229 1504013557.8343217
11.9814 3.5433 2.7189 1504013558.011435
11.9763 3.5452 2.7183 1504013558.074471
11.9536 3.5556 2.7124 1504013558.3740156
11.9484 3.5579 2.7109 1504013558.4345407
11.9405 3.5617 2.7082 1504013558.5576067
11.935 3.5638 2.7073 1504013558.615304
11.9306 3.5658 2.7062 1504013558.6753554
11.9163 3.573 2.7017 1504013558.8549397
11.8953 3.5831 2.6966 1504013559.0926466
11.8851 3.5877 2.6935 1504013559.2117484
11.8799 3.5901 2.6922 1504013559.274235
11.8751 3.5925 2.6907 1504013559.331235
11.8597 3.6002 2.6862 1504013559.5146804
11.8395 3.6103 2.6803 1504013559.75565
11.8218 3.6236 2.6734 1504013559.9973545
11.8022 3.6315 2.6684 1504013560.2382607
11.7982 3.6335 2.6667 1504013560.2948217
11.7933 3.636 2.6651 1504013560.3556218
11.7827 3.6405 2.6632 1504013560.476313
11.7727 3.6457 2.6599 1504013560.5935833
11.7576 3.6528 2.6562 1504013560.7727585
11.7338 3.665 2.6488 1504013561.0710235
11.7146 3.6747 2.6429 1504013561.3122253
11.696 3.6851 2.6368 1504013561.5532236
11.6857 3.6903 2.6341 1504013561.676817
11.663 3.7034 2.6268 1504013561.9753554
11.6582 3.7062 2.6251 1504013562.0346246
11.626 3.725 2.6151 1504013562.452075
11.621 3.7277 2.6136 1504013562.5116987
11.6123 3.7329 2.6107 1504013562.634145
11.6074 3.7359 2.6091 1504013562.691245
11.5932 3.7444 2.6047 1504013562.8753986
11.5842 3.7497 2.6015 1504013562.9934864
11.5552 3.7678 2.5928 1504013563.3570864
11.5144 3.7929 2.5797 1504013563.8936236
11.4373 3.8428 2.5541 1504013564.9150963
11.4326 3.8459 2.5523 1504013564.9751353
11.409 3.862 2.5443 1504013565.2771177
11.38 3.8818 2.5351 1504013565.6319609
11.3709 3.8881 2.5315 1504013565.7535393
11.3668 3.8907 2.5305 1504013565.8102393
11.3622 3.8939 2.5289 1504013565.8710394
11.354 3.8998 2.5258 1504013565.9946744
11.3454 3.9062 2.5234 1504013566.112165
11.3236 3.9222 2.5155 1504013566.4142222
11.3102 3.9319 2.5116 1504013566.594911
11.2795 3.9539 2.5017 1504013567.0130873
11.2713 3.96 2.4987 1504013567.1322923
11.2586 3.971 2.493 1504013567.3123999
11.2506 3.977 2.4913 1504013567.43384
11.2313 3.9914 2.4851 1504013567.6743224
11.2026 4.0143 2.4759 1504013568.0338511
11.1947 4.0209 2.4731 1504013568.1570463
11.1873 4.0266 2.4707 1504013568.2750964
11.1828 4.0303 2.4689 1504013568.3335223
11.1483 4.0598 2.4585 1504013568.8116934
11.1289 4.0757 2.4516 1504013569.1138058
11.1051 4.0953 2.4434 1504013569.4732819
11.0922 4.1064 2.439 1504013569.6536894
11.0433 4.1489 2.4217 1504013570.3155031
11.014 4.1747 2.4119 1504013570.7316194
11.0014 4.1856 2.4081 1504013570.9129882
10.9937 4.1931 2.4055 1504013571.0361433
10.9816 4.2037 2.4013 1504013571.213541
10.9656 4.2186 2.3955 1504013571.454984
10.9497 4.2335 2.3903 1504013571.6936347
10.9207 4.2607 2.3803 1504013572.112421
10.9052 4.2764 2.3752 1504013572.3516636
10.8899 4.291 2.3699 1504013572.593131
10.8855 4.2949 2.369 1504013572.6529436
10.8747 4.3031 2.3617 1504013572.7735348
10.8615 4.3191 2.3614 1504013573.0142398
10.8457 4.3339 2.3556 1504013573.2535787
10.8242 4.3547 2.3484 1504013573.6117988
10.8013 4.3776 2.3409 1504013573.9710677
10.7971 4.3817 2.3392 1504013574.031821
10.7891 4.3898 2.3364 1504013574.155314
10.7815 4.3975 2.3336 1504013574.2725804
10.7779 4.4017 2.3324 1504013574.3326435
10.7707 4.4091 2.3299 1504013574.4535997
10.7667 4.4131 2.3288 1504013574.5146399
10.7536 4.4252 2.3251 1504013574.63774
10.6991 4.4857 2.3045 1504013575.4703746
10.6848 4.5016 2.2991 1504013575.7118971
10.6219 4.5755 2.274 1504013576.851697
10.6072 4.593 2.2686 1504013577.0905747
10.5938 4.6095 2.2627 1504013577.3320262
10.5464 4.6692 2.2432 1504013578.1141067
10.544 4.6727 2.2423 1504013578.1733952
10.538 4.6803 2.2401 1504013578.2928042
10.5319 4.6878 2.2377 1504013578.411091
10.4926 4.7387 2.2224 1504013579.1336942
10.4857 4.7486 2.2193 1504013579.2535317
10.4748 4.7628 2.2151 1504013579.43764
10.4719 4.7668 2.2139 1504013579.4950156
10.465 4.776 2.2111 1504013579.6150622
10.4556 4.7888 2.2077 1504013579.7925534
10.4045 4.862 2.1872 1504013580.7530742
10.3918 4.881 2.1825 1504013580.9952226
10.376 4.9042 2.176 1504013581.2931535
10.3732 4.9129 2.1694 1504013581.4125328
10.3602 4.9335 2.1682 1504013581.7110445
10.3561 4.9388 2.1663 1504013581.7708964
10.3496 4.9493 2.1639 1504013581.8911445
10.3353 4.9695 2.159 1504013582.132233
10.3247 4.9852 2.1556 1504013582.3168037
10.2857 5.0467 2.1412 1504013583.0937848
10.2793 5.0564 2.1389 1504013583.2128239
10.2575 5.0927 2.1306 1504013583.6930327
10.2465 5.1103 2.1265 1504013583.934113
10.2325 5.1333 2.1212 1504013584.237863
10.2242 5.1468 2.1185 1504013584.414065
10.2131 5.1659 2.1144 1504013584.5930758
10.1812 5.2183 2.1025 1504013585.3135538
10.1786 5.223 2.1014 1504013585.372754
10.1729 5.2329 2.099 1504013585.4935522
10.1676 5.2421 2.0968 1504013585.6137266
10.139 5.2929 2.0848 1504013586.2122188
10.1369 5.2971 2.0839 1504013586.2723117
10.1314 5.307 2.0815 1504013586.3941693
10.1235 5.3226 2.0778 1504013586.5711138
10.1207 5.3276 2.0764 1504013586.6337025
10.1154 5.338 2.0745 1504013586.7514696
10.1102 5.3478 2.0716 1504013586.8757844
10.0776 5.41 2.0573 1504013587.5963922
10.0722 5.42 2.0551 1504013587.7127445
10.0608 5.4413 2.05 1504013587.9518957
10.0582 5.4461 2.0491 1504013588.0108483
10.0533 5.4561 2.0469 1504013588.130612
10.0476 5.4662 2.0444 1504013588.2504764
10.0431 5.4751 2.0426 1504013588.3704772
10.0222 5.5141 2.0338 1504013588.8544664
10.0144 5.5298 2.0304 1504013589.0379739
10.009 5.5406 2.0283 1504013589.1541395
10.0037 5.5515 2.0264 1504013589.2757444
9.9959 5.567 2.0226 1504013589.4529653
9.988 5.5832 2.0195 1504013589.6316323
9.9702 5.6194 2.012 1504013590.051585
9.9383 5.6876 1.9983 1504013590.8344398
9.9333 5.6983 1.9964 1504013590.9567204
9.9236 5.7205 1.9925 1504013591.1943345
9.912 5.7469 1.988 1504013591.4904187
9.8952 5.7846 1.9815 1504013591.9172835
9.8891 5.7985 1.9783 1504013592.0942216
9.8818 5.8145 1.9763 1504013592.275012
9.8799 5.8189 1.9753 1504013592.3342214
9.8751 5.83 1.9737 1504013592.4529877
9.8728 5.8349 1.9734 1504013592.5128202
9.8626 5.8559 1.9694 1504013592.7508678
9.8552 5.8728 1.967 1504013592.930017
9.853 5.8783 1.9661 1504013592.9903169
9.8486 5.8886 1.9648 1504013593.1132169
9.8438 5.8996 1.9626 1504013593.231594
9.8352 5.9206 1.9597 1504013593.4726202
9.8305 5.9308 1.9575 1504013593.5960927
9.828 5.9365 1.9568 1504013593.6527867
9.8261 5.9405 1.9567 1504013593.7132468
9.8083 5.9835 1.95 1504013594.1927752
9.7992 6.0049 1.9468 1504013594.4315345
9.7944 6.0153 1.9457 1504013594.553258
9.7732 6.0665 1.9382 1504013595.093447
9.7709 6.0712 1.9369 1504013595.1537023
9.7413 6.1447 1.9268 1504013595.931614
9.7391 6.15 1.9258 1504013595.9944408
9.7349 6.161 1.9246 1504013596.1105423
9.7303 6.1727 1.923 1504013596.2335577
9.7262 6.1839 1.9212 1504013596.3510408
9.7197 6.201 1.9193 1504013596.5327032
9.7156 6.2121 1.9176 1504013596.652575
9.7054 6.2407 1.9136 1504013596.9579859
9.7015 6.2521 1.9123 1504013597.076518
9.6871 6.2929 1.907 1504013597.4927447
9.6771 6.3231 1.9029 1504013597.7908409
9.6716 6.3394 1.9008 1504013597.9712138
9.6697 6.3449 1.9001 1504013598.0323875
9.6575 6.3816 1.8954 1504013598.4535463
9.6468 6.4163 1.891 1504013598.8139787
9.6411 6.4336 1.8888 1504013598.9931448
9.6331 6.4578 1.8855 1504013599.2312005
9.6152 6.5156 1.8789 1504013599.8359807
9.6099 6.5322 1.8772 1504013600.0144334
9.6081 6.5383 1.8759 1504013600.0774908
9.5902 6.5983 1.8693 1504013600.7318864
9.5849 6.6158 1.8675 1504013600.9116514
9.5819 6.628 1.8662 1504013601.0340514
9.5788 6.6382 1.865 1504013601.1517189
9.5664 6.6839 1.8602 1504013601.6335423
9.5635 6.6949 1.8592 1504013601.7568343
9.5604 6.7055 1.8579 1504013601.8746448
9.5579 6.7164 1.8578 1504013601.9964023
9.5564 6.7221 1.8576 1504013602.0526023
9.5516 6.7426 1.8555 1504013602.29166
9.5465 6.7602 1.8535 1504013602.4739082
9.5396 6.7837 1.8515 1504013602.714429
9.5334 6.8068 1.8498 1504013602.9565663
9.5226 6.8453 1.8463 1504013603.3744447
9.5132 6.8787 1.8435 1504013603.7329664
9.5083 6.8962 1.8428 1504013603.9150133
9.5045 6.9124 1.8415 1504013604.090687
9.4901 6.9695 1.8379 1504013604.6921668
9.4834 6.9955 1.8305 1504013604.876978
9.4828 7.0082 1.834 1504013605.0547385
9.4794 7.0178 1.8354 1504013605.173217
9.4672 7.0627 1.8313 1504013605.711335
9.4628 7.0802 1.8302 1504013605.8910222
9.4565 7.1046 1.8292 1504013606.1323664
9.455 7.1102 1.8287 1504013606.1927495
9.452 7.1226 1.828 1504013606.3159366
9.4159 7.2563 1.8217 1504013607.692381
9.4058 7.2937 1.82 1504013608.1147425
9.4074 7.2879 1.8205 1504013608.0534391
9.3965 7.3222 1.8176 1504013608.3549242
9.3877 7.3559 1.8176 1504013608.71418
9.3852 7.3668 1.8173 1504013608.83148
9.3783 7.3959 1.8163 1504013609.131527
9.3733 7.4142 1.8147 1504013609.3134165
9.3607 7.4594 1.8145 1504013609.734721
9.3548 7.4817 1.8119 1504013609.9731364
9.343 7.5332 1.8103 1504013610.5109975
9.3357 7.5618 1.8092 1504013610.8119588
9.3279 7.5975 1.8081 1504013611.173681
9.3229 7.6163 1.8069 1504013611.357811
9.3196 7.6275 1.8074 1504013611.475411
9.3176 7.6369 1.8067 1504013611.5964727
9.3104 7.6666 1.8068 1504013611.8921037
9.3059 7.6851 1.8071 1504013612.0731223
9.2989 7.7149 1.8049 1504013612.43225
9.2947 7.7368 1.8084 1504013612.612537
9.293 7.7437 1.8081 1504013612.6730294
9.291 7.7506 1.8079 1504013612.7335758
9.2747 7.8142 1.8111 1504013613.3923106
9.2694 7.8351 1.8118 1504013613.630795
9.268 7.8411 1.8123 1504013613.6911163
9.2621 7.8635 1.8135 1504013613.9308283
9.2573 7.8817 1.8146 1504013614.1120076
9.2542 7.8943 1.8153 1504013614.235044
9.2455 7.93 1.818 1504013614.5950475
9.2387 7.9577 1.8197 1504013614.8927035
9.2346 7.9741 1.8206 1504013615.0721807
9.2334 7.9793 1.8212 1504013615.1313748
9.2322 7.9841 1.8216 1504013615.1938848
9.2291 7.9955 1.8222 1504013615.3114743
9.2217 8.024 1.8246 1504013615.611075
9.2201 8.0299 1.8248 1504013615.6752808
9.2186 8.0357 1.8252 1504013615.7321455
9.2112 8.0644 1.8275 1504013616.0337868
9.208 8.0759 1.8283 1504013616.1577735
9.2065 8.0816 1.8288 1504013616.2144763
9.2037 8.0926 1.8298 1504013616.3335352
9.1978 8.1147 1.8315 1504013616.5718794
9.1877 8.1547 1.835 1504013616.9901862
9.1831 8.1719 1.8362 1504013617.1713748
9.1787 8.1889 1.8381 1504013617.35538
9.1749 8.2046 1.8393 1504013617.5329702
9.1719 8.2151 1.8403 1504013617.6530948
9.1671 8.2328 1.8418 1504013617.838129
9.1418 8.3256 1.8502 1504013618.7940745
9.1387 8.3372 1.851 1504013618.912592
9.1292 8.3708 1.8543 1504013619.2759013
9.1264 8.381 1.8557 1504013619.395293
9.1235 8.3927 1.8563 1504013619.5161014
9.1208 8.4026 1.8575 1504013619.6318116
9.1174 8.4142 1.8588 1504013619.7534914
9.1159 8.4189 1.8594 1504013619.810491
9.1114 8.4356 1.8612 1504013619.9937863
9.1084 8.4469 1.8618 1504013620.110921
9.0971 8.4861 1.866 1504013620.5308223
9.0899 8.5099 1.8682 1504013620.7722883
9.0865 8.5217 1.87 1504013620.8933005
9.0825 8.5338 1.8711 1504013621.0143256
9.0808 8.5396 1.8716 1504013621.072727
9.0766 8.5529 1.8729 1504013621.1955457
9.073 8.5642 1.8743 1504013621.3113499
9.0675 8.5821 1.8766 1504013621.490977
9.0501 8.6377 1.8833 1504013622.0313249
9.0462 8.6465 1.8849 1504013622.2126107
9.0409 8.6575 1.8827 1504013622.333027
9.0387 8.6667 1.8873 1504013622.3958478
9.0011 8.7832 1.9013 1504013623.5311623
8.9995 8.7878 1.9018 1504013623.5940175
8.9958 8.7982 1.903 1504013623.7129517
8.9904 8.8144 1.9052 1504013623.8925328
8.9811 8.8417 1.9084 1504013624.1946177
8.9719 8.8677 1.912 1504013624.4925535
8.9699 8.8734 1.9126 1504013624.5544724
8.9678 8.879 1.9134 1504013624.6112745
8.956 8.9113 1.9175 1504013624.9702122
8.9538 8.917 1.9181 1504013625.0331013
8.9439 8.944 1.9217 1504013625.3317132
8.9373 8.9603 1.9239 1504013625.514976
8.9334 8.9712 1.9254 1504013625.6323252
8.9317 8.9758 1.9259 1504013625.6939385
8.9251 8.9923 1.9281 1504013625.8725476
8.9162 9.0144 1.9311 1504013626.1111817
8.9119 9.0256 1.9323 1504013626.2334352
8.9077 9.0366 1.9337 1504013626.350544
8.9051 9.0424 1.9349 1504013626.4102793
8.9005 9.0544 1.9363 1504013626.530057
8.8822 9.099 1.9424 1504013627.0111032
8.8782 9.1084 1.9435 1504013627.1327477
8.8742 9.1185 1.9451 1504013627.252832
8.8724 9.1231 1.9457 1504013627.3142033
8.827 9.2331 1.9626 1504013628.573203
8.8138 9.2623 1.9671 1504013628.8770032
8.8115 9.2676 1.9678 1504013628.9335456
8.8095 9.2719 1.9682 1504013628.9951072
8.8059 9.2816 1.9699 1504013629.1150863
8.8017 9.2914 1.9717 1504013629.2324476
8.7956 9.3057 1.9743 1504013629.4110818
8.7823 9.3361 1.9795 1504013629.7704253
8.7777 9.347 1.9811 1504013629.8904757
8.7516 9.4049 1.9917 1504013630.5580845
8.7447 9.4201 1.9945 1504013630.7323477
8.7399 9.4307 1.9966 1504013630.8519692
8.737 9.4362 1.9981 1504013630.911406
8.7323 9.4467 1.9996 1504013631.0336757
8.7231 9.4668 2.004 1504013631.2732015
8.716 9.4806 2.0069 1504013631.4505014
8.7134 9.486 2.008 1504013631.512817
8.7005 9.5134 2.0133 1504013631.8118496
8.6801 9.5568 2.0216 1504013632.35214
8.6759 9.5655 2.0247 1504013632.474102
8.6732 9.5709 2.0263 1504013632.5311022
8.6601 9.5963 2.031 1504013632.830317
8.6543 9.607 2.0329 1504013632.9539115
8.6439 9.6261 2.0376 1504013633.1307988
8.6163 9.6788 2.0481 1504013633.7330313
8.6135 9.6829 2.0485 1504013633.7936456
8.5751 9.752 2.0638 1504013634.632451
8.5631 9.7733 2.0685 1504013634.8760743
8.564 9.7744 2.0696 1504013634.9919186
8.5577 9.7842 2.0732 1504013635.115066
8.5251 9.8411 2.0832 1504013635.6516185
8.5127 9.8618 2.0876 1504013635.8914723
8.4984 9.886 2.0927 1504013636.190054
8.4903 9.8998 2.0962 1504013636.3711338
8.4873 9.9047 2.097 1504013636.4324741
8.4842 9.9095 2.0977 1504013636.491981
8.4731 9.928 2.1021 1504013636.7327418
8.4674 9.9372 2.1042 1504013636.8535504
8.4591 9.9507 2.107 1504013637.0366416
8.4441 9.9752 2.1121 1504013637.331589
8.4294 9.9988 2.1175 1504013637.6300755
8.4135 10.0244 2.123 1504013637.9311142
8.3757 10.0822 2.1354 1504013638.6523604
8.3577 10.1105 2.1416 1504013639.0109677
8.3547 10.1153 2.1428 1504013639.0712004
8.3454 10.1288 2.1453 1504013639.2500505
8.3428 10.1328 2.1466 1504013639.30977
8.3331 10.1476 2.1494 1504013639.4903142
8.3299 10.1524 2.1505 1504013639.5518005
8.3101 10.1825 2.157 1504013639.9166975
8.3077 10.1863 2.1579 1504013639.972963
8.2944 10.2063 2.162 1504013640.2135332
8.2848 10.2208 2.1647 1504013640.3948722
8.2818 10.2252 2.1656 1504013640.4516184
8.2784 10.23 2.1666 1504013640.5112119
8.2752 10.2348 2.168 1504013640.5709865
8.2718 10.2397 2.1689 1504013640.6330934
8.2175 10.3175 2.1855 1504013641.6529455
8.2071 10.3317 2.1879 1504013641.8365936
8.197 10.3464 2.1913 1504013642.0120184
8.1743 10.378 2.1983 1504013642.429759
8.1708 10.3828 2.1992 1504013642.4897501
8.1648 10.391 2.201 1504013642.6096587
8.1477 10.4147 2.206 1504013642.9125805
8.1379 10.4281 2.2091 1504013643.0922709
8.0874 10.4954 2.223 1504013643.9294024
8.081 10.5041 2.2249 1504013644.049251
8.063 10.5273 2.2298 1504013644.3500018
8.0522 10.5411 2.2326 1504013644.530916
8.045 10.5505 2.2346 1504013644.651923
8.0413 10.5551 2.2355 1504013644.7149687
8.0304 10.569 2.2384 1504013644.8940334
8.0269 10.5736 2.2393 1504013644.9592018
8.0159 10.5873 2.2421 1504013645.1318455
8.0124 10.592 2.2432 1504013645.1947336
8.0089 10.5963 2.2441 1504013645.2511978
8.0016 10.6055 2.246 1504013645.3712654
7.9912 10.6186 2.2487 1504013645.5495589
7.9839 10.6279 2.2505 1504013645.6722643
7.9809 10.6316 2.2512 1504013645.7292643
7.9733 10.6411 2.253 1504013645.8497503
7.9659 10.6502 2.255 1504013645.971146
7.9508 10.6684 2.2582 1504013646.211823
7.9472 10.6728 2.2593 1504013646.271852
7.9354 10.6871 2.262 1504013646.4533145
7.9175 10.7088 2.2661 1504013646.7518797
7.8803 10.7528 2.2744 1504013647.3526394
7.8764 10.7573 2.2753 1504013647.4095588
7.8649 10.7709 2.2779 1504013647.5939631
7.8568 10.7801 2.2796 1504013647.7118797
7.8484 10.7897 2.2813 1504013647.8349836
7.8183 10.824 2.2875 1504013648.3159218
7.8145 10.8283 2.2885 1504013648.3719633
7.8105 10.8328 2.2892 1504013648.4315486
7.8026 10.8414 2.2906 1504013648.5539517
7.7951 10.85 2.2921 1504013648.6702294
7.7911 10.8544 2.2928 1504013648.7295623
7.7805 10.8669 2.2944 1504013648.909546
7.7725 10.876 2.2966 1504013649.0326295
7.7647 10.8849 2.2977 1504013649.150749
7.7537 10.8972 2.2999 1504013649.332345
7.746 10.906 2.3012 1504013649.4528055
7.742 10.9104 2.3019 1504013649.5156217
7.7387 10.9146 2.3029 1504013649.572126
7.7348 10.9189 2.3035 1504013649.632513
7.7117 10.9449 2.308 1504013649.9951797
7.7 10.9577 2.31 1504013650.1708646
7.6954 10.9628 2.3108 1504013650.2335963
7.6881 10.9709 2.3118 1504013650.35075
7.6681 10.993 2.3153 1504013650.65065
7.6571 11.0048 2.3178 1504013650.8315225
7.6485 11.0144 2.3191 1504013650.9556487
7.6452 11.0178 2.3199 1504013651.012268
7.637 11.0266 2.3212 1504013651.1328177
7.6329 11.0309 2.3219 1504013651.196093
7.6291 11.0353 2.3223 1504013651.2538342
7.6254 11.039 2.3234 1504013651.3141282
7.6001 11.0668 2.3273 1504013651.6737418
7.5923 11.0753 2.3282 1504013651.7908418
7.5846 11.0834 2.33 1504013651.9140859
7.5729 11.0957 2.3314 1504013652.0904865
7.565 11.1039 2.3335 1504013652.2105677
7.5452 11.1248 2.3369 1504013652.5113187
7.5201 11.1514 2.3408 1504013652.8770928
7.512 11.1598 2.3418 1504013652.993225
7.504 11.1679 2.3436 1504013653.115425
7.4782 11.1942 2.3476 1504013653.4699416
7.4693 11.2033 2.3488 1504013653.5927408
7.4614 11.2114 2.3507 1504013653.7097716
7.4518 11.2206 2.3517 1504013653.8328774
7.4382 11.237 2.3544 1504013654.0747194
7.4325 11.2414 2.3543 1504013654.1316419
7.428 11.246 2.3554 1504013654.1926508
7.4238 11.2502 2.356 1504013654.2521
7.4197 11.2542 2.3568 1504013654.3157816
7.4114 11.2622 2.3582 1504013654.433093
7.3766 11.2964 2.3638 1504013654.9117186
7.3673 11.3056 2.3651 1504013655.0340786
7.3567 11.3173 2.3667 1504013655.2093716
7.3473 11.3258 2.3676 1504013655.3293304
7.3154 11.3567 2.3729 1504013655.7548418
7.311 11.3608 2.3735 1504013655.8117232
7.3018 11.3697 2.375 1504013655.9319506
7.2705 11.3999 2.3794 1504013656.352149
7.2671 11.403 2.3803 1504013656.4116247
7.255 11.4145 2.3821 1504013656.5906696
7.2508 11.4187 2.3825 1504013656.6502633
7.2466 11.4227 2.3833 1504013656.7126431
7.2431 11.426 2.384 1504013656.769843
7.2259 11.4426 2.3865 1504013657.0103695
7.2217 11.4465 2.3872 1504013657.0710788
7.2123 11.4555 2.3885 1504013657.1940804
7.1944 11.4724 2.3914 1504013657.4343247
7.1862 11.48 2.3925 1504013657.551979
7.1777 11.4884 2.3932 1504013657.6752887
7.173 11.4931 2.3942 1504013657.7334993
7.168 11.4988 2.3954 1504013657.85232
7.1449 11.5206 2.399 1504013658.152956
7.1341 11.5297 2.3993 1504013658.270344
7.1152 11.5467 2.402 1504013658.5095336
7.1018 11.5589 2.4038 1504013658.689763
7.085 11.5737 2.4061 1504013658.9312706
7.0607 11.5948 2.4096 1504013659.2933993
7.0351 11.6182 2.4134 1504013659.6507723
7.0133 11.6373 2.4165 1504013659.9499552
7.0049 11.6447 2.4183 1504013660.0725389
6.9959 11.6526 2.4193 1504013660.1899958
6.9869 11.6607 2.42 1504013660.3130572
6.946 11.6962 2.426 1504013660.853677
6.9416 11.6998 2.4269 1504013660.9142494
6.9282 11.7115 2.4287 1504013661.0916119
6.9146 11.7234 2.4307 1504013661.2736328
6.9101 11.7272 2.431 1504013661.331127
6.8792 11.7542 2.4349 1504013661.7517958
6.8711 11.761 2.4361 1504013661.8706872
6.862 11.769 2.4376 1504013661.994927
6.8531 11.7767 2.4385 1504013662.1122062
6.7986 11.8228 2.4458 1504013662.8311214
6.7765 11.8407 2.4491 1504013663.1299973
6.771 11.8454 2.45 1504013663.1927807
6.7528 11.8604 2.4524 1504013663.4330974
6.7435 11.8682 2.4539 1504013663.5509682
6.7389 11.8714 2.4552 1504013663.6109915
6.7335 11.8757 2.4559 1504013663.674137
6.6493 11.9412 2.4692 1504013664.749548
6.6274 11.9583 2.4728 1504013665.0499825
6.6177 11.9654 2.4738 1504013665.1705701
6.5984 11.9805 2.4767 1504013665.4115572
6.5939 11.9842 2.4776 1504013665.471529
6.5837 11.9926 2.4792 1504013665.595147
6.5741 11.9997 2.4809 1504013665.7132869
6.5636 12.0078 2.4825 1504013665.835263
6.5496 12.0184 2.485 1504013666.011107
6.5191 12.0404 2.4901 1504013666.429701
6.5153 12.0434 2.4906 1504013666.489701
6.5067 12.0495 2.4926 1504013666.6099315
6.4921 12.0603 2.4942 1504013666.7946568
6.483 12.0668 2.4966 1504013666.912729
6.4731 12.0735 2.4974 1504013667.0360298
6.4688 12.0773 2.4971 1504013667.093027
6.4502 12.0903 2.5017 1504013667.334034
6.4409 12.0967 2.5038 1504013667.45243
6.435 12.101 2.5044 1504013667.5149264
6.4249 12.108 2.5058 1504013667.6316566
6.4206 12.1114 2.5061 1504013667.6909213
6.4059 12.121 2.5088 1504013667.869842
6.326 12.1766 2.5228 1504013668.893549
6.3213 12.1795 2.5245 1504013668.9561539
6.316 12.1832 2.5248 1504013669.0119922
6.3059 12.1903 2.5267 1504013669.1320705
6.263 12.2191 2.5349 1504013669.6724606
6.1934 12.2668 2.5486 1504013670.5737987
6.1751 12.2788 2.553 1504013670.81212
6.1612 12.2888 2.5554 1504013670.9904857
6.1564 12.2916 2.5569 1504013671.0493479
6.1516 12.2948 2.558 1504013671.1122708
6.1329 12.3067 2.5619 1504013671.3520708
6.1187 12.316 2.5654 1504013671.5310478
6.1095 12.3218 2.5672 1504013671.65118
6.0666 12.35 2.5768 1504013672.192327
6.0245 12.3765 2.5881 1504013672.729379
6.0101 12.3849 2.5914 1504013672.9092627
5.9995 12.3911 2.5936 1504013673.0327663
5.9958 12.3938 2.5954 1504013673.0910938
5.9854 12.4002 2.5974 1504013673.2119794
5.9712 12.4093 2.6011 1504013673.3923254
5.9572 12.4171 2.6051 1504013673.5724669
5.9433 12.4256 2.6089 1504013673.7552667
5.9384 12.4285 2.6103 1504013673.8119385
5.9249 12.4369 2.614 1504013673.9945614
5.8511 12.4773 2.6348 1504013674.8915403
5.8361 12.4857 2.6393 1504013675.072009
5.7546 12.5279 2.6628 1504013676.0299354
5.7134 12.5487 2.6754 1504013676.571966
5.7085 12.5512 2.6768 1504013676.6346092
5.6982 12.5561 2.6801 1504013676.7525704
5.688 12.5617 2.6836 1504013676.8768995
5.6733 12.5685 2.6879 1504013677.0526385
5.6528 12.5779 2.6935 1504013677.29168
5.6436 12.5824 2.6965 1504013677.4098654
5.6332 12.5872 2.6995 1504013677.5297654
5.6024 12.6014 2.7086 1504013677.89078
5.5201 12.6385 2.7339 1504013678.9111648
5.5148 12.6407 2.7353 1504013678.9708085
5.5098 12.6429 2.7367 1504013679.0334167
5.4999 12.647 2.7398 1504013679.1498652
5.4906 12.651 2.7428 1504013679.272551
5.4856 12.6529 2.7439 1504013679.3294654
5.4759 12.6568 2.7471 1504013679.4505448
5.4308 12.6753 2.7609 1504013679.9967084
5.4214 12.6791 2.7641 1504013680.1133084
5.4117 12.6828 2.7669 1504013680.2349267
5.3622 12.7016 2.7824 1504013680.8295848
5.3514 12.7056 2.7857 1504013680.9537678
5.3463 12.7076 2.7875 1504013681.0101528
5.3305 12.7134 2.7924 1504013681.1945448
5.3207 12.7171 2.7955 1504013681.312327
5.3049 12.7226 2.8003 1504013681.4921105
5.2951 12.7259 2.8036 1504013681.6134553
5.2845 12.7296 2.8069 1504013681.733119
5.2739 12.7333 2.8101 1504013681.8522449
5.2583 12.7387 2.8153 1504013682.0315418
5.2473 12.7425 2.8188 1504013682.1534166
5.2168 12.752 2.8285 1504013682.509283
5.2058 12.7556 2.8322 1504013682.6340234
5.1951 12.7589 2.8354 1504013682.7528865
5.1854 12.7624 2.8392 1504013682.8752966
5.1803 12.764 2.8406 1504013682.9315512
5.1544 12.7719 2.8487 1504013683.2333064
5.1431 12.7754 2.8523 1504013683.3555944
5.1376 12.777 2.8539 1504013683.4118447
5.1278 12.7799 2.8572 1504013683.5316148
5.1035 12.7871 2.8652 1504013683.8325791
5.099 12.7884 2.8665 1504013683.8896794
5.0893 12.7913 2.8696 1504013684.0096793
5.0839 12.7928 2.8715 1504013684.07238
5.0287 12.8074 2.8892 1504013684.7333598
5.0184 12.8096 2.8924 1504013684.8537064
5.0137 12.8108 2.8937 1504013684.9138174
4.9683 12.8219 2.9086 1504013685.4496794
4.9572 12.8245 2.912 1504013685.5695448
4.9416 12.828 2.9169 1504013685.7523448
4.936 12.8292 2.9185 1504013685.8095376
4.9036 12.8383 2.9306 1504013686.235434
4.898 12.8393 2.9316 1504013686.2918837
4.8883 12.8418 2.9342 1504013686.4125295
4.8826 12.8431 2.9364 1504013686.4754114
4.868 12.8461 2.9412 1504013686.6504834
4.8621 12.8476 2.9424 1504013686.7137833
4.8409 12.8511 2.9497 1504013686.95364
4.8299 12.8528 2.9525 1504013687.0704265
4.7636 12.8654 2.9727 1504013687.8525696
4.758 12.8664 2.9743 1504013687.9164639
4.7152 12.8839 2.986 1504013688.4500995
4.6994 12.8857 2.9909 1504013688.6325078
4.6855 12.8848 2.9966 1504013688.750308
4.626 12.8883 3.0128 1504013689.4114692
4.6151 12.8898 3.0154 1504013689.5325284
4.5887 12.8917 3.0228 1504013689.8339527
4.5728 12.8932 3.0277 1504013690.0109258
4.5556 12.8949 3.0319 1504013690.189507
4.5446 12.8959 3.0353 1504013690.311604
4.5389 12.8964 3.0366 1504013690.368104
4.48 12.9023 3.0519 1504013691.0340362
4.4081 12.9129 3.0681 1504013691.809657
4.3871 12.9146 3.072 1504013691.9929876
4.3751 12.9149 3.0746 1504013692.1091213
4.3314 12.9155 3.0815 1504013692.5305905
4.2698 12.917 3.0916 1504013693.193568
4.2525 12.9173 3.0942 1504013693.3703141
4.2404 12.9179 3.0956 1504013693.4896069
4.2343 12.9181 3.0962 1504013693.5499446
4.2224 12.9185 3.0981 1504013693.672289
4.2166 12.9187 3.0983 1504013693.7294593
4.1968 12.9289 3.0993 1504013693.97047
4.1684 12.9292 3.1024 1504013694.271594
4.1624 12.9294 3.1027 1504013694.3318422
4.1577 12.9336 3.1017 1504013694.452807
4.1456 12.9337 3.1024 1504013694.5730686
4.1311 12.9343 3.1051 1504013694.6909602
4.1238 12.9346 3.1049 1504013694.7508361
4.0217 12.925 3.1088 1504013695.7711449
4.0106 12.9273 3.11 1504013696.0140345
4.0081 12.928 3.1107 1504013696.3141427
4.0072 12.9275 3.1108 1504013696.969668
4.0075 12.928 3.111 1504013696.9096408
4.0069 12.9275 3.1111 1504013697.0905395
4.0071 12.9273 3.1112 1504013697.7537427
4.0069 12.9272 3.1109 1504013697.8701277
4.0067 12.9272 3.1111 1504013697.993279
4.0067 12.9275 3.1112 1504013698.1088567
4.0065 12.9269 3.1109 1504013698.1686983
4.0066 12.9269 3.1108 1504013698.2317982
4.0067 12.9272 3.1112 1504013698.4080133
4.0066 12.927 3.1111 1504013698.528798
4.0067 12.9271 3.111 1504013698.5890672
4.0068 12.9272 3.1112 1504013698.6493356
4.0066 12.9271 3.1111 1504013698.8302526
4.0067 12.9272 3.1113 1504013698.9550736
4.0065 12.927 3.111 1504013699.0711994
4.0064 12.927 3.111 1504013699.131539
4.0054 12.9252 3.1114 1504013699.6100903
4.0057 12.9259 3.1113 1504013700.3298903
4.0058 12.9262 3.1113 1504013700.5113997
4.0056 12.926 3.1112 1504013700.6335495
4.0059 12.9262 3.1115 1504013700.751008
4.0058 12.9264 3.1113 1504013700.8118477
4.0062 12.9268 3.1113 1504013701.7083185
4.006 12.9264 3.1111 1504013701.8901973
4.006 12.9265 3.1112 1504013702.0737078
4.0062 12.9266 3.1112 1504013702.3721228
4.0063 12.9267 3.1113 1504013702.553734
4.0062 12.9266 3.1114 1504013703.1483207
4.0062 12.9267 3.1113 1504013703.5131185
4.0061 12.9266 3.1112 1504013703.630075
4.0062 12.9268 3.1113 1504013703.8102856
4.0061 12.9266 3.1112 1504013703.9954433
4.0062 12.9268 3.1113 1504013704.1113648
4.006 12.9265 3.1111 1504013704.2902489
4.0062 12.9267 3.1114 1504013704.3498416
4.006 12.9265 3.1111 1504013704.4704409
4.0063 12.9268 3.1112 1504013704.7112122
4.0065 12.927 3.1112 1504013705.0090978
4.0063 12.9268 3.1111 1504013705.130149
4.0062 12.9269 3.1113 1504013705.6116524
4.0063 12.9268 3.1112 1504013705.9689114
4.0062 12.9267 3.1111 1504013706.2681112
4.0061 12.9267 3.1111 1504013706.5686147
4.0061 12.9267 3.1111 1504013706.6311421
4.0062 12.9269 3.1113 1504013706.8104115
4.0061 12.9267 3.1111 1504013706.9304802
4.0061 12.9267 3.1111 1504013706.9906154
4.0063 12.9268 3.1113 1504013707.0506287
4.0062 12.9269 3.1113 1504013707.11429
4.0062 12.927 3.1112 1504013707.7085717
4.0063 12.927 3.1112 1504013708.6107972
4.0063 12.9268 3.1111 1504013708.6708221
4.0062 12.9268 3.1112 1504013708.7311838
4.0061 12.9268 3.1111 1504013709.0901093
4.0061 12.9268 3.1111 1504013709.2714715
4.0061 12.9268 3.1111 1504013709.3883164
4.0063 12.9269 3.1111 1504013709.6882734
4.0063 12.9271 3.1112 1504013709.8087716
4.0061 12.9269 3.1111 1504013709.993122
4.0061 12.9268 3.1111 1504013710.1704836
4.0061 12.9268 3.1111 1504013710.2337031
4.0063 12.9269 3.1113 1504013710.3512454
4.0062 12.9269 3.1111 1504013710.590116
4.0063 12.927 3.1112 1504013710.7123222
4.0062 12.9269 3.1112 1504013710.8296223
4.0064 12.927 3.1113 1504013710.9522717
4.0061 12.9268 3.1111 1504013711.369522
4.006 12.9268 3.1111 1504013711.489159
4.0061 12.9268 3.1111 1504013711.7907338
4.006 12.9267 3.1111 1504013712.5689435
4.0062 12.927 3.1112 1504013713.1700587
4.0063 12.9271 3.1112 1504013713.410934
4.0062 12.9269 3.1112 1504013713.5947514
4.0063 12.927 3.1113 1504013713.6521437
4.006 12.9268 3.1111 1504013713.8904362
4.006 12.9268 3.1111 1504013714.1295142
4.0063 12.927 3.1113 1504013714.5515666
4.0062 12.927 3.1113 1504013714.8504362
4.006 12.9268 3.1111 1504013714.9712563
4.0059 12.9268 3.1111 1504013715.0912201
4.006 12.9269 3.1111 1504013715.3313203
4.0062 12.9271 3.1112 1504013715.8079605
4.0061 12.9271 3.1112 1504013716.1093516
4.0061 12.9269 3.1113 1504013716.3498125
4.006 12.9268 3.1111 1504013716.4727228
4.0061 12.9269 3.1112 1504013716.771926
4.0063 12.927 3.1113 1504013716.9545362
4.0061 12.9269 3.1111 1504013717.069692
4.0062 12.9271 3.1113 1504013717.2494254
4.006 12.9268 3.1111 1504013717.48784
4.0062 12.927 3.1113 1504013717.6080678
4.0061 12.9268 3.1112 1504013717.6710124
4.0062 12.927 3.1112 1504013717.9132187
4.0062 12.927 3.1112 1504013717.9693918
4.0063 12.9271 3.1112 1504013718.2116203
4.0061 12.9269 3.1112 1504013720.3699715
4.006 12.9268 3.1111 1504013720.7277012
4.0062 12.927 3.1113 1504013721.7536135
4.0061 12.9271 3.1112 1504013722.1082983
4.006 12.927 3.1113 1504013722.4072945
4.0059 12.9268 3.1111 1504013722.5281982
4.0061 12.9269 3.1113 1504013722.6488953
4.0059 12.9268 3.1111 1504013723.4336033
4.006 12.927 3.1112 1504013723.6093183
4.0062 12.927 3.1113 1504013724.1511638
4.0059 12.9268 3.1111 1504013724.3302035
4.0061 12.9269 3.1113 1504013724.4502516
4.0059 12.9267 3.1111 1504013724.5716028
4.006 12.9269 3.1113 1504013724.8109672
4.0059 12.9267 3.1112 1504013725.5278387
4.0059 12.9267 3.1112 1504013725.5899012
4.0058 12.9266 3.1111 1504013726.0742214
4.0059 12.9267 3.1112 1504013726.37166
4.0059 12.9267 3.1112 1504013726.4910674
4.0058 12.9266 3.1112 1504013726.7913818
4.0059 12.9269 3.1113 1504013726.9086156
4.0059 12.9267 3.1113 1504013727.1476636
4.0058 12.9266 3.1112 1504013727.3283753
4.0058 12.9266 3.1111 1504013727.388834
4.006 12.9268 3.1113 1504013727.4493546
4.0059 12.9266 3.1112 1504013727.5702667
4.0058 12.9265 3.1112 1504013727.9311173
4.0058 12.9265 3.1111 1504013728.1706328
4.0057 12.9265 3.1111 1504013728.2328472
4.0059 12.9267 3.1113 1504013728.4083753
4.0059 12.9268 3.1113 1504013729.310431
4.0059 12.9266 3.1113 1504013729.5517812
4.0058 12.9265 3.1112 1504013729.6743097
4.0058 12.9265 3.1112 1504013729.7304823
4.0058 12.9266 3.1112 1504013730.0882545
4.0058 12.9266 3.1111 1504013730.267725
4.0055 12.9266 3.1111 1504013731.468752
4.0057 12.9265 3.1112 1504013732.1886954
4.0055 12.9268 3.1111 1504013732.3123212
4.0055 12.9268 3.1111 1504013732.4911551
4.0057 12.927 3.1113 1504013732.6111274
4.0055 12.9266 3.1112 1504013732.731275
4.0057 12.9267 3.1114 1504013732.8507388
4.0055 12.9264 3.1111 1504013732.9695134
4.0057 12.9264 3.1112 1504013733.2710662
4.0057 12.9265 3.1112 1504013733.387901
4.0058 12.9265 3.1112 1504013733.6286578
4.0057 12.9264 3.1112 1504013733.929141
4.0057 12.9264 3.1112 1504013733.9925876
4.0056 12.9264 3.1111 1504013734.2911754
4.0058 12.9265 3.1112 1504013734.5896378
4.0058 12.9265 3.1112 1504013734.888266
4.0059 12.9268 3.1113 1504013735.007253
4.0058 12.9264 3.1111 1504013735.0671208
4.0058 12.9267 3.1113 1504013735.309409
4.0056 12.9263 3.1111 1504013735.4893377
4.0058 12.9265 3.1114 1504013735.549555
4.0057 12.9266 3.1113 1504013735.6105995
4.0057 12.9264 3.1112 1504013735.673619
4.0048 12.9249 3.1115 1504013736.5075126
4.0048 12.9248 3.1114 1504013736.5672443
4.0051 12.925 3.1116 1504013736.7468224
4.0046 12.9243 3.1115 1504013737.5942245
4.0049 12.9248 3.1117 1504013737.9497995
4.0049 12.9244 3.1118 1504013738.5502825
4.0044 12.9242 3.1115 1504013738.6696827
4.0044 12.9242 3.1116 1504013738.7293997
4.0044 12.9246 3.1115 1504013738.9716253
4.0047 12.925 3.1115 1504013739.330246
4.0051 12.9251 3.1116 1504013739.4504344
4.0051 12.9254 3.1114 1504013739.688018
4.0051 12.9258 3.1113 1504013740.473702
4.0053 12.926 3.1113 1504013740.7709246
4.0047 12.9244 3.1115 1504013741.0100493
4.0045 12.9242 3.1116 1504013741.3675137
4.0046 12.9245 3.1114 1504013741.6075363
4.0047 12.9247 3.1116 1504013741.7281308
4.0043 12.9242 3.1118 1504013742.3316364
4.0048 12.9244 3.1117 1504013742.749033
4.0047 12.9247 3.1115 1504013742.9266152
4.0047 12.9251 3.1115 1504013743.1670737
4.0047 12.9251 3.1114 1504013743.2269921
4.0048 12.9251 3.1113 1504013743.2877817
4.0044 12.924 3.1115 1504013743.4089327
4.0044 12.924 3.1115 1504013743.4691627
4.0047 12.9247 3.1114 1504013744.1292996
4.0051 12.9249 3.1116 1504013744.2493434
4.0049 12.9251 3.1115 1504013744.3690784
4.0045 12.9241 3.1115 1504013744.7897987
4.0045 12.9239 3.1116 1504013744.969133
4.0045 12.924 3.1119 1504013745.032533
4.0048 12.924 3.1116 1504013745.1503465
4.0051 12.9239 3.1115 1504013745.3901277
4.0055 12.9241 3.1118 1504013745.7523432
4.0046 12.9239 3.1114 1504013745.8700433
4.0043 12.9241 3.1118 1504013745.9293625
4.0046 12.9239 3.1117 1504013746.1075015
4.005 12.9239 3.1118 1504013746.3470578
4.005 12.924 3.1116 1504013746.528267
4.0044 12.9242 3.1116 1504013747.369503
4.0048 12.9243 3.1117 1504013747.5483603
4.0046 12.9239 3.1115 1504013748.2693717
4.0044 12.9242 3.1118 1504013748.329503
4.0047 12.9241 3.1116 1504013748.3925443
4.0047 12.924 3.1117 1504013748.5099463
4.0046 12.9239 3.1116 1504013748.5706134
4.0047 12.9238 3.1115 1504013748.6914763
4.0046 12.9242 3.1115 1504013748.8102713
4.0048 12.9246 3.1115 1504013749.2277696
4.0045 12.9239 3.1115 1504013749.4070153
4.0045 12.9239 3.1116 1504013749.5270033
4.0048 12.9241 3.1118 1504013749.6474245
4.0046 12.9243 3.1114 1504013749.8313446
4.005 12.9245 3.1117 1504013749.9495442
4.0046 12.9241 3.1115 1504013750.6688552
4.0047 12.9241 3.1115 1504013750.7285118
4.0049 12.925 3.1114 1504013751.2707243
4.0048 12.9245 3.1115 1504013752.109766
4.0047 12.9245 3.1115 1504013752.169578
4.0049 12.9245 3.1113 1504013752.232163
4.0049 12.9249 3.1115 1504013752.4710627
4.005 12.9249 3.1114 1504013752.5273626
4.0052 12.9251 3.1116 1504013752.5873356
4.0049 12.9253 3.1115 1504013752.7671356
4.0052 12.9258 3.1114 1504013753.3104038
4.006 12.9259 3.1111 1504013753.8496811
4.0048 12.9243 3.1115 1504013754.2070627
4.005 12.9245 3.1115 1504013754.3271575
4.0053 12.9246 3.1117 1504013754.4485745
4.0052 12.9247 3.1113 1504013754.632463
4.0054 12.9249 3.1116 1504013754.7496548
4.0051 12.9252 3.1114 1504013754.8737464
4.0051 12.9255 3.1113 1504013755.2896028
4.0046 12.924 3.1115 1504013755.4079509
4.0049 12.9238 3.1116 1504013755.9471865
4.0048 12.9238 3.1116 1504013756.2492952
4.0044 12.9241 3.1118 1504013756.3698397
4.0046 12.9241 3.1115 1504013756.4901376
4.0045 12.9238 3.1113 1504013757.088706
4.0049 12.9239 3.1118 1504013757.1484509
4.005 12.9243 3.1115 1504013757.4472992
4.0048 12.9243 3.1113 1504013757.51018
4.0048 12.9241 3.1117 1504013757.75042
4.0045 12.9241 3.1116 1504013757.9297118
4.0045 12.924 3.1116 1504013758.1699696
4.0053 12.9241 3.1116 1504013758.5291345
4.0054 12.9241 3.1118 1504013758.6489024
4.0054 12.9239 3.1117 1504013758.9511619
4.0049 12.924 3.1116 1504013759.1269774
4.005 12.924 3.1115 1504013759.189962
4.0048 12.9244 3.1115 1504013759.3081815
4.0048 12.9244 3.1115 1504013759.3683581
4.005 12.9244 3.1113 1504013759.4890766
4.005 12.9248 3.1114 1504013759.6102345
4.0053 12.925 3.1116 1504013759.7899396
4.0054 12.925 3.1114 1504013759.8506517
4.005 12.9251 3.1112 1504013759.9140754
4.005 12.9243 3.1117 1504013760.1526346
4.0046 12.9239 3.1114 1504013761.1122766
4.0044 12.9238 3.1115 1504013761.7095256
4.0047 12.9243 3.1115 1504013762.0071683
4.005 12.9244 3.1115 1504013762.2469468
4.0046 12.9242 3.1114 1504013762.7919345
4.0046 12.9237 3.1115 1504013763.210352
4.0046 12.9239 3.1117 1504013763.7500038
4.0043 12.9239 3.1116 1504013763.8671546
4.0044 12.9239 3.1116 1504013763.9272623
4.0044 12.9238 3.1116 1504013764.2316809
4.0045 12.9236 3.1114 1504013764.713595
4.0044 12.9238 3.1115 1504013765.127822
4.0044 12.9238 3.1115 1504013765.1904159
4.0042 12.9238 3.1118 1504013765.3665469
4.0049 12.9241 3.1111 1504013765.9128485
4.0049 12.9245 3.1114 1504013766.0899982
4.0044 12.9234 3.1114 1504013766.271252
4.0044 12.9233 3.1114 1504013766.5088487
4.0044 12.9233 3.1114 1504013766.5692153
4.0048 12.9234 3.1117 1504013766.7481298
4.0047 12.9239 3.1112 1504013769.515253
4.0043 12.9233 3.1114 1504013769.808396
4.0044 12.923 3.1114 1504013770.4066746
4.0039 12.9235 3.1119 1504013770.768877
4.0041 12.9234 3.1114 1504013770.953629
4.0038 12.9237 3.1118 1504013771.0700426
4.0042 12.9236 3.1113 1504013771.130048
4.0042 12.9236 3.1113 1504013771.1919546
4.004 12.9231 3.1114 1504013771.3080053
4.0039 12.9235 3.1118 1504013771.3680549
4.0044 12.9237 3.1113 1504013771.7269087
4.0044 12.9238 3.1115 1504013772.810308
4.0048 12.9238 3.1118 1504013773.0482688
4.0045 12.9236 3.1112 1504013773.406561
4.0046 12.9237 3.1113 1504013773.8316443
4.0042 12.923 3.1115 1504013775.1466284
4.0043 12.923 3.1118 1504013775.3887033
4.0037 12.9233 3.1119 1504013775.5687227
4.004 12.9234 3.1113 1504013775.9924355
4.0039 12.923 3.1114 1504013776.1086588
4.004 12.9231 3.1114 1504013776.2312217
4.0043 12.923 3.1118 1504013776.5869167
4.0043 12.9232 3.1117 1504013776.6467583
4.0041 12.9232 3.1119 1504013776.7670653
4.0044 12.9231 3.1115 1504013776.8883986
4.0042 12.9231 3.1113 1504013777.1288357
4.0042 12.9233 3.1113 1504013778.1498775
4.0043 12.9232 3.1112 1504013778.266955
4.0038 12.9236 3.1118 1504013778.5698779
4.0041 12.9229 3.1114 1504013778.9306269
4.0039 12.9231 3.1115 1504013779.1143417
4.0039 12.9233 3.1115 1504013779.229738
4.004 12.9232 3.1114 1504013779.2892928
4.004 12.9235 3.1112 1504013779.589654
4.0042 12.9229 3.1113 1504013779.8857338
4.0043 12.9231 3.1113 1504013780.5537071
4.0043 12.923 3.1111 1504013780.671957
4.0042 12.9234 3.1114 1504013781.0316577
4.0043 12.923 3.1115 1504013781.1482744
4.0043 12.9233 3.1117 1504013781.4464269
4.0041 12.9232 3.1113 1504013781.8081355
4.004 12.9233 3.1115 1504013782.1093545
4.004 12.9229 3.1114 1504013782.408773
4.0041 12.9229 3.1113 1504013782.4720795
4.0043 12.9231 3.1118 1504013782.5895796
4.0043 12.9233 3.1117 1504013783.5489974
4.0044 12.9235 3.1112 1504013784.2674236
4.0041 12.9234 3.1115 1504013784.5072138
4.0044 12.9233 3.1116 1504013784.8071234
4.0045 12.9232 3.1114 1504013784.872435
4.0046 12.9232 3.1115 1504013785.1126795
4.0048 12.9231 3.1113 1504013785.169334
4.0046 12.9237 3.1113 1504013785.5302095
4.0047 12.9233 3.1115 1504013785.6487794
4.0043 12.923 3.1112 1504013785.769055
4.0041 12.9231 3.1114 1504013786.1266508
4.0044 12.9231 3.1113 1504013786.3669696
4.0042 12.9236 3.1115 1504013786.5513315
4.0041 12.9232 3.1114 1504013787.2718322
4.0044 12.9234 3.1117 1504013787.4476438


# Displacement and sum
0 0.0009174608286228042 0.0009174608286228042
1 0.0002884832504260349 0.0012059440790488391
2 0.001792750249544381 0.00299869432859322
3 0.0006071046574258124 0.0036057989860190324
4 0.005388146642444101 0.008993945628463134
5 0.0009137199439281027 0.009907665572391236
6 0.0014060055598555561 0.011313671132246792
7 0.0027991217020268654 0.014112792834273658
8 0.00015591006483326592 0.014268702899106924
9 0.002567701041796098 0.016836403940903022
10 0.004991694989599421 0.021828098930502443
11 0.0034275369247640207 0.025255635855266464
12 0.0005469759095567614 0.025802611764823225
13 0.001407725365843375 0.0272103371306666
14 0.0009997032169985764 0.028210040347665177
15 0.0022496337012596554 0.030459674048924832
16 0.00033404082888925657 0.03079371487781409
17 0.0020210485419348105 0.0328147634197489
18 0.00011542986255538498 0.03293019328230429
19 0.0014432434794013765 0.034373436761705664
20 1.888865317876791e-05 0.034392325414884434
21 0.0023060680728046873 0.03669839348768912
22 0.003645738717857179 0.0403441322055463
23 0.0007412755107051097 0.04108540771625141
24 0.002778261753586822 0.04386366946983823
25 0.0020918871630645217 0.04595555663290275
26 0.003697210695313452 0.049652767328216205
27 0.0008259277664463965 0.0504786950946626
28 6.100594673991849e-05 0.05053970104140252
29 0.0024685676504744604 0.053008268691876984
30 0.0029584940988041375 0.05596676279068112
31 0.0011824499850550839 0.0571492127757362
32 0.0005301192155677259 0.05767933199130393
33 0.13891644838923842 0.19659578038054235
34 0.0002892117806254785 0.19688499216116784
35 0.0010962129117316269 0.19798120507289946
36 0.0032287276343343097 0.20120993270723378
37 0.0022380028391296818 0.20344793554636345
38 0.000878316438595813 0.20432625198495927
39 0.0002305223034698295 0.2045567742884291
40 0.0005765949098384751 0.20513336919826758
41 0.0008040621111389118 0.2059374313094065
42 0.0008150393232288864 0.20675247063263538
43 0.0019722660478943485 0.20872473668052974
44 0.004978930726205585 0.21370366740673533
45 0.0015114276133764981 0.21521509502011182
46 0.00463872631570459 0.2198538213358164
47 0.0007541327727361054 0.22060795410855252
48 0.0038227638299190257 0.22443071793847155
49 0.0022223543082449775 0.22665307224671652
50 0.022706510959702192 0.2493595832064187
51 0.0003006894760354678 0.24966027268245417
52 0.0012991053681287792 0.25095937805058294
53 0.000444656841735374 0.25140403489231833
54 0.0016567536561774478 0.2530607885484958
55 0.016169854025854608 0.26923064257435037
56 0.0034615904818633934 0.27269223305621376
57 0.004003093572554468 0.2766953266287682
58 0.0008683218730473882 0.2775636485018156
59 0.0015011205970718554 0.27906476909888744
60 0.0028498799666012947 0.28191464906548874
61 0.0038406505715573164 0.28575529963704605
62 0.001578697912309468 0.2873339975493555
63 0.00066348651931393 0.28799748406866943
64 0.0035519405194337182 0.2915494245881031
65 0.00016135417125982127 0.29171077875936297
66 0.0010042856385953005 0.29271506439795825
67 0.0027038638904575106 0.29541892828841576
68 0.002260087143889953 0.29767901543230574
69 0.0021627613550128724 0.2998417767873186
70 0.0009354382263298197 0.3007772150136484
71 0.0032650723100418194 0.3040422873236902
72 0.001687694136471303 0.3057299814601615
73 0.0018478002087091976 0.3075777816688707
74 0.001951085980614831 0.3095288676494855
75 0.0004928465495153481 0.3100217141990009
76 0.00269678025036465 0.3127184944493655
77 0.0017325214505621161 0.31445101589992763
78 0.0014131890111037868 0.3158642049110314
79 0.0010454035617635735 0.316909608472795
80 0.00019581821911581962 0.3171054266919108
81 0.001183983316169146 0.3182894100080799
82 0.0005977041949367483 0.3188871142030167
83 0.001346831183273764 0.32023394538629046
84 0.0011040162154270922 0.32133796160171757
85 0.0006175904013957061 0.32195555200311327
86 0.0003953993610141121 0.3223509513641274
