# SLAM - pose_x pose_y orientation time
16.4387 2.97338 -3.12778 1504013511.8824942
16.2409 2.96235 -3.13467 1504013513.8915515
16.0051 2.95647 3.13492 1504013516.302722
15.8252 2.95632 3.12388 1504013518.314244
15.6347 2.93103 3.12465 1504013520.32639
15.3804 2.90981 3.1033 1504013522.7390802
15.1675 2.9082 3.09258 1504013525.1547503
14.9364 2.91721 3.08891 1504013527.5670662
14.6736 2.91504 3.05969 1504013529.9789798
14.4533 2.92102 3.07392 1504013532.3897748
14.244 2.9413 3.05919 1504013534.3990982
14.0556 2.92349 3.03727 1504013536.407947
13.7847 2.92366 2.97477 1504013538.8187366
13.5231 2.96715 2.99421 1504013541.2314975
13.3088 3.01041 2.95962 1504013543.6436703
13.1354 3.05829 2.90728 1504013545.6538627
12.8778 3.09666 2.90181 1504013548.065589
12.6511 3.1527 2.85056 1504013550.4791658
12.4476 3.26117 2.81288 1504013552.8922167
12.2116 3.38488 2.76168 1504013555.3058503
12.0808 3.44372 2.72455 1504013557.716327
11.8777 3.53802 2.69009 1504013560.131497
11.7173 3.67151 2.60184 1504013562.5418863
11.5825 3.83399 2.53135 1504013564.9536717
11.4226 3.98898 2.48138 1504013567.367435
11.2395 4.15315 2.43367 1504013569.780588
11.114 4.29079 2.35807 1504013572.197402
11.0205 4.4622 2.33177 1504013574.6106513
10.8868 4.61568 2.28981 1504013577.024671
10.7304 4.82118 2.23611 1504013579.4378004
10.6123 4.98358 2.19594 1504013581.8483167
10.4617 5.22933 2.13893 1504013584.2648492
10.4973 5.27935 2.15286 1504013586.677791
10.3089 5.46625 2.17922 1504013589.0906138
10.215 5.56311 1.9823 1504013591.5027263
10.2049 5.73381 1.93037 1504013593.9133244
9.99499 5.95472 2.07042 1504013595.9247055
9.96165 6.1675 1.8729 1504013597.938448
9.84579 6.44376 1.9188 1504013600.3528378
9.79868 6.61165 1.84935 1504013602.7634137
9.85372 6.87812 1.74392 1504013605.1745615
9.81985 7.13317 1.74513 1504013607.5873303
9.77823 7.35187 1.74787 1504013609.5990417
9.69804 7.55352 1.71595 1504013612.0109866
9.66447 7.80074 1.72987 1504013614.4247239
9.54142 8.00595 1.77542 1504013616.8429904
9.50801 8.24601 1.78973 1504013619.2541924
9.37923 8.42496 1.82844 1504013621.6673079
9.31591 8.59059 1.86415 1504013623.678454
9.22797 8.78225 1.87419 1504013626.0898104
9.11662 8.98021 1.92169 1504013628.5008867
8.98257 9.15116 1.90996 1504013630.918056
8.86064 9.14697 1.95905 1504013633.3317428
8.61213 7.45224 2.03698 1504013635.743159
8.48861 7.58336 1.98463 1504013638.1561742
8.36326 7.80485 2.03698 1504013640.5723422
8.3514 8.00225 2.08847 1504013642.988321
8.23115 8.20506 2.12746 1504013645.4007137
8.14435 8.26304 2.14209 1504013647.8110216
9.2594 7.92965 1.91481 1504013650.225078
8.95176 8.21315 1.87214 1504013652.6410992
9.02591 8.30192 1.97689 1504013654.6495533
8.96343 8.399 2.02293 1504013656.6591218
8.90908 8.5748 2.06999 1504013658.668874
8.68078 8.71957 2.0198 1504013661.0807223
8.57188 8.95481 2.08139 1504013663.4928968
8.36633 9.1288 2.03207 1504013665.905597
8.29202 9.31232 2.17723 1504013668.3199613
8.13381 9.51577 2.39143 1504013670.7304485
7.9775 9.58696 2.44373 1504013673.1428785
7.67816 9.62783 2.48673 1504013675.5537057
7.49795 9.71436 2.53649 1504013677.9662545
7.27767 9.77694 2.57545 1504013680.3790119
7.09297 9.8286 2.67856 1504013682.7905755
6.90089 9.88094 2.7825 1504013685.2034125
6.70203 9.9502 2.8475 1504013687.6156833
6.40371 9.82613 2.85583 1504013690.0265684
6.19021 9.81346 2.97026 1504013692.436502
5.99487 9.89802 2.96586 1504013694.8481178


# GT - pose_x pose_y orientation time
16.432573287 2.993 0.0 1504013511.93
16.2287231541 2.99928448768 0.0 1504013513.91
15.9924943773 3.0005 0.0 1504013516.39
15.8152053262 2.9979 0.0 1504013518.11
15.5868856723 3.00101850255 0.0 1504013520.37
15.3321499596 3.00750635049 0.0 1504013522.94
15.1142718679 3.01631685462 0.0 1504013525.15
14.8879434765 3.02629282617 0.0 1504013527.43
14.6285966678 3.04065819993 0.0 1504013530.05
14.373470033 3.05397533113 0.0 1504013532.62
14.1868429289 3.06496314909 0.0 1504013534.47
13.9860531597 3.081 0.0 1504013536.46
13.7586556171 3.10259382032 0.0 1504013538.81
13.5274853816 3.1334961703 0.0 1504013541.21
13.3176252079 3.1610026097 0.0 1504013543.34
13.093437712 3.20301728192 0.0 1504013545.57
12.8575964482 3.24948470902 0.0 1504013548.06
12.642964075 3.30110291333 0.0 1504013550.42
12.4324761024 3.36526836415 0.0 1504013552.81
12.2054888931 3.44833922731 0.0 1504013555.4
12.0033716049 3.53265199127 0.0 1504013557.76
11.8123937725 3.62684229469 0.0 1504013560.11
11.6230235525 3.72660728167 0.0 1504013562.49
11.4322306085 3.84615521591 0.0 1504013564.98
11.2491679144 3.97810661164 0.0 1504013567.45
11.0803293093 4.11716218482 0.0 1504013569.82
10.9259117483 4.25571410631 0.0 1504013572.04
10.7521223509 4.42549552982 0.0 1504013574.68
10.6044296389 4.59632443328 0.0 1504013577.15
10.4775608387 4.75925035029 0.0 1504013579.39
10.3541982404 4.94165263941 0.0 1504013581.81
10.2376933874 5.12411354018 0.0 1504013584.11
10.1108128872 5.34664494332 0.0 1504013586.86
10.0053232073 5.54807967041 0.0 1504013589.24
9.9122152958 5.7464038836 0.0 1504013591.49
9.81902516013 5.95785792412 0.0 1504013593.91
9.74164069782 6.14387047487 0.0 1504013595.92
9.67009086916 6.34376853664 0.0 1504013598.02
9.60169128214 6.55976989412 0.0 1504013600.31
9.53652007631 6.79476472338 0.0 1504013602.83
9.47822167059 7.02125643294 0.0 1504013605.22
9.42208710033 7.23251312018 0.0 1504013607.44
9.36136294421 7.45107559523 0.0 1504013609.61
9.31537984357 7.64723430727 0.0 1504013611.69
9.2475816572 7.92109551809 0.0 1504013614.5
9.19224500539 8.13636074517 0.0 1504013616.79
9.12820205001 8.37470107725 0.0 1504013619.33
9.06273431201 8.59714515775 0.0 1504013621.64
9.00013461314 8.78597548723 0.0 1504013623.57
8.92561405839 8.99095365659 0.0 1504013625.86
8.82844847545 9.22947881138 0.0 1504013628.52
8.73785685731 9.43457492579 0.0 1504013630.89
8.63526066515 9.6414073599 0.0 1504013633.31
8.52064621384 9.84838079635 0.0 1504013635.74
8.40183657027 10.0431869124 0.0 1504013638.18
8.27376096969 10.2368738966 0.0 1504013640.6
8.15456048462 10.4050799068 0.0 1504013642.79
7.99818954759 10.6098578003 0.0 1504013645.43
7.8551518816 10.7820044924 0.0 1504013647.73
7.69542688852 10.9627701888 0.0 1504013650.23
7.53448732455 11.1359834315 0.0 1504013652.66
7.38794055806 11.2853594419 0.0 1504013654.75
7.2483875042 11.420997615 0.0 1504013656.69
7.10225616721 11.5584853025 0.0 1504013658.68
6.92121461902 11.7176967232 0.0 1504013661.19
6.75033839455 11.8624000544 0.0 1504013663.46
6.57594440773 11.9982895706 0.0 1504013665.69
6.36313839228 12.1513074223 0.0 1504013668.41
6.17520387934 12.2787268123 0.0 1504013670.81
5.99233295389 12.3959934373 0.0 1504013673.13
5.79681938816 12.5064930814 0.0 1504013675.54
5.60403458032 12.6006455783 0.0 1504013677.87
5.3999288341 12.6873884664 0.0 1504013680.37
5.20355750777 12.7562644421 0.0 1504013682.66
4.995974335 12.8150945922 0.0 1504013685.12
4.77869646376 12.8627179197 0.0 1504013687.68
4.56863548514 12.8935590099 0.0 1504013690.05
4.33140853613 12.9154995507 0.0 1504013692.53
4.10488917336 12.9332573544 0.0 1504013694.9


# Displacement and sum
0 0.005839685571491143 0.005839685571491143
1 0.00035860239757518064 0.006198287969066324
2 -0.002591947548587631 0.003606340420478693
3 0.03616958343696075 0.039775923857439444
4 -0.0003654943632449559 0.03941042949419449
5 0.005150069992250428 0.044560499486444916
6 -0.004727429513947723 0.03983306997249719
7 -0.0030646016475352478 0.036768468324961945
8 0.03509281497975422 0.07186128330471617
9 -0.023329931496409495 0.04853135180830667
10 0.012189230469031587 0.06072058227733826
11 -0.04247953005847219 0.018241052218866072
12 -0.03196381449787766 -0.013722762279011591
13 -0.006967638379550084 -0.020690400658561675
14 0.04820147188253332 0.027511071223971645
15 -0.02006658417413637 0.007444487049835274
16 -0.012771702478929808 -0.005327215429094534
17 -0.010552651866914342 -0.015879867296008876
18 -0.02474806875026267 -0.040627936046271546
19 0.07557261737020649 0.03494468132393494
20 -0.010982199317681712 0.023962482006253227
21 0.00536140938677615 0.029323891393029378
22 0.01403456357221916 0.04335845496524854
23 0.002973597355122315 0.04633205232037085
24 -0.0271912691302853 0.019140783190085553
25 0.021198265860251087 0.04033904905033664
26 0.047705032918529955 0.0880440819688666
27 0.022274138010433014 0.11031821997929961
28 -0.05175053710971095 0.05856768286958866
29 0.01940019347691438 0.07796787634650304
30 -0.07174051458369676 0.006227361762806277
31 0.1947667198898073 0.20099408165261357
32 -0.03799411072629599 0.16299997092631757
33 0.08418869403374027 0.24718866496005784
34 0.06007983103507342 0.3072684959951313
35 -0.10326784763491206 0.20400064836021922
36 -0.0030588990728695753 0.20094174928734965
37 -0.07299909000410282 0.12794265928324683
38 0.06949009896061673 0.19743275824386355
39 -0.038220629005673634 0.15921212923818992
40 -0.03870163644543401 0.12051049279275591
41 0.004216253768351053 0.12472674656110697
42 -0.015533315586901686 0.10919343097420528
43 0.032639793598212535 0.14183322457241782
44 -0.01701088586957286 0.12482233870284495
45 0.004420936072032172 0.12924327477487713
46 0.01140713238812252 0.14065040716299965
47 0.021615259977288664 0.1622656671402883
48 0.007232021556298818 0.16949768869658713
49 0.030428913302225635 0.19992660199881276
50 0.006972326195948703 0.20689892819476147
51 0.10887815874079398 0.31577708693555545
52 -1.476264209570711 -1.1604871226351556
53 0.04804005101667341 -1.1124470716184822
54 -0.022297864809687984 -1.13474493642817
55 0.008404214691322631 -1.1263407217368475
56 0.02187505737276063 -1.1044656643640869
57 0.11943393915334823 -0.9850317252107387
58 -0.9226010767814343 -1.907632801992173
59 -0.18190643545583793 -2.089539237448011
60 0.09359381118462176 -1.995945426263389
61 0.07916111591454525 -1.9167843103488438
62 0.01663236864198639 -1.9001519417068573
63 -0.029241871541226455 -1.9293938132480837
64 -0.035309394089457546 -1.9647032073375412
65 -0.04821508482231626 -2.0129182921598576
66 0.06411464029628691 -1.9488036518635707
67 -0.030667811802311096 -1.979471463665882
68 0.04548198100846823 -1.9339894826574136
69 -0.0775381867533616 -2.0115276694107753
70 0.01463991379104182 -1.9968877556197335
71 -0.007223303164859696 -2.004111058784593
72 0.016311426792141953 -1.9877996319924511
73 0.01667516455565915 -1.971124467436792
74 0.011859742376265414 -1.9592647250605266
75 -0.11077866093474062 -2.0700433859952674
76 0.024363786516795938 -2.0456795994784716
77 0.014357335145506911 -2.0313222643329647
