0.0224200133234 -50.7135658264 0.0 1488552814649861808
0.0224200133234 -50.7135658264 0.0 1488552815129287612
0.0224200133234 -50.7135658264 0.0 1488552815669254988
0.0224200133234 -50.7135658264 0.0 1488552815719625306
0.0224200133234 -50.7135658264 0.0 1488552815891959161
0.0224200133234 -50.7135658264 0.0 1488552816190132317
0.0224200133234 -50.7135658264 0.0 1488552816263575842
0.0224200133234 -50.7135658264 0.0 1488552816371232604
0.0233226247073 -50.7135788498 0.0 1488552816463960802
0.0302709632803 -50.7137073728 0.0 1488552816569421748
0.0509902191815 -50.7141682045 0.0 1488552816715363942
0.0665738145062 -50.7146107687 0.0 1488552816807901187
0.0997104625322 -50.7156269682 0.0 1488552816972591368
0.128939217608 -50.7166278538 0.0 1488552817140188349
0.153537860891 -50.7177573233 0.0 1488552817298071291
0.177754377798 -50.7193119595 0.0 1488552817482637020
0.181750786785 -50.7196322427 0.0 1488552817512815776
0.193968228006 -50.7206940386 0.0 1488552817603612159
0.21911428697 -50.7233538633 0.0 1488552817797843161
0.223229110182 -50.7238520395 0.0 1488552817829302027
0.249079318581 -50.7273551038 0.0 1488552818030782063
0.270027883233 -50.7307276978 0.0 1488552818218156574
0.287846594515 -50.733939931 0.0 1488552818340524576
0.301346181231 -50.7365889877 0.0 1488552818439069957
0.315755334235 -50.7396161104 0.0 1488552818539778338
0.343044748346 -50.7459165936 0.0 1488552818741473861
0.358862497627 -50.7499103843 0.0 1488552818852543228
0.358862497627 -50.7499103843 0.0 1488552818852543228
0.376779653894 -50.7547468063 0.0 1488552818983451089
0.400943882756 -50.76181139 0.0 1488552819157235896
0.414742275486 -50.7661366551 0.0 1488552819260196340
0.444702472168 -50.7758805189 0.0 1488552819443969226
0.444702472168 -50.7758805189 0.0 1488552819443969226
0.444702472168 -50.7758805189 0.0 1488552819443969226
0.467481015429 -50.783609897 0.0 1488552819632009241
0.484364534955 -50.7896060017 0.0 1488552819752826378
0.487953726451 -50.7909206078 0.0 1488552819777918426
0.499064163315 -50.7950558912 0.0 1488552819858867953
0.510947652682 -50.7995979311 0.0 1488552819940565628
0.527369372578 -50.8060514674 0.0 1488552820053932034
0.555469271442 -50.8175547648 0.0 1488552820239910276
0.571119668362 -50.8241829195 0.0 1488552820340538844
0.571119668362 -50.8241829195 0.0 1488552820340538844
0.617054049629 -50.8446291647 0.0 1488552820641787209
0.630821274294 -50.8510295516 0.0 1488552820732353781
0.634884259375 -50.8529377707 0.0 1488552820762560304
0.656328290842 -50.8632646595 0.0 1488552820907179593
0.662661538155 -50.8663678746 0.0 1488552820952418669
0.668630513232 -50.8693173814 0.0 1488552820992902054
0.691816656656 -50.8810193126 0.0 1488552821180455225
0.713743638616 -50.8924161057 0.0 1488552821326550698
0.744093850692 -50.9087608426 0.0 1488552821530666388
0.760677876581 -50.9179728316 0.0 1488552821641560921
0.783448813895 -50.9308985707 0.0 1488552821793565161
0.811000761693 -50.9470353929 0.0 1488552821975143160
0.814239766386 -50.9489683488 0.0 1488552821995407901
0.858882607426 -50.9762736894 0.0 1488552822291880616
0.868590721529 -50.9823441983 0.0 1488552822352667642
0.884076927745 -50.9921340697 0.0 1488552822453437886
0.898998716384 -51.0016487867 0.0 1488552822554698131
0.912740486473 -51.0104808752 0.0 1488552822668543386
0.976964657706 -51.0524599499 0.0 1488552823084489826
1.00590931603 -51.0716735324 0.0 1488552823259244952
1.02470446718 -51.0842548953 0.0 1488552823380417525
1.03771044703 -51.0930024374 0.0 1488552823460863244
1.06986744302 -51.1147668826 0.0 1488552823658668817
1.1524249455 -51.1707434119 0.0 1488552824168907220
1.1886868838 -51.1953691447 0.0 1488552824421728408
1.23337040888 -51.2257160932 0.0 1488552824691361227
1.28569940984 -51.2612587128 0.0 1488552825006098527
1.32547267203 -51.2882600896 0.0 1488552825249265207
1.35415984255 -51.3077626734 0.0 1488552825420321009
1.41070633792 -51.3459664912 0.0 1488552825791152038
1.42683677563 -51.3567499402 0.0 1488552825894541512
1.45654160155 -51.3764107089 0.0 1488552826079238205
1.45654160155 -51.3764107089 0.0 1488552826079238205
1.45654160155 -51.3764107089 0.0 1488552826079238205
1.46864222653 -51.3842892907 0.0 1488552826160785484
1.48096595773 -51.3921862575 0.0 1488552826242850712
1.49616434336 -51.4017503549 0.0 1488552826349001835
1.51184054029 -51.4114327412 0.0 1488552826459790321
1.52491873604 -51.419328731 0.0 1488552826552141328
1.54059951393 -51.4286259117 0.0 1488552826663771185
1.55295992684 -51.435829113 0.0 1488552826748190358
1.56567642303 -51.443087735 0.0 1488552826838785758
1.5800622051 -51.4511417039 0.0 1488552826939505572
1.59634512917 -51.4600436987 0.0 1488552827050252965
1.62437870389 -51.474921307 0.0 1488552827242342044
1.63854103546 -51.482249538 0.0 1488552827373076369
1.65792765079 -51.492032246 0.0 1488552827504209453
1.86068145898 -51.4810794771 0.0 1488552827678992443
1.87668858382 -51.4872511177 0.0 1488552827781889172
1.8923009346 -51.4930922456 0.0 1488552827882940728
1.90599902035 -51.4980668454 0.0 1488552827973933701
1.92270890099 -51.5039863929 0.0 1488552828077638416
1.93857829173 -51.509459684 0.0 1488552828183184462
1.95233933499 -51.5140707303 0.0 1488552828270445086
1.9680095439 -51.5191717782 0.0 1488552828371675563
2.00998474756 -51.5320688151 0.0 1488552828638657715
2.0191674774 -51.534760831 0.0 1488552828699820970
2.04345025277 -51.5415946227 0.0 1488552828853208260
2.05140258975 -51.5437602903 0.0 1488552828898707885
2.10046181867 -51.5563375611 0.0 1488552829183651111
2.16317786161 -51.5704159937 0.0 1488552829577122250
2.21513541982 -51.5804357289 0.0 1488552829878309150
2.22689430342 -51.5825013744 0.0 1488552829948860499
2.23218447674 -51.5834052436 0.0 1488552829979476711
2.29174133913 -51.5925829726 0.0 1488552830317494331
2.30843790227 -51.594825292 0.0 1488552830413041652
2.32454352536 -51.5968642576 0.0 1488552830503639125
2.34141899419 -51.598856469 0.0 1488552830604347313
2.36487793724 -51.60137197 0.0 1488552830735858925
2.39756662731 -51.6044552617 0.0 1488552830951035144
2.41523422816 -51.6059212596 0.0 1488552831052832331
2.44351536896 -51.6079552139 0.0 1488552831212164231
2.46166645293 -51.6090306491 0.0 1488552831314127217
2.48094691741 -51.6100175189 0.0 1488552831424896908
2.50667951388 -51.6110228547 0.0 1488552831566222382
2.51687320535 -51.6113315426 0.0 1488552831626514053
2.53421507222 -51.611748754 0.0 1488552831721206095
2.55378205907 -51.6120239383 0.0 1488552831833039989
2.58591543587 -51.6120645366 0.0 1488552832011439587
2.59544183936 -51.611981189 0.0 1488552832065788232
2.60975949258 -51.6117770783 0.0 1488552832148310241
2.65853087853 -51.6102723307 0.0 1488552832460617448
2.66671407382 -51.6099155973 0.0 1488552832505511397
2.68697768238 -51.6088786286 0.0 1488552832621207779
2.70184194116 -51.6080009326 0.0 1488552832701747212
2.71545065071 -51.6070940286 0.0 1488552832782297068
2.7264853147 -51.6062728665 0.0 1488552832843638675
2.79852111019 -51.5994909183 0.0 1488552833251826920
2.82417481462 -51.5964367716 0.0 1488552833394189839
2.86713703268 -51.5905471493 0.0 1488552833640220572
2.88460856411 -51.5878973416 0.0 1488552833740819327
2.9003594051 -51.5853670139 0.0 1488552833833252127
2.9294087754 -51.5803357601 0.0 1488552834031507594
2.96313913082 -51.5739389066 0.0 1488552834223136530
2.99609896369 -51.567110346 0.0 1488552834413946844
3.00323498105 -51.5655515377 0.0 1488552834454215107
3.01572704709 -51.5627550406 0.0 1488552834524611043
3.05479606236 -51.5534869472 0.0 1488552834750578680
3.08473839178 -51.5458185022 0.0 1488552834923385673
3.10924550033 -51.5391658882 0.0 1488552835067812592
3.11902491945 -51.5364173926 0.0 1488552835128522938
3.11902491945 -51.5364173926 0.0 1488552835128522938
3.13669528911 -51.5313184675 0.0 1488552835230084060
3.17057812145 -51.5210673361 0.0 1488552835432793253
3.17934339461 -51.5183048801 0.0 1488552835508139818
3.18678340955 -51.5159299561 0.0 1488552835558454502
3.1975653422 -51.5124138214 0.0 1488552835621534197
3.21982574717 -51.5049495512 0.0 1488552835760189814
3.24870934404 -51.4948062514 0.0 1488552835945257857
3.26040193675 -51.4905434737 0.0 1488552836018804132
3.30618702641 -51.4729697872 0.0 1488552836318439620
3.38324617249 -51.4401711838 0.0 1488552836829409068
3.39684435232 -51.4339430381 0.0 1488552836922114648
3.40787825493 -51.4287899549 0.0 1488552837012694732
3.42045674162 -51.4227987341 0.0 1488552837113366404
3.44588412202 -51.4103246557 0.0 1488552837284767610
3.48953808374 -51.3877367587 0.0 1488552837580193448
3.49646732961 -51.384018964 0.0 1488552837625656934
3.51094920956 -51.3761201795 0.0 1488552837731005791
3.52679683845 -51.3672798059 0.0 1488552837842220832
3.88196660742 -51.5514322626 0.0 1488552838260669413
3.89206539046 -51.5455119814 0.0 1488552838331129780
3.90663777968 -51.5368198152 0.0 1488552838441960231
3.97763544323 -51.4915323937 0.0 1488552838998787121
3.98017733779 -51.48981026 0.0 1488552839018929208
4.04897846671 -51.4406974445 0.0 1488552839543584029
4.08001850357 -51.4166920763 0.0 1488552839792789302
4.09348531303 -51.4058602758 0.0 1488552839904033993
4.09657589063 -51.4033441097 0.0 1488552839934240987
4.10539910714 -51.3960605806 0.0 1488552840011872898
4.13419488971 -51.3714975452 0.0 1488552840290370679
4.14532752475 -51.3616496268 0.0 1488552840390986664
4.15490114182 -51.3529758264 0.0 1488552840481557166
4.16609777245 -51.3425503752 0.0 1488552840594030171
4.21763283419 -51.2905128927 0.0 1488552841115639175
4.22841546922 -51.2787032703 0.0 1488552841229657072
4.24387960173 -51.2610903819 0.0 1488552841400865237
4.25373013399 -51.2494071459 0.0 1488552841524372602
4.26576466923 -51.2345585067 0.0 1488552841680367909
4.28142602726 -51.2142581764 0.0 1488552841881660264
4.28935106041 -51.2035131204 0.0 1488552842002423805
4.30333620563 -51.1837190392 0.0 1488552842193604954
4.30546895133 -51.1806042209 0.0 1488552842224075793
4.30953068197 -51.1745839378 0.0 1488552842284718553
4.31179151957 -51.1711872257 0.0 1488552842314915875
4.31707853441 -51.1631190824 0.0 1488552842398384617
4.32456781679 -51.1512883463 0.0 1488552842509595881
4.33467189855 -51.134719185 0.0 1488552842662417258
4.33778668414 -51.1294158238 0.0 1488552842712818032
4.34261962664 -51.1210274961 0.0 1488552842793470166
4.37500077286 -51.0583561018 0.0 1488552843363129781
4.38104873982 -51.0451056424 0.0 1488552843484422858
4.38866018482 -51.0274053619 0.0 1488552843688023470
4.39352085816 -51.015361504 0.0 1488552843798725440
4.39874647806 -51.0017559833 0.0 1488552843920982163
4.40209655735 -50.9926394764 0.0 1488552844001584572
4.40369480755 -50.988151269 0.0 1488552844041863709
4.40766082574 -50.9766401444 0.0 1488552844142570230
4.41272280049 -50.961030769 0.0 1488552844283685963
4.41272280049 -50.961030769 0.0 1488552844283685963
4.41414636168 -50.9564206427 0.0 1488552844323905232
4.41721033911 -50.9461207795 0.0 1488552844414549266
4.42109339545 -50.9322615923 0.0 1488552844536124321
4.42381508971 -50.9219105351 0.0 1488552844626709313
4.42792132322 -50.9050879164 0.0 1488552844769497761
4.42894997104 -50.900598928 0.0 1488552844812259601
4.43157700338 -50.8886054476 0.0 1488552844912889428
4.43552532731 -50.8684021004 0.0 1488552845094510567
4.43658704147 -50.862408643 0.0 1488552845147192759
4.43736285225 -50.8578340883 0.0 1488552845207600222
4.44249167734 -50.8214385977 0.0 1488552845529869891
4.44289357982 -50.8178967855 0.0 1488552845560052981
4.44488776345 -50.7977333551 0.0 1488552845730993967
4.44655785074 -50.773142992 0.0 1488552845942355407
4.44732955446 -50.7521606993 0.0 1488552846121868008
4.44732955446 -50.7521606993 0.0 1488552846121868008
4.44735764065 -50.7206303211 0.0 1488552846394760792
4.44603708209 -50.6881800894 0.0 1488552846673563850
4.44535786868 -50.6783369084 0.0 1488552846784371750
4.44464754209 -50.6696000299 0.0 1488552846864927727
4.43575853238 -50.6028510892 0.0 1488552847444089387
4.43310600344 -50.5888935543 0.0 1488552847564872716
4.43117455394 -50.5795213044 0.0 1488552847645490993
4.42761120288 -50.5637608539 0.0 1488552847787601807
4.41968054784 -50.5332031562 0.0 1488552848059965170
4.40991465174 -50.5012726427 0.0 1488552848373243996
4.4067500129 -50.4919620609 0.0 1488552848465356871
4.39772006537 -50.4674386613 0.0 1488552848691731425
4.38434564025 -50.4352293793 0.0 1488552848986501764
4.37585013395 -50.4166836504 0.0 1488552849158581714
4.55953790367 -50.4762301047 0.0 1488552849269493332
4.82084664395 -50.4392004357 0.0 1488552849363040944
4.81567078971 -50.4266416804 0.0 1488552849483997815
4.80647106506 -50.4058354274 0.0 1488552849677455249
4.80301848584 -50.3984478554 0.0 1488552849747986813
4.7999986747 -50.3921486411 0.0 1488552849808571017
4.79239592266 -50.3769136336 0.0 1488552849983438059
4.78991911421 -50.3721312595 0.0 1488552850033772746
4.7840066482 -50.3610555396 0.0 1488552850144455148
4.78000823916 -50.3538304766 0.0 1488552850214892877
4.77575776009 -50.3463575969 0.0 1488552850287593927
4.75862495602 -50.3181295658 0.0 1488552850570960347
4.70504338127 -50.2443304653 0.0 1488552851357119357
4.70305343515 -50.2419275062 0.0 1488552851387309928
4.69299580258 -50.2300999432 0.0 1488552851519499553
4.69049340122 -50.2272359638 0.0 1488552851579833488
4.6525961248 -50.187192374 0.0 1488552852054922761
4.64672349726 -50.1815069723 0.0 1488552852129567592
4.63890971994 -50.1741389507 0.0 1488552852220314434
4.62090423814 -50.1578679021 0.0 1488552852401749343
4.61352605083 -50.1514432671 0.0 1488552852472130746
4.58776044128 -50.1300629457 0.0 1488552852714664873
4.58157861166 -50.1251462752 0.0 1488552852768331601
4.56481781236 -50.1122575734 0.0 1488552852922055842
4.55143892516 -50.1023912259 0.0 1488552853050432217
4.53910263622 -50.0935960766 0.0 1488552853160455436
4.52993763517 -50.0872704925 0.0 1488552853241191264
4.51682587069 -50.0784754583 0.0 1488552853351994535
4.50520746325 -50.0709283778 0.0 1488552853443887649
4.49326102557 -50.0633774847 0.0 1488552853544565205
4.44643509938 -50.0358715346 0.0 1488552853943808868
4.43192403034 -50.0279908912 0.0 1488552854055912587
4.42532686436 -50.0245042915 0.0 1488552854106539881
4.42040589511 -50.0219485277 0.0 1488552854147077627
4.40528809886 -50.0142701876 0.0 1488552854252827225
4.3856551849 -50.0044376907 0.0 1488552854363715702
4.36822169259 -49.9958733016 0.0 1488552854480417595
4.34817784903 -49.9863766028 0.0 1488552854611696105
4.34249378905 -49.9837470962 0.0 1488552854652228661
4.31754548016 -49.9725056971 0.0 1488552854816771550
4.28528212642 -49.9587419987 0.0 1488552855031101762
4.27608704433 -49.9549629645 0.0 1488552855091418793
4.26535240958 -49.9506619998 0.0 1488552855192133945
4.25313810681 -49.9458628758 0.0 1488552855272590045
4.20306559323 -49.9274002219 0.0 1488552855589392760
4.17451912883 -49.9177310484 0.0 1488552855771283542
4.15018907201 -49.9099351806 0.0 1488552855926217125
4.13004046139 -49.9038217219 0.0 1488552856050582529
4.10003128625 -49.8952251706 0.0 1488552856234022588
4.05594103443 -49.8835636732 0.0 1488552856486276562
4.01763078915 -49.8738471152 0.0 1488552856708492548
4.00212736187 -49.8699630041 0.0 1488552856799542048
3.81709391591 -49.8255769331 0.0 1488552857758707541
3.78951459878 -49.8192531347 0.0 1488552857900373259
3.77246107981 -49.8153781778 0.0 1488552857991018727
3.74854911833 -49.8099749765 0.0 1488552858114977353
3.72152275247 -49.8039152082 0.0 1488552858292447102
3.70420669961 -49.8000735208 0.0 1488552858383225581
3.69643855009 -49.7983612548 0.0 1488552858423519613
3.62725681092 -49.7832618063 0.0 1488552858776200847
3.57309136333 -49.7717486685 0.0 1488552859059273533
3.55561176691 -49.7680627094 0.0 1488552859180478622
3.53877470487 -49.7645535876 0.0 1488552859282008389
3.50216533852 -49.7569292554 0.0 1488552859463243777
3.47977549222 -49.7523080248 0.0 1488552859584004496
3.47261951497 -49.7508466341 0.0 1488552859624288083
3.46626688702 -49.7495382111 0.0 1488552859654529559
3.41704215438 -49.7396042497 0.0 1488552859940661770
3.37452507401 -49.7311687195 0.0 1488552860163081909
3.34500922993 -49.7254174169 0.0 1488552860308435504
3.31796236125 -49.7202303626 0.0 1488552860450669543
3.29589172596 -49.7160261147 0.0 1488552860561364855
3.19708142052 -49.6976630186 0.0 1488552861066059535
3.16989226886 -49.6927327641 0.0 1488552861202103357
3.12618499391 -49.6849498984 0.0 1488552861464007003
3.11668325111 -49.6832816198 0.0 1488552861514438721
3.10861562789 -49.6818660774 0.0 1488552861554786187
3.08185730575 -49.3481815024 0.0 1488552862054782177
3.03026613321 -49.3382669489 0.0 1488552862319752919
2.96775057666 -49.3264406383 0.0 1488552862691350006
2.87918563914 -49.3102380757 0.0 1488552863174690997
2.87236120208 -49.3090005126 0.0 1488552863214930857
2.86466637892 -49.3076154125 0.0 1488552863296253571
2.85055541189 -49.3051401822 0.0 1488552863408976893
2.83153944287 -49.3018514249 0.0 1488552863499901659
2.79789403513 -49.2960814314 0.0 1488552863747337437
2.78605652651 -49.2940602034 0.0 1488552863803226120
2.77888804917 -49.292832965 0.0 1488552863834084866
2.7631832435 -49.2901443133 0.0 1488552863904525186
2.74621664706 -49.287239644 0.0 1488552863995030150
2.72215066627 -49.2832255731 0.0 1488552864126037487
2.65717441181 -49.2725602114 0.0 1488552864459869357
2.62403980847 -49.2672035947 0.0 1488552864651150665
2.62201462128 -49.2668769882 0.0 1488552864661220002
2.60249167696 -49.2637505954 0.0 1488552864761961815
2.57407090087 -49.2592251041 0.0 1488552864904260839
2.5611675067 -49.2572015895 0.0 1488552864974725670
2.48775340361 -49.2459644062 0.0 1488552865347051933
2.47764347336 -49.2444538577 0.0 1488552865397408682
2.45460020718 -49.2410426483 0.0 1488552865508926680
2.42952133844 -49.2373818959 0.0 1488552865640106661
2.379049125 -49.2301552252 0.0 1488552865901791002
2.36865897993 -49.228699152 0.0 1488552865952058203
2.3263843581 -49.2228885559 0.0 1488552866174140620
2.28412771036 -49.2172145283 0.0 1488552866417768979
2.27393198631 -49.2158699677 0.0 1488552866469985447
2.27393198631 -49.2158699677 0.0 1488552866469985447
2.25589789725 -49.2135062072 0.0 1488552866560577083
2.22852446653 -49.2099645495 0.0 1488552866701684749
2.19420501582 -49.2056621009 0.0 1488552866872902832
2.16442126838 -49.2019819477 0.0 1488552867024003621
2.15079823139 -49.200318862 0.0 1488552867094582489
2.15079823139 -49.200318862 0.0 1488552867094582489
2.14207016551 -49.1992464386 0.0 1488552867135005411
2.12160400971 -49.1967844299 0.0 1488552867236382336
2.07507345845 -49.191283413 0.0 1488552867473628787
2.04219049314 -49.1874839091 0.0 1488552867638373130
2.01926150308 -49.1849125852 0.0 1488552867759049883
2.00572609234 -49.1834265234 0.0 1488552867829523868
1.98046409739 -49.1806658585 0.0 1488552867990505691
1.95919423059 -49.1783957643 0.0 1488552868101473024
1.94537582873 -49.1769609941 0.0 1488552868166260541
1.91056813862 -49.1733660782 0.0 1488552868340276202
1.90446831618 -49.1727382852 0.0 1488552868370462183
1.84233738417 -49.1665644911 0.0 1488552868683363609
1.81674035453 -49.1641277899 0.0 1488552868814593169
1.79443024565 -49.1620178665 0.0 1488552868927748923
1.73694041609 -49.1568455025 0.0 1488552869219595482
1.70369893486 -49.1539448128 0.0 1488552869391156477
1.67245606839 -49.151319347 0.0 1488552869562216264
1.61467855888 -49.1467243176 0.0 1488552869874526965
1.58571636174 -49.1445093427 0.0 1488552870016693532
1.53790118486 -49.1409089237 0.0 1488552870259682854
1.52379669559 -49.1398469199 0.0 1488552870330063603
1.50331476782 -49.1383049507 0.0 1488552870431299291
1.46034821067 -49.1350973693 0.0 1488552870644625364
1.43915217939 -49.1335153151 0.0 1488552870755876408
1.42030400598 -49.1320963418 0.0 1488552870850625219
1.40474079451 -49.1309371712 0.0 1488552870931116037
1.38554639805 -49.1295089655 0.0 1488552871031747653
1.36689317455 -49.1281046689 0.0 1488552871152710107
1.34954342646 -49.1267985036 0.0 1488552871243267718
1.32332093748 -49.1248293378 0.0 1488552871374153752
1.31117934351 -49.1239379725 0.0 1488552871436107527
1.29110918482 -49.1224363691 0.0 1488552871537025907
1.27307270446 -49.121086083 0.0 1488552871627717325
1.25072632337 -49.1194155772 0.0 1488552871738972358
1.23033902899 -49.1178986719 0.0 1488552871842067122
1.19702962582 -49.1154275021 0.0 1488552872019376249
1.13795030833 -49.1109969937 0.0 1488552872400799503
1.11853614662 -49.1095513558 0.0 1488552872531600138
1.10319326144 -49.108396949 0.0 1488552872654217362
1.09167158195 -49.107530697 0.0 1488552872749397953
1.07748230919 -49.1064617946 0.0 1488552872840560372
1.05984667929 -49.1051355023 0.0 1488552872961324759
1.04496515071 -49.1040187539 0.0 1488552873072055466
1.03410209188 -49.1032035619 0.0 1488552873152547332
0.993954580173 -49.1001343652 0.0 1488552873475036751
0.896784469247 -49.0266356377 0.0 1488552873658334790
0.633769003997 -48.635041447 0.0 1488552873738857675
0.525065316118 -48.6142686177 0.0 1488552874702114419
0.518763650622 -48.6127555644 0.0 1488552874762478546
0.507198998968 -48.6098680466 0.0 1488552874866436447
0.496239221223 -48.6070160588 0.0 1488552874959297469
0.485796786165 -48.6041746801 0.0 1488552875055619768
0.475313890946 -48.6011987866 0.0 1488552875147611089
0.458042073454 -48.5960632385 0.0 1488552875299934923
0.444538660734 -48.5918080318 0.0 1488552875421082317
0.422506382026 -48.5845288568 0.0 1488552875612712207
0.413184816706 -48.5813198691 0.0 1488552875723345820
0.3910799097 -48.5734393447 0.0 1488552875904927270
0.385317301341 -48.5713419564 0.0 1488552875946785017
0.350848428498 -48.5587122129 0.0 1488552876190914948
0.346751994446 -48.5571839736 0.0 1488552876221306617
0.323743557695 -48.5484707927 0.0 1488552876398139632
0.276726695348 -48.5298778987 0.0 1488552876757280826
0.267340648242 -48.5260299659 0.0 1488552876827812297
0.253441792797 -48.5202224742 0.0 1488552876939933617
0.235736106803 -48.5126351262 0.0 1488552877080948706
0.219986732765 -48.5056570831 0.0 1488552877247541257
0.152818725066 -48.4721496624 0.0 1488552877846289007
0.148634762708 -48.4698437865 0.0 1488552877886582002
0.111825738018 -48.448325387 0.0 1488552878229814966
0.0695869969949 -48.4205576321 0.0 1488552878663201391
0.0610949523658 -48.4144727331 0.0 1488552878783991918
0.0461530535255 -48.4033684137 0.0 1488552878945959189
0.0177121858178 -48.3806999217 0.0 1488552879254051686
0.00767062821042 -48.3721671162 0.0 1488552879365197251
-0.0109870516607 -48.3554989537 0.0 1488552879582095783
-0.0218019875939 -48.3453438201 0.0 1488552879712865067
-0.0447625304132 -48.3225226018 0.0 1488552879987320112
-0.0565847149635 -48.3099953017 0.0 1488552880139606298
-0.0601579268911 -48.3060932804 0.0 1488552880189925972
-0.084459169789 -48.2780782098 0.0 1488552880511873622
-0.0957721433736 -48.2641472546 0.0 1488552880694189017
-0.100160996471 -48.2585680453 0.0 1488552880755635629
-0.117367735204 -48.2356451712 0.0 1488552881001044606
-0.126114724603 -48.223262755 0.0 1488552881132266959
-0.128134907039 -48.2203243349 0.0 1488552881162451682
-0.133857619739 -48.2118760306 0.0 1488552881248554232
-0.13760185292 -48.2062143655 0.0 1488552881309605481
-0.151136595404 -48.1848663918 0.0 1488552881520872579
-0.168066990473 -48.1558474402 0.0 1488552881803441422
-0.177911526226 -48.1377009248 0.0 1488552881954348809
-0.187733391604 -48.1187568714 0.0 1488552882106469967
-0.190869107561 -48.1125077678 0.0 1488552882156732825
-0.197436902336 -48.0991096176 0.0 1488552882277835859
-0.205927505357 -48.0811322227 0.0 1488552882429617866
-0.208762480008 -48.0749369273 0.0 1488552882479944594
-0.214148007814 -48.0628352268 0.0 1488552882572865825
-0.243012511566 -47.9932239998 0.0 1488552883049211810
-0.246789950457 -47.9833802912 0.0 1488552883120034044
-0.258013201439 -47.9527204274 0.0 1488552883331731817
-0.264017178078 -47.9353984738 0.0 1488552883452401879
-0.291665165681 -47.8443807048 0.0 1488552884100590672
-0.298428821255 -47.8187351274 0.0 1488552884269294365
-0.302301798892 -47.8032171499 0.0 1488552884369928355
-0.306073299337 -47.7874245908 0.0 1488552884471451501
-0.309200702402 -47.7737830107 0.0 1488552884562021227
-0.313020787311 -47.7563360264 0.0 1488552884672757740
-0.326875895237 -47.6826711272 0.0 1488552885151411568
-0.329894782021 -47.6635373944 0.0 1488552885272323060
-0.334891407389 -47.6282415654 0.0 1488552885534005805
-0.33694865623 -47.6117177229 0.0 1488552885636318398
-0.33694865623 -47.6117177229 0.0 1488552885636318398
-0.33711515889 -47.6103125173 0.0 1488552885646396309
-0.339411401231 -47.5898494247 0.0 1488552885778449086
-0.344008176142 -47.5385651256 0.0 1488552886102176593
-0.345069364307 -47.5232154591 0.0 1488552886202768083
-0.34649665478 -47.4983932887 0.0 1488552886354467444
-0.700280050929 -47.2668262103 0.0 1488552886538476541
-0.701404839324 -47.2449459695 0.0 1488552886680304812
-0.70202812204 -47.2298946665 0.0 1488552886770936379
-0.702212716861 -47.2247797551 0.0 1488552886801972327
-0.703336527225 -47.1762688043 0.0 1488552887124837959
-0.703480776235 -47.1391914345 0.0 1488552887340664684
-0.70277452525 -47.0925251677 0.0 1488552887612547490
-0.70263436055 -47.0874076329 0.0 1488552887642779541
-0.702063389373 -47.0700644814 0.0 1488552887745327529
-0.701320472664 -47.0515487593 0.0 1488552887846918003
-0.69904154732 -47.0084568077 0.0 1488552888094495492
-0.698571341325 -47.0010498046 0.0 1488552888134919128
-0.69755759866 -46.9860720091 0.0 1488552888219290921
-0.696295086832 -46.9690873354 0.0 1488552888319945113
-0.695333700379 -46.957000381 0.0 1488552888390439205
-0.694406289821 -46.9460147544 0.0 1488552888450891993
-0.692497618791 -46.9248151711 0.0 1488552888602059941
-0.691959932611 -46.9191277749 0.0 1488552888633271440
-0.689014433733 -46.8891198822 0.0 1488552888790608384
-0.683710245261 -46.8381326822 0.0 1488552889055557335
-0.676990493369 -46.7760648113 0.0 1488552889381674946
-0.674511660091 -46.7537946798 0.0 1488552889492738194
-0.66832795731 -46.6985550767 0.0 1488552889770876052
-0.661930218716 -46.6418073877 0.0 1488552890067209708
-0.655787720676 -46.5874258099 0.0 1488552890373189460
-0.652934092378 -46.5621615607 0.0 1488552890498757558
-0.651615619981 -46.5505841415 0.0 1488552890559122164
-0.647553209558 -46.5147336757 0.0 1488552890740426713
-0.642080420789 -46.4665858015 0.0 1488552890982333506
-0.640074314309 -46.4488549906 0.0 1488552891073368325
-0.637553202377 -46.4265346344 0.0 1488552891184274728
-0.634883071829 -46.4028949601 0.0 1488552891301366541
-0.633106112636 -46.3873777978 0.0 1488552891382010254
-0.627070341873 -46.3343779056 0.0 1488552891684201530
-0.62603460241 -46.3253396636 0.0 1488552891734506643
-0.62603460241 -46.3253396636 0.0 1488552891734506643
-0.624792858555 -46.3145037519 0.0 1488552891788260025
-0.618331423589 -46.2586899636 0.0 1488552892070307394
-0.600346276098 -46.1021833718 0.0 1488552892860961215
-0.596671577715 -46.0702216855 0.0 1488552893022592875
-0.594175717006 -46.0486348289 0.0 1488552893138010383
-0.592201315526 -46.0314416268 0.0 1488552893228635076
-0.589644005283 -46.0092137592 0.0 1488552893339269477
-0.586862346897 -45.9852864959 0.0 1488552893460065306
-0.58584875107 -45.9765677784 0.0 1488552893530497488
-0.579222446544 -45.9189920069 0.0 1488552893824486475
-0.574258925968 -45.8759941329 0.0 1488552894041983189
-0.570849616135 -45.84645274 0.0 1488552894192976891
-0.565544455237 -45.8006514739 0.0 1488552894424537660
-0.564846986424 -45.7945651056 0.0 1488552894454722658
-0.562694800912 -45.7757843465 0.0 1488552894547861401
-0.561109740441 -45.7621195768 0.0 1488552894619060793
-0.552155571588 -45.6844907059 0.0 1488552895046606931
-0.546278879708 -45.6329795372 0.0 1488552895305172518
-0.543741769028 -45.6105175381 0.0 1488552895416922500
-0.542884008311 -45.6030279518 0.0 1488552895457193538
-0.540363770582 -45.5809456952 0.0 1488552895569569088
-0.538991723722 -45.5687983922 0.0 1488552895630231592
-0.536924545487 -45.5504968824 0.0 1488552895720909315
-0.534181897821 -45.5264213957 0.0 1488552895843551051
-0.53255099663 -45.5121895546 0.0 1488552895914021453
-0.52975003783 -45.4876571876 0.0 1488552896038466704
-0.525000761784 -45.4457477509 0.0 1488552896250331769
-0.520306340867 -45.4044980117 0.0 1488552896463196175
-0.515036368852 -45.3578409589 0.0 1488552896728502642
-0.511138413056 -45.3232264639 0.0 1488552896903266296
-0.508861172112 -45.3027675329 0.0 1488552897005081744
-0.507550758847 -45.2911180263 0.0 1488552897066080100
-0.504431351517 -45.263308268 0.0 1488552897207151332
-0.498990004383 -45.2148764338 0.0 1488552897450339141
-0.498990004383 -45.2148764338 0.0 1488552897450339141
-0.498758770957 -45.2128292369 0.0 1488552897460459114
-0.497323237651 -45.2001199183 0.0 1488552897523520998
-0.49488034351 -45.1783052667 0.0 1488552897634809294
-0.492895856313 -45.1605871337 0.0 1488552897719952531
-0.48764468172 -45.113990503 0.0 1488552897961630430
-0.484391831249 -45.0850859611 0.0 1488552898112957158
-0.480293290913 -45.0486746304 0.0 1488552898326814655
-0.476678907523 -45.0165043592 0.0 1488552898489681078
-0.820852830379 -44.5793591033 0.0 1488552898792507212
-0.821887070185 -44.5379793333 0.0 1488552898998295159
-0.82245723827 -44.5137571106 0.0 1488552899119104537
-0.823194504305 -44.4837831284 0.0 1488552899270138687
-0.823399352629 -44.4756420052 0.0 1488552899310376476
-0.826130603838 -44.361990725 0.0 1488552899919437127
-0.826660278602 -44.3394880551 0.0 1488552900030221145
-0.826660278602 -44.3394880551 0.0 1488552900030221145
-0.827125521237 -44.3197213927 0.0 1488552900134485560
-0.827934010323 -44.2865183293 0.0 1488552900298026478
-0.829310284383 -44.2280474641 0.0 1488552900592667437
-0.830742271191 -44.1677175457 0.0 1488552900890403843
-0.830742271191 -44.1677175457 0.0 1488552900890403843
-0.831254351019 -44.1464675758 0.0 1488552901003878481
-0.831986043555 -44.1153823952 0.0 1488552901159274361
-0.832580220624 -44.0894860194 0.0 1488552901324550170
-0.833425905953 -44.0508944921 0.0 1488552901521173495
-0.834211150975 -44.0139240531 0.0 1488552901710249230
-0.834541218757 -43.998862287 0.0 1488552901784409542
-0.835039288102 -43.9761344252 0.0 1488552901897013014
-0.83528463347 -43.96421025 0.0 1488552901958310193
-0.836103726713 -43.9258306964 0.0 1488552902150732875
-0.837362015829 -43.8661291188 0.0 1488552902449360707
-0.83744428996 -43.8622844701 0.0 1488552902469500524
-0.837798015686 -43.8461411501 0.0 1488552902551759009
-0.838239800659 -43.8259816524 0.0 1488552902652527097
-0.838681786514 -43.8052684897 0.0 1488552902763285068
-0.83933495533 -43.7757548168 0.0 1488552902944546847
-0.84051036122 -43.7279661297 0.0 1488552903188301006
-0.842735602024 -43.6349878978 0.0 1488552903652893855
-0.84351396683 -43.6038837931 0.0 1488552903809338474
-0.844078347847 -43.5800890924 0.0 1488552903930073537
-0.844556423815 -43.5597785425 0.0 1488552904030683235
-0.844836718987 -43.5478704997 0.0 1488552904091228944
-0.845796691747 -43.5081393165 0.0 1488552904296238174
-0.845890363586 -43.5041597679 0.0 1488552904316376288
-0.846078039708 -43.4961865471 0.0 1488552904356722427
-0.846356521114 -43.4843555603 0.0 1488552904447395488
-0.846903970055 -43.4625969711 0.0 1488552904558051764
-0.847290326316 -43.4468299427 0.0 1488552904638542846
-0.848630542672 -43.3904429867 0.0 1488552904920422695
-0.849553056621 -43.3522997511 0.0 1488552905111542079
-0.849649516781 -43.3482017436 0.0 1488552905131678591
-0.850178475194 -43.3257295071 0.0 1488552905242347527
-0.850768555584 -43.3019374594 0.0 1488552905363173742
-0.851514485945 -43.2711168341 0.0 1488552905518122851
-0.852231303608 -43.2406635967 0.0 1488552905669175444
-0.853090707763 -43.2041514006 0.0 1488552905860412977
-0.853409206098 -43.1906203371 0.0 1488552905950978834
-0.853891864376 -43.1701151125 0.0 1488552906061633482
-0.85603415628 -43.0796073133 0.0 1488552906514461569
-0.856549458165 -43.0582199102 0.0 1488552906625413200
-0.857090543641 -43.0352330158 0.0 1488552906739530951
-0.857475114532 -43.0188949298 0.0 1488552906820053892
-0.860717501965 -42.8788576135 0.0 1488552907561475859
-0.861049708164 -42.8647448332 0.0 1488552907631987439
-0.862002666407 -42.824258512 0.0 1488552907836313602
-0.864613740555 -42.7128265995 0.0 1488552908393768296
-0.866740566074 -42.6235735678 0.0 1488552908844037935
-0.866975137722 -42.6136080404 0.0 1488552908894308459
-0.867343748918 -42.5970000936 0.0 1488552909006561018
-0.86844900001 -42.5465653611 0.0 1488552909261373685
-0.869934334537 -42.4782413643 0.0 1488552909604634915
-0.870809150505 -42.4359974704 0.0 1488552909819332867
-0.872895208628 -42.3390237554 0.0 1488552910305967896
-0.873434957299 -42.3143939857 0.0 1488552910430530249
-0.873746586594 -42.2990596173 0.0 1488552910541201914
-0.874238166698 -42.2748147809 0.0 1488552910662105715
-0.791151041216 -41.772284266 0.0 1488552911047899614
-0.795489826965 -41.6560963355 0.0 1488552911630153612
-0.799740862408 -41.5680892121 0.0 1488552912075872195
-0.800840733244 -41.5477716528 0.0 1488552912177129246
-0.803612080039 -41.5012813012 0.0 1488552912451368076
-0.804101079974 -41.4937955109 0.0 1488552912491614051
-0.804727337983 -41.4844664389 0.0 1488552912541907307
-0.805115058581 -41.4788499328 0.0 1488552912572179406
-0.809288696383 -41.4244874608 0.0 1488552912854846888
-0.813768830728 -41.3740813741 0.0 1488552913119698748
-0.815381341646 -41.3572778074 0.0 1488552913210292685
-0.818133741318 -41.3301833038 0.0 1488552913351676389
-0.819754756675 -41.3148774251 0.0 1488552913432256616
-0.821885833881 -41.2956479992 0.0 1488552913532868556
-0.829406901361 -41.2342629531 0.0 1488552913894083328
-0.831522679483 -41.2185373811 0.0 1488552913979091711
-0.83308253032 -41.2073902375 0.0 1488552914039498993
-0.835862274453 -41.1881638138 0.0 1488552914140306494
-0.838912984199 -41.1680392886 0.0 1488552914251123668
-0.841688813497 -41.1505236508 0.0 1488552914341803129
-0.855454418335 -41.0718021906 0.0 1488552914765047158
-0.859192840262 -41.0523230411 0.0 1488552914870672783
-0.863537072593 -41.0305874286 0.0 1488552914991656972
-0.865806998194 -41.019535644 0.0 1488552915053513555
-0.87782098962 -40.9647663714 0.0 1488552915360832358
-0.885828106475 -40.9310341426 0.0 1488552915582208586
-0.89507837584 -40.8945184859 0.0 1488552915790385667
-0.905698779953 -40.8550415388 0.0 1488552916011694222
-0.907664372014 -40.8480260423 0.0 1488552916051917943
-0.91346690102 -40.8277291537 0.0 1488552916172767872
-0.917708415416 -40.813338501 0.0 1488552916253678240
-0.938349273907 -40.7479794179 0.0 1488552916643923059
-0.953793361118 -40.7034348493 0.0 1488552916922614249
-0.959703933153 -40.6872420273 0.0 1488552917030211217
-0.967728968774 -40.6659819835 0.0 1488552917201652741
-0.981667122551 -40.6307883546 0.0 1488552917433185056
-1.00600951696 -40.5742409019 0.0 1488552917820473890
-1.01848613588 -40.5475417882 0.0 1488552918013689662
-1.0417552167 -40.5013754708 0.0 1488552918368121495
-1.05829933652 -40.4715436535 0.0 1488552918641358646
-1.0612537285 -40.4664248599 0.0 1488552918681602856
-1.09231638754 -40.4160933567 0.0 1488552919101807906
-1.09315450217 -40.4148117884 0.0 1488552919111869432
-1.10132684997 -40.4026084784 0.0 1488552919222566706
-1.10965015867 -40.3905237136 0.0 1488552919323148702
-1.1524290488 -40.3332912903 0.0 1488552919828919534
-1.17199862363 -40.3095260723 0.0 1488552920070451192
-1.17942788575 -40.3008207235 0.0 1488552920162828021
-1.19315603848 -40.2852410887 0.0 1488552920311343299
-1.22303061203 -40.253409619 0.0 1488552920633649916
-1.22722563678 -40.249161451 0.0 1488552920673899377
-1.24565751103 -40.2311121698 0.0 1488552920868275926
-1.26498770748 -40.2131354663 0.0 1488552921063799401
-1.26498770748 -40.2131354663 0.0 1488552921063799401
-1.27105456382 -40.2077006395 0.0 1488552921124170569
-1.29245947938 -40.1891852482 0.0 1488552921339335752
-1.29977468293 -40.1831007476 0.0 1488552921409928243
-1.30938861031 -40.1752700727 0.0 1488552921500585691
-1.2478887534 -39.6961430704 0.0 1488552922237896433
-1.25580672264 -39.6905042954 0.0 1488552922309721266
-1.26517889321 -39.683965306 0.0 1488552922394176825
-1.2780529285 -39.6752492116 0.0 1488552922509004539
-1.28745196508 -39.6690709514 0.0 1488552922592023576
-1.29914153788 -39.6616069662 0.0 1488552922696350539
-1.30857422053 -39.6557498053 0.0 1488552922781152375
-1.32160649899 -39.6478834548 0.0 1488552922891912834
-1.33158167531 -39.642040354 0.0 1488552922982509905
-1.34950762434 -39.6319721514 0.0 1488552923143887850
-1.35876020059 -39.6269450329 0.0 1488552923254590115
-1.41311612009 -39.6000817816 0.0 1488552923722341756
-1.42621215785 -39.594261738 0.0 1488552923833123929
-1.45021818531 -39.5842085726 0.0 1488552924034514790
-1.45974331726 -39.5804355326 0.0 1488552924115471338
-1.46413663135 -39.5787428973 0.0 1488552924150509612
-1.47378485998 -39.5751211226 0.0 1488552924231001761
-1.48101959949 -39.5724826396 0.0 1488552924291388180
-1.51662790201 -39.5604661844 0.0 1488552924580235006
-1.5409837246 -39.5531559887 0.0 1488552924817957205
-1.55572993578 -39.5490774958 0.0 1488552924930937687
-1.56059513021 -39.5477866607 0.0 1488552924972358001
-1.58989064609 -39.5406243381 0.0 1488552925204955055
-1.61012202386 -39.5362792783 0.0 1488552925368479491
-1.64166483832 -39.5304458838 0.0 1488552925611419036
-1.65398587175 -39.5284824716 0.0 1488552925712366054
-1.66721144828 -39.5265605566 0.0 1488552925813087269
-1.69561883115 -39.5230715312 0.0 1488552926034460499
-1.74536436786 -39.5191120499 0.0 1488552926459973656
-1.77349587746 -39.5177975214 0.0 1488552926613339124
-1.79026049891 -39.5171587688 0.0 1488552926708395094
-1.83905057053 -39.5162272107 0.0 1488552926992051750
-1.86089778754 -39.5162455609 0.0 1488552927117240716
-1.88027891729 -39.5164812985 0.0 1488552927227880690
-1.89885089017 -39.5169113771 0.0 1488552927333921675
-1.92143664091 -39.5177055306 0.0 1488552927478285417
-1.99916565973 -39.5228635671 0.0 1488552928004112668
-2.0164770183 -39.5244699167 0.0 1488552928110291505
-2.03238673915 -39.5261143496 0.0 1488552928210911884
-2.06321803808 -39.52974462 0.0 1488552928406389399
-2.09676299084 -39.5343932923 0.0 1488552928620330778
-2.11890693186 -39.5378728198 0.0 1488552928763009828
-2.12495819466 -39.5388913925 0.0 1488552928803258244
-2.14974922541 -39.5433291232 0.0 1488552928968671773
-2.16075306168 -39.545452995 0.0 1488552929039281089
-2.17976616457 -39.5493219639 0.0 1488552929170135639
