# SLAM - pose_x pose_y orientation time
0 17.5865 2.81977492008 3.083300000005468 1504014240.96
1 17.5865952639 2.81970473605 3.0832047360602624 1504014241.22
2 17.5865100869 2.82115536937 3.0832621829093676 1504014241.72
3 17.5849225628 2.82444248601 3.083374224128713 1504014242.15
4 17.5868091465 2.8212386335 3.083232151657247 1504014242.83
5 17.5928189439 2.82607314667 3.083429428055195 1504014243.37
6 17.5866701544 2.82118234364 3.083272538471418 1504014244.03
7 17.5865736705 2.8228960885 3.0834296034782382 1504014249.35
8 17.587990896 2.82265582536 3.083554234577783 1504014253.74
9 17.587980056 2.82285582261 3.083530447467955 1504014254.19
10 17.5865854896 2.82268623176 3.08350098233083 1504014254.72
11 17.586354369 2.82272934641 3.0831102023259103 1504014259.16
12 17.5863543481 2.82250629639 3.083106602217809 1504014259.57
13 17.5863950794 2.82279078244 3.0831305394085002 1504014259.97
14 17.5894942047 2.82399725968 3.083209020669044 1504014264.4
15 17.5894338117 2.82423685039 3.083169435449691 1504014264.78
16 17.5894522311 2.82419607452 3.083162851264901 1504014265.19
17 17.5878991289 2.8241565662 3.0833522020179966 1504014269.66
18 17.5879016013 2.82385656609 3.0831546879934706 1504014270.19
19 17.5877384222 2.82392551378 3.083294306811261 1504014270.6
20 17.5878762111 2.82389551687 3.083352814331858 1504014274.96
21 17.5878761919 2.82410906757 3.0833899558459117 1504014275.47
22 17.5881467391 2.82266407574 3.114644045278295 1504014276.02
23 17.5540996304 2.82362345512 3.1153154589902115 1504014280.37
24 17.4739253033 2.82504370559 3.1159479412307527 1504014280.8
25 17.3986733125 2.8258881327 3.1170284186677666 1504014281.34
26 16.9413056602 2.83020728207 3.1227543991114928 1504014285.98
27 16.8480149433 2.83216045807 3.1264207776263726 1504014286.92
28 16.369896372 2.86707585658 3.135853562930857 1504014292.26
29 15.8799014888 2.88627714645 -3.1274731310896184 1504014296.89
30 15.7930138863 2.88393667553 -3.1251660964681625 1504014297.79
31 15.2459387476 2.92854747762 -3.132255768786998 1504014303.3
32 14.5809452375 2.84972993367 -3.0929599411687363 1504014309.89
33 13.9764571843 2.85825885595 3.13953030269756 1504014316.08
34 13.3856885945 2.94805422655 3.0484235878686237 1504014322.14
35 12.8879078236 3.13058596731 2.919435225343378 1504014327.68
36 12.5152041268 3.53910539468 2.7653612957447007 1504014332.2
37 12.4664478712 3.41730730993 2.8086291327488895 1504014333.01
38 12.1342138602 3.56410659776 2.687175356290344 1504014337.33
39 12.0765771074 3.59258254165 2.6679965264648575 1504014338.03
40 11.639389811 4.0320371516 2.461209288509665 1504014344.53
41 11.2356423755 4.57485424867 2.3316070491282375 1504014351.17
42 10.9723658641 5.05885190951 2.2450906860361153 1504014356.52
43 10.7563142177 5.4161156863 2.1877337778846235 1504014360.36
44 10.724994336 5.46176384294 2.1751414600013272 1504014360.95
45 10.704587342 5.52707596126 2.1602550779807235 1504014361.55
46 10.5619174622 5.80746321774 2.1213030169918263 1504014365.28
47 10.5319856606 5.85804103753 2.1117335205880847 1504014365.9
48 10.5680162731 5.96594163898 2.0931922129380607 1504014366.49
49 10.5483901373 6.02171912692 2.0679815875957495 1504014367.25
50 10.5604217255 6.52103709299 1.9760393508242404 1504014371.24
51 10.5370499448 6.57704258575 1.966120288690349 1504014371.87
52 10.4225636679 6.52949304978 1.9615072534328455 1504014372.62
53 10.4060142904 7.0181052457 1.9105309245161035 1504014376.56
54 10.383183391 7.07906835801 1.9036024761142565 1504014377.18
55 10.3955505895 7.18935917813 1.900485856172656 1504014377.81
56 10.3157331923 7.54275911683 1.8364837932604534 1504014381.68
57 10.280303068 7.61381895646 1.8451298516300212 1504014382.39
58 10.1986372964 7.68020590271 1.8803214534048016 1504014382.94
59 10.0996949591 8.02959565465 1.85618614272831 1504014386.83
60 10.0802175006 8.09592112277 1.8547489041969587 1504014387.51
61 10.1279867146 8.113419474 1.8206815834520806 1504014388.19
62 10.0414708432 8.43504724135 1.8277150980569037 1504014392.0
63 10.0263310228 8.49423539357 1.8285997386086292 1504014392.61
64 10.1396771115 8.6543811789 1.7875027865467006 1504014393.35
65 10.1317289539 8.69073286311 1.7887236945890461 1504014393.73
66 9.69677462378 8.86339607576 1.8722954022556937 1504014397.75
67 9.67646945201 8.93275333527 1.8771005757665478 1504014398.46
68 9.8374722476 9.24204634274 1.9042810327606692 1504014399.13
69 9.70859316272 9.58355821942 1.9322959628766563 1504014402.99
70 9.48612858763 9.4426764203 1.9500488158728833 1504014403.74
71 9.46626498059 9.49130758902 1.955090934305604 1504014404.28
72 9.34797770542 9.79037084333 1.9845949935463727 1504014407.89
73 9.3254354062 9.83873546326 1.9924058665950204 1504014408.46
74 9.30367543556 9.90854997845 1.9800876683612596 1504014409.07
75 9.26908786795 9.95324132515 2.0172615996891974 1504014409.79
76 9.32521205744 10.4146403372 2.0538800269246793 1504014413.59
77 9.29463900136 10.467591608 2.067357076448435 1504014414.28
78 9.20447038056 10.5752763101 2.0952899039202135 1504014414.88
79 9.16565367381 10.6318956813 2.0995839362920714 1504014415.62
80 8.9565843965 10.9427168654 2.2092408346429426 1504014419.87
81 8.91510431515 10.9972534891 2.227749627838746 1504014420.64
82 8.60597706161 11.2224106635 2.3247625822000852 1504014424.49
83 8.56891847547 11.2613993892 2.3385022233340402 1504014425.1
84 8.50022954096 11.2949230423 2.3365196729269195 1504014425.63
85 8.46679834144 11.3303433022 2.3596030676418485 1504014426.23
86 8.272980541 11.4562075615 2.422031754176836 1504014429.97
87 8.22059178151 11.5019977278 2.437312717599283 1504014430.72
88 8.09657039243 11.5035594065 2.4730941570774196 1504014431.37
89 8.02666504271 11.5192384088 2.490835387559638 1504014432.04
90 7.73435736427 11.8128410787 2.5477167829380862 1504014435.79
91 7.66887921448 11.8556177888 2.562098784684163 1504014436.6
92 7.56304026592 11.8690547101 2.5624448391783776 1504014437.23
93 7.27575425049 12.0381558377 2.609845678683142 1504014440.89
94 7.21691005984 12.0778769952 2.61904021207595 1504014441.6
95 7.11275492148 12.0736415244 2.6604413756897265 1504014442.27
96 7.10393802975 12.0771715002 2.6561747083701177 1504014442.8
97 6.78525693057 12.232348391 2.727587348267368 1504014446.6
98 6.70928155165 12.2565503638 2.7335691875042656 1504014447.29
99 6.63792774381 12.2652710058 2.7307673576772826 1504014447.76
100 6.59474988062 12.2741935442 2.753613844226979 1504014448.38
101 6.26555708887 12.384288441 2.819193827446198 1504014452.05
102 6.21310153803 12.4015110939 2.8315438849201247 1504014452.64
103 6.14509244805 12.3923700751 2.83822849005605 1504014453.26
104 6.10146412277 12.4047341161 2.842175629774227 1504014453.83
105 5.74586303102 12.4807961189 2.9230372403216864 1504014457.68
106 5.68912774538 12.492534946 2.9354615244670392 1504014458.28
107 5.6061764836 12.469322243 2.9154214360214703 1504014458.94
108 5.26319936273 12.5035525166 3.005845966345157 1504014462.7
109 5.15171212762 12.4822690075 3.0209027859456836 1504014463.63
110 5.09622588985 12.4892376775 3.0320514090629263 1504014464.2
111 4.73598006909 12.4960571623 3.0846264089424937 1504014468.05
112 4.65525674679 12.4644630884 3.110027557323199 1504014468.85
113 4.60783606974 12.436174556 3.1272176637912525 1504014469.42
114 4.57543529911 12.3523686776 3.1275239606624905 1504014473.28
115 4.57533934866 12.3522053976 3.12766134779758 1504014473.99
116 4.38128314397 12.3499110582 3.1344571261308003 1504014474.54
117 4.47875265747 12.3308240632 3.1254429998480417 1504014478.39
118 4.47837764172 12.331523905 3.1174483322147055 1504014478.99
119 4.47710404526 12.3278149369 3.094631330943234 1504014479.41
120 4.47981006337 12.3310225743 3.125697770323704 1504014480.01
121 4.47834037554 12.3310153806 3.1255550129152265 1504014483.78
122 4.47858739988 12.3307857614 3.125533356067016 1504014484.09
123 4.47878766985 12.3309455468 3.1256012278201024 1504014484.3
124 4.47822458431 12.3308781132 3.1256166011863002 1504014484.81
125 4.4802660465 12.3385612604 3.1242803615775427 1504014488.65
126 4.4803292038 12.3385259448 3.1243265766394983 1504014489.0
127 4.47840797034 12.3307514092 3.1256308408040683 1504014489.54
128 4.47890385564 12.3291195674 3.0943934701947486 1504014490.15
129 4.47861341328 12.3293671043 3.0943173690222534 1504014494.09
130 4.47837085357 12.32950867 3.094279863746676 1504014494.47
131 4.47882665558 12.3307203644 3.1253183829903834 1504014494.94
132 4.38123983133 12.3459011676 3.1331576099075678 1504014495.36
133 4.38296797563 12.3455491218 3.1330237451610685 1504014495.79
134 4.38294148096 12.34620202 3.134507910325111 1504014499.63
135 4.38256641441 12.3459384563 3.1344552104050534 1504014500.04
136 4.38277020271 12.3460927707 3.1329346619852503 1504014500.53
137 4.38286540689 12.3475919055 3.133036429603207 1504014500.78
138 4.38298229503 12.3474518456 3.1328783586933255 1504014501.07
139 4.38214241106 12.3441605334 3.1344449366814913 1504014505.12
140 4.38274225298 12.3441467616 3.1344449366814913 1504014505.57
141 4.38556280371 12.3485635674 3.133827930729213 1504014506.09
142 4.38402303815 12.3460348755 3.1342631387011073 1504014506.46
143 4.38290023453 12.3458679241 3.1334064542224747 1504014510.17
144 4.3828450543 12.345847052 3.1333781576007382 1504014510.35
145 4.38249067234 12.3459136273 3.1331864075260665 1504014510.79
146 4.38217659208 12.3461394998 3.1332326585941646 1504014511.15
147 4.38301558679 12.3457391203 3.133344354535024 1504014511.63
148 4.38460420203 12.3456344532 3.13329014075128 1504014516.05
149 4.38470417307 12.3456320468 3.1333331700462987 1504014516.4
150 4.38277267033 12.3457728863 -3.1188277104808124 1504014516.79
151 4.38300093278 12.3473109699 -3.118510600631634 1504014520.63
152 4.38321148091 12.347373743 -3.1186996130002935 1504014521.2
153 4.38314160507 12.347026341 -3.1188811834246497 1504014521.59
154 4.38243391354 12.3466177493 -3.1188015062994094 1504014521.94
155 4.38322857465 12.3468660556 -3.1188212989439927 1504014525.76
156 4.38322882038 12.3468304763 -3.1189678165247177 1504014526.09
157 4.38300838259 12.345182629 -3.1188965351313103 1504014526.5
158 4.38285492801 12.3452510316 -3.118868140701323 1504014526.77
159 4.38281751344 12.34678676 -3.118617913265343 1504014527.05
160 4.3830636504 12.3468809247 -3.1187754835624353 1504014531.01
161 4.3830227194 12.345178531 -3.118594140484668 1504014531.54
162 4.38307086707 12.345178874 -3.1185422893705854 1504014531.83
163 4.38306439507 12.3454987604 -3.118369259156418 1504014532.27
164 4.38307392325 12.3454262593 -3.118472678396899 1504014532.61
165 4.38293298137 12.3468076638 -3.1185947401623455 1504014538.36
166 4.38318275393 12.3464960816 -3.1183724961487687 1504014546.24
167 4.38323160138 12.3465045863 -3.1184578833455494 1504014551.79
168 4.81431746556 12.3582018201 -3.1412769960814444 1504014557.28
169 5.37831519694 12.4587713198 3.023876030597344 1504014561.35
170 5.45845124987 12.4459995656 3.0041768481166815 1504014562.18
171 5.86490744221 12.3922222433 2.922614963982913 1504014567.37
172 6.33604752065 12.3367221566 2.7882636375079435 1504014571.97
173 6.41043652186 12.3092899086 2.7715218701534914 1504014572.79
174 6.87801820268 12.152905319 2.6807520989033673 1504014578.07
175 7.34230622459 12.1028142808 2.5993846529829305 1504014582.65
176 7.41302248541 12.0608136331 2.5877069407380486 1504014583.48
177 7.77475190253 11.8603823492 2.483393697602307 1504014587.77
178 7.84105208 11.8092976455 2.4700902335517654 1504014588.67
179 8.25729478929 11.5951157005 2.420245588182243 1504014593.34
180 8.35275198445 11.5610778245 2.4006789109936717 1504014594.16
181 8.6678629994 11.305291714 2.317435998766411 1504014598.74
182 8.7324355902 11.2354234963 2.2961864673463523 1504014599.75
183 9.11150012409 10.8634191508 2.1705406268118628 1504014605.65
184 9.30957893514 10.2612451504 2.076221673811737 1504014612.19
185 9.63759676034 9.87142959903 2.0044815224963775 1504014616.69
186 9.6696564127 9.80521031256 1.9935615304600156 1504014617.43
187 9.87257249482 9.43062379277 1.9264333639059361 1504014621.72
188 9.89960114582 9.35652202255 1.9174403390378068 1504014622.51
189 9.94106647509 9.11775434583 1.8906783922062798 1504014626.81
190 9.96576073503 9.04018855365 1.8870553992255736 1504014627.61
191 10.1227655663 8.61293599194 1.8531591336977338 1504014632.1
192 10.152249019 8.51396197728 1.847607782119955 1504014633.13
193 10.294181717 8.03300893111 1.8470256277224855 1504014637.91
194 10.3188369229 7.94438646109 1.8515498611512464 1504014638.83
195 10.4222535592 7.52993256125 1.8920326675413817 1504014643.45
196 10.4572424859 7.42238023288 1.900022449003304 1504014644.59
197 10.5765134853 6.88124813715 1.9595627221960452 1504014649.48
198 10.6124348477 6.80108447493 1.968574695597718 1504014650.33
199 10.7493451776 6.49768513955 2.022584657366253 1504014654.53
200 10.7865464872 6.42368009097 2.0311429611569896 1504014655.37
201 10.9187630364 5.98540244841 2.0416252100434518 1504014659.99
202 10.9516379859 5.91759609029 2.059724668237632 1504014660.81
203 11.1002233834 5.51636176534 2.164608155347322 1504014665.27
204 11.1514812147 5.44073185509 2.1873718727115685 1504014666.24
205 11.340195853 4.98905105522 2.3281684189241574 1504014671.77
206 11.5234013184 4.70156447684 2.513406838755354 1504014676.38
207 11.5749384218 4.66327962587 2.5369315340200767 1504014677.17
208 11.7853055257 4.39600742892 2.690369073341671 1504014681.61
209 11.8535369722 4.36249786758 2.7208675232772555 1504014682.54
210 12.1265141381 4.10756723128 2.8421033416923613 1504014686.88
211 12.1847160274 4.08851945777 2.86215229948231 1504014687.59
212 12.4982714139 3.88807671144 3.0008608842601006 1504014692.29
213 12.6036098167 3.8679447453 3.0305578095041583 1504014693.43
214 12.9654425246 3.70722743046 3.126938813548952 1504014697.19
215 13.0485349965 3.70677140875 -3.139643259568991 1504014698.11
216 13.0732917243 3.55265479529 3.096416964245886 1504014698.83
217 13.4435450435 3.54188839925 -3.1146447467784815 1504014703.21
218 13.5140068494 3.54395342084 -3.1080933352750515 1504014703.92
219 13.9407407575 3.49032350166 -3.1040066017147456 1504014708.37
220 14.011796465 3.49221361021 -3.104026374532388 1504014709.09
221 14.137377283 3.42871725002 -3.1182304123152087 1504014709.68
222 14.524388115 3.45510033591 -3.102810452913168 1504014714.06
223 14.6144047084 3.46038150855 -3.098408497949934 1504014714.84
224 15.0458384198 3.50587219789 -3.108171573742843 1504014719.15
225 15.1368308293 3.50726132722 -3.116024502070614 1504014720.05
226 15.5371738654 3.49060511447 3.1207725781123727 1504014724.44
227 15.6131036713 3.48926028673 3.114365042668751 1504014725.21
228 16.1747209734 3.47155059783 3.0645024636048315 1504014730.59
229 16.6098705929 3.44543798785 3.0209099582017114 1504014735.08
230 16.6786882911 3.43963328875 3.0154373481305212 1504014735.82
231 17.1101724377 3.38994020587 2.9812392860629195 1504014740.25
232 17.2083453884 3.37279299547 2.9683284929419167 1504014741.14
233 17.4795696344 3.32465587723 2.966163100917332 1504014745.56
234 17.4797715882 3.32475187024 2.966163100917332 1504014746.39
235 17.5510545695 3.32408817695 2.981489490094034 1504014750.78
236 17.5510545695 3.32408817695 2.981565182981657 1504014751.68
237 17.5495186077 3.32112219137 3.0127031000876223 1504014755.7
238 17.5495186077 3.32112219137 3.0127031000876223 1504014756.19
239 17.5495186077 3.32112219137 3.0127031000876223 1504014756.6
240 17.5509811431 3.31799453138 3.0127031000876223 1504014761.56
241 17.5509811431 3.31799453138 3.0127031000876223 1504014762.0
242 17.5494347968 3.31945617448 3.0127104780830627 1504014766.31
243 17.5494347968 3.31945617448 3.0127104780830627 1504014766.78
244 17.5509948208 3.31954919967 3.0127104780830627 1504014767.23
245 17.5493263085 3.31934410487 3.012696239652118 1504014772.03
246 17.5493236491 3.3194440695 3.012696239652118 1504014772.68
247 17.550953883 3.32102941607 3.013033675885019 1504014778.92
248 17.5509640935 3.321021555 3.0131401229052326 1504014784.93
249 17.5509613898 3.32112151844 3.0131401229052326 1504014789.76
250 17.5509613898 3.32112151844 3.0131401229052326 1504014790.55
251 17.5493988898 3.32112151844 3.0131401229052326 1504014792.06


# GT - pose_x pose_y orientation time
0 17.5865 2.8198 3.0833 1504014240.9784198
1 17.5866 2.8197 3.0832 1504014241.2179275
2 17.5865 2.8196 3.0833 1504014241.7005606
3 17.5865 2.8197 3.0833 1504014242.1213875
4 17.5867 2.8196 3.0832 1504014242.8374786
5 17.5866 2.8198 3.0833 1504014243.380365
6 17.5867 2.8196 3.0832 1504014244.0396733
7 17.5866 2.8198 3.0833 1504014249.3780105
8 17.5864 2.8196 3.0833 1504014253.7578719
9 17.5864 2.8198 3.0833 1504014254.179202
10 17.5866 2.8196 3.0832 1504014254.7222497
11 17.5864 2.8197 3.0832 1504014259.1593308
12 17.5864 2.8195 3.0832 1504014259.58478
13 17.5864 2.8197 3.0833 1504014259.9993308
14 17.5864 2.8194 3.0833 1504014264.3840995
15 17.5863 2.8196 3.0833 1504014264.799129
16 17.5864 2.8196 3.0833 1504014265.2177968
17 17.5864 2.8196 3.0834 1504014269.6612234
18 17.5864 2.8193 3.0832 1504014270.199173
19 17.5863 2.8194 3.0833 1504014270.6227849
20 17.5864 2.8193 3.0833 1504014274.9416146
21 17.5864 2.8196 3.0833 1504014275.4803534
22 17.5865 2.8194 3.0832 1504014276.0177414
23 17.5562 2.8213 3.0839 1504014280.3413498
24 17.4702 2.8255 3.0845 1504014280.8191168
25 17.3958 2.8287 3.0857 1504014281.3591168
26 16.9394 2.8458 3.0913 1504014285.981419
27 16.8443 2.8508 3.0951 1504014286.9441633
28 16.3173 2.873 3.1232 1504014292.2781153
29 15.8531 2.8765 -3.13909 1504014296.898664
30 15.765 2.8749 -3.13669 1504014297.8008833
31 15.211 2.8714 -3.13539 1504014303.3175256
32 14.5619 2.8719 -3.13629 1504014309.9174187
33 13.9385 2.8812 3.0947 1504014316.0982645
34 13.3599 2.9305 3.0115 1504014322.1589916
35 12.8407 3.0228 2.9046 1504014327.6785002
36 12.4522 3.1429 2.7953 1504014332.177418
37 12.3817 3.1707 2.7733 1504014333.024248
38 12.0356 3.3299 2.6674 1504014337.341784
39 11.9816 3.3574 2.6489 1504014338.0001667
40 11.4939 3.6802 2.4818 1504014344.5411677
41 11.0221 4.1039 2.346 1504014351.1967695
42 10.6795 4.487 2.2574 1504014356.541997
43 10.4633 4.771 2.1882 1504014360.3821173
44 10.4321 4.8164 2.1757 1504014360.9765708
45 10.4038 4.8604 2.164 1504014361.5190396
46 10.221 5.1624 2.0948 1504014365.2985306
47 10.1934 5.212 2.0856 1504014365.9003766
48 10.1662 5.2607 2.0759 1504014366.5006065
49 10.1307 5.328 2.0637 1504014367.2768362
50 9.958 5.6716 2.0018 1504014371.23934
51 9.9323 5.7294 1.9916 1504014371.900405
52 9.9039 5.7939 1.9806 1504014372.6214974
53 9.7524 6.15 1.9275 1504014376.5786638
54 9.7294 6.2083 1.9206 1504014377.180754
55 9.7077 6.2683 1.9135 1504014377.7805338
56 9.5878 6.6369 1.8825 1504014381.676199
57 9.5686 6.7015 1.8779 1504014382.3990073
58 9.5528 6.7554 1.8753 1504014382.942127
59 9.4429 7.1203 1.858 1504014386.8380525
60 9.4239 7.1844 1.8566 1504014387.5025034
61 9.4075 7.2489 1.8551 1504014388.2196927
62 9.2989 7.6177 1.8515 1504014392.0006723
63 9.2829 7.6744 1.8523 1504014392.5979555
64 9.2599 7.7509 1.8532 1504014393.3789375
65 9.2503 7.785 1.8542 1504014393.7431204
66 9.139 8.1634 1.8637 1504014397.7558508
67 9.1189 8.2343 1.8686 1504014398.480182
68 9.1001 8.2975 1.8722 1504014399.136561
69 8.9824 8.6707 1.9032 1504014402.9781227
70 8.9568 8.7427 1.9106 1504014403.757174
71 8.9386 8.7928 1.9156 1504014404.2988496
72 8.8104 9.1178 1.9548 1504014407.9012566
73 8.7904 9.1642 1.9621 1504014408.4367537
74 8.7672 9.2198 1.9715 1504014409.0998425
75 8.7422 9.2765 1.9817 1504014409.7592938
76 8.5798 9.6021 2.0586 1504014413.5955234
77 8.5501 9.6529 2.0714 1504014414.257814
78 8.5238 9.6992 2.0843 1504014414.8607855
79 8.4864 9.7629 2.1022 1504014415.6365979
80 8.2705 10.0879 2.2028 1504014419.8997464
81 8.2319 10.1394 2.2202 1504014420.6207175
82 8.0041 10.4109 2.314 1504014424.5169954
83 7.9678 10.45 2.3277 1504014425.1168356
84 7.9365 10.4826 2.3394 1504014425.5990121
85 7.8942 10.5257 2.3545 1504014426.2558916
86 7.6392 10.7579 2.4332 1504014429.9802952
87 7.5885 10.8012 2.4478 1504014430.7006311
88 7.5408 10.8407 2.4608 1504014431.3557224
89 7.4906 10.882 2.4746 1504014432.0191698
90 7.1983 11.0954 2.5466 1504014435.7963243
91 7.135 11.137 2.5604 1504014436.5774515
92 7.083 11.1697 2.5717 1504014437.2360363
93 6.78 11.3502 2.6287 1504014440.8953621
94 6.7186 11.3902 2.6376 1504014441.619955
95 6.6658 11.4154 2.6505 1504014442.2745566
96 6.6228 11.436 2.6593 1504014442.8167655
97 6.2952 11.5867 2.7215 1504014446.5973141
98 6.2318 11.6161 2.7339 1504014447.3149934
99 6.1926 11.632 2.7407 1504014447.740614
100 6.1354 11.6555 2.7517 1504014448.396483
101 5.8139 11.7774 2.8233 1504014452.0582998
102 5.7608 11.7946 2.8358 1504014452.657459
103 5.7047 11.8109 2.8499 1504014453.2582917
104 5.649 11.8273 2.8632 1504014453.8568482
105 5.3 11.9109 2.9414 1504014457.6997097
106 5.2435 11.9215 2.9538 1504014458.2979825
107 5.1824 11.9331 2.9676 1504014458.9580069
108 4.8409 11.9793 3.0417 1504014462.677359
109 4.7494 11.9867 3.0598 1504014463.6368723
110 4.697 11.9913 3.0705 1504014464.1767592
111 4.3219 12.0135 3.135 1504014468.0752087
112 4.2398 12.0114 -3.13749 1504014468.8617315
113 4.1941 12.0176 -3.13499 1504014469.3943753
114 3.9942 12.0068 -3.12579 1504014473.2964845
115 3.994 12.0067 -3.12559 1504014474.016508
116 3.9942 12.0069 -3.12569 1504014474.5560584
117 3.9941 12.007 -3.12589 1504014478.3977125
118 3.9937 12.0074 -3.12589 1504014478.993958
119 3.994 12.0071 -3.12559 1504014479.417836
120 3.9936 12.0072 -3.12579 1504014480.0177996
121 3.9937 12.0073 -3.12589 1504014483.7934008
122 3.994 12.0071 -3.12589 1504014484.092792
123 3.9942 12.0073 -3.12579 1504014484.2751331
124 3.9936 12.0072 -3.12579 1504014484.8175125
125 3.9941 12.0071 -3.12569 1504014488.6543117
126 3.9941 12.0071 -3.12559 1504014489.0178328
127 3.9938 12.0071 -3.12589 1504014489.5570467
128 3.9943 12.007 -3.12579 1504014490.1541736
129 3.9941 12.0074 -3.12589 1504014494.115742
130 3.9938 12.0075 -3.12589 1504014494.4771748
131 3.9943 12.0072 -3.12579 1504014494.9541464
132 3.9942 12.0075 -3.12569 1504014495.3741431
133 3.9939 12.0075 -3.12589 1504014495.7962453
134 3.9943 12.0077 -3.12579 1504014499.6343684
135 3.9939 12.0074 -3.12579 1504014500.0563138
136 3.9942 12.0075 -3.12579 1504014500.539423
137 3.9942 12.0076 -3.12579 1504014500.7818167
138 3.9943 12.0075 -3.12579 1504014501.0752168
139 3.9935 12.0074 -3.12579 1504014505.0981636
140 3.9941 12.0074 -3.12579 1504014505.580308
141 3.9938 12.0077 -3.12589 1504014506.1139896
142 3.9935 12.008 -3.12599 1504014506.4740524
143 3.994 12.0077 -3.12579 1504014510.1957827
144 3.994 12.0079 -3.12589 1504014510.3802826
145 3.9936 12.0079 -3.12599 1504014510.7954202
146 3.9933 12.0081 -3.12599 1504014511.1532488
147 3.9941 12.0078 -3.12589 1504014511.6352582
148 3.994 12.0077 -3.12579 1504014516.073338
149 3.9941 12.0077 -3.12579 1504014516.378389
150 3.9937 12.0078 -3.12599 1504014516.7959416
151 3.9939 12.0078 -3.12559 1504014520.6334105
152 3.9941 12.0079 -3.12579 1504014521.1786869
153 3.994 12.0075 -3.12589 1504014521.595781
154 3.9937 12.0075 -3.12579 1504014521.953597
155 3.9941 12.0074 -3.12569 1504014525.736597
156 3.9941 12.0073 -3.12589 1504014526.0955546
157 3.9939 12.0073 -3.12589 1504014526.5155883
158 3.9937 12.0073 -3.12579 1504014526.7524505
159 3.9937 12.0073 -3.12559 1504014527.053115
160 3.994 12.0073 -3.12579 1504014531.0194924
161 3.9939 12.0071 -3.12569 1504014531.5545316
162 3.9939 12.0071 -3.12559 1504014531.8532152
163 3.994 12.0074 -3.12569 1504014532.2747614
164 3.994 12.0073 -3.12569 1504014532.6362612
165 3.994 12.0073 -3.12569 1504014538.332337
166 3.9941 12.0069 -3.12559 1504014546.2525558
167 3.9942 12.007 -3.12579 1504014551.7765317
168 4.4266 12.0154 3.1343 1504014557.2936738
169 4.8116 11.9928 3.057 1504014561.376854
170 4.8872 11.9835 3.0387 1504014562.1532552
171 5.3627 11.911 2.9353 1504014567.374504
172 5.7793 11.8002 2.8314 1504014571.9941497
173 5.8508 11.7774 2.8155 1504014572.7777252
174 6.3167 11.592 2.7204 1504014578.0563104
175 6.7094 11.4034 2.6428 1504014582.6731105
176 6.7788 11.366 2.6332 1504014583.4565678
177 7.1357 11.1493 2.5615 1504014587.772398
178 7.2063 11.1032 2.5481 1504014588.676229
179 7.5729 10.836 2.4714 1504014593.3570485
180 7.6308 10.7892 2.4567 1504014594.1349912
181 7.9544 10.5001 2.3682 1504014598.7529488
182 8.0234 10.4326 2.3468 1504014599.775385
183 8.3743 10.0242 2.2159 1504014605.6572967
184 8.7142 9.5084 2.0678 1504014612.1932487
185 8.8974 9.134 1.9896 1504014616.6943707
186 8.9279 9.0686 1.9788 1504014617.417761
187 9.0853 8.6826 1.9265 1504014621.737051
188 9.112 8.6094 1.9176 1504014622.512104
189 9.2465 8.1975 1.8821 1504014626.8355682
190 9.27 8.1217 1.8786 1504014627.6114926
191 9.4001 7.6998 1.8556 1504014632.113515
192 9.4294 7.6024 1.8496 1504014633.1352599
193 9.5596 7.1345 1.8459 1504014637.9364471
194 9.5835 7.0485 1.8506 1504014638.8308804
195 9.7101 6.6127 1.8743 1504014643.452361
196 9.7434 6.5039 1.8824 1504014644.5936508
197 9.8982 6.042 1.925 1504014649.4545674
198 9.9331 5.9562 1.9344 1504014650.3528156
199 10.0904 5.5803 1.9754 1504014654.5522532
200 10.1239 5.5045 1.9843 1504014655.3931184
201 10.3156 5.0992 2.0596 1504014660.0135093
202 10.3475 5.0359 2.0766 1504014660.7934716
203 10.5599 4.6809 2.1785 1504014665.2951174
204 10.6115 4.6069 2.2013 1504014666.251759
205 10.9191 4.2378 2.3462 1504014671.7734108
206 11.2139 3.9735 2.4964 1504014676.3961911
207 11.2639 3.9349 2.5195 1504014677.1737435
208 11.5766 3.7382 2.6605 1504014681.6121445
209 11.6425 3.7046 2.6903 1504014682.5124454
210 11.983 3.5651 2.8284 1504014686.8906343
211 12.0415 3.545 2.8486 1504014687.6145105
212 12.442 3.4492 2.9787 1504014692.2976713
213 12.5464 3.4314 3.0089 1504014693.4325957
214 12.8954 3.396 3.0892 1504014697.2140322
215 12.9762 3.3925 3.1055 1504014698.1106157
216 13.0526 3.3896 3.1176 1504014698.8345957
217 13.4845 3.3859 -3.10999 1504014703.2123785
218 13.5553 3.3883 -3.10349 1504014703.9319038
219 13.9919 3.4121 -3.07949 1504014708.3765008
220 14.0625 3.4157 -3.07949 1504014709.0929341
221 14.1225 3.4197 -3.07979 1504014709.6927075
222 14.5707 3.4456 -3.08899 1504014714.070851
223 14.6455 3.4494 -3.09179 1504014714.8568761
224 15.0659 3.4639 -3.11819 1504014719.1743965
225 15.157 3.4644 -3.12599 1504014720.0705829
226 15.5912 3.4667 3.1198 1504014724.455008
227 15.6676 3.4653 3.1134 1504014725.2296958
228 16.1905 3.4403 3.056 1504014730.5726447
229 16.6365 3.3899 3.0205 1504014735.0718505
230 16.7023 3.3844 3.0152 1504014735.7908227
231 17.1424 3.3142 2.9931 1504014740.2332878
232 17.2321 3.3012 2.9902 1504014741.1296916
233 17.5315 3.2574 2.9861 1504014745.5738306
234 17.5317 3.2575 2.9861 1504014746.411986
235 17.5318 3.2576 2.9861 1504014750.7886655
236 17.5318 3.2576 2.9862 1504014751.690621
237 17.5318 3.2576 2.9861 1504014755.7098174
238 17.5318 3.2576 2.9861 1504014756.1912622
239 17.5318 3.2576 2.9861 1504014756.612947
240 17.5317 3.2576 2.9861 1504014761.5881538
241 17.5317 3.2576 2.9861 1504014762.0079274
242 17.5317 3.2575 2.9861 1504014766.3296862
243 17.5317 3.2575 2.9861 1504014766.809786
244 17.5317 3.2576 2.9861 1504014767.2304187
245 17.5316 3.2574 2.9861 1504014772.0306273
246 17.5316 3.2575 2.9861 1504014772.6920054
247 17.5317 3.2575 2.9861 1504014778.9342113
248 17.5317 3.2575 2.9861 1504014784.9349709
249 17.5317 3.2576 2.9861 1504014789.734271
250 17.5317 3.2576 2.9861 1504014790.5675926
251 17.5317 3.2576 2.9861 1504014792.0076926


# Displacement and sum and time
0 1.4878754948202601e-05 1.4878754948202601e-05 1504014241.22
1 -0.00013368466623732143 -0.00011880591128911883 1504014241.72
2 0.00035198787159469583 0.000233181960305577 1504014242.15
3 -0.00013217456727676553 0.00010100739302881147 1504014242.83
4 0.0003056028171621207 0.0004066102101909322 1504014243.37
5 -0.0001787238984600508 0.0002278863117308814 1504014244.03
6 0.0001792750062038469 0.0004071613179347283 1504014249.35
7 0.00039154014673824813 0.0007987014646729765 1504014253.74
8 -7.47294094860561e-05 0.0007239720551869204 1504014254.19
9 0.00022159180702972927 0.0009455638622166496 1504014254.72
10 -0.0012276715926253722 -0.00028210773040872263 1504014259.16
11 -1.1310073163516256e-05 -0.0002934178035722389 1504014259.57
12 -0.0002389583629346266 -0.0005323761665068655 1504014259.97
13 0.0002465561515684329 -0.00028582001493843254 1504014264.4
14 -0.00012436063431043912 -0.0004101806492488717 1504014264.78
15 -2.0684826565595812e-05 -0.0004308654758144675 1504014265.19
16 0.00028070366951742174 -0.00015016180629704573 1504014269.66
17 7.80992228587268e-06 -0.00014235188401117305 1504014270.19
18 0.000124466186914439 -1.788569709673405e-05 1504014270.6
19 0.00018380679688797177 0.00016592109979123772 1504014274.96
20 0.00011668350769415296 0.00028260460748539065 1504014275.47
21 0.0985017770207723 0.09878438162825769 1504014276.02
22 -8.980647263599761e-05 0.09869457515562169 1504014280.37
23 0.00010204596825671422 0.09879662112387841 1504014280.8
24 -0.0003754912058163552 0.09842112991806205 1504014281.34
25 0.0003957792365067124 0.09881690915456877 1504014285.98
26 -0.00041978427601536104 0.09839712487855341 1504014286.92
27 -0.05864478455041587 0.03975234032813754 1504014292.26
28 -0.003256870318747218 0.036495470009390324 1504014296.89
29 -0.0002920593502712468 0.03620341065911908 1504014297.79
30 -0.026356932922879165 0.009846477736239912 1504014303.3
31 0.12627891675049122 0.13612539448673114 1504014309.89
32 0.004713155108948985 0.14083854959568012 1504014316.08
33 -0.02483967722061553 0.1159988723750646 1504014322.14
34 -0.06939263743913932 0.04660623493592528 1504014327.68
35 -0.14066144829955263 -0.09405521336362735 1504014332.2
36 0.20504495724805633 0.11098974388442898 1504014333.01
37 -0.048863629857744784 0.06212611402668419 1504014337.33
38 -0.0021326067927853465 0.059993507233898846 1504014338.03
39 -0.1246811352013033 -0.06468762796740446 1504014344.53
40 0.019470839228015013 -0.045216788739389446 1504014351.17
41 0.006545938402537532 -0.038670850336851914 1504014356.52
42 0.03720617034706247 -0.0014646799897894414 1504014360.36
43 -0.0002900251839580287 -0.00175470517374747 1504014360.95
44 -0.01001031434745997 -0.01176501952120744 1504014361.55
45 0.09502670298351264 0.0832616834623052 1504014365.28
46 -0.0011608071875214773 0.08210087627478371 1504014365.9
47 -0.027775787161442637 0.05432508911334108 1504014366.49
48 -0.04087408499401416 0.013451004119326919 1504014367.25
49 -0.09438047033877772 -0.0809294662194508 1504014371.24
50 0.0008825923362813064 -0.08004687388316949 1504014371.87
51 0.020065241513764213 -0.05998163236940528 1504014372.62
52 0.006671709473804244 -0.053309922895601033 1504014376.56
53 -8.937329024930052e-05 -0.053399296185850334 1504014377.18
54 0.01251415752792461 -0.04088513865792572 1504014377.81
55 -0.10367903839828435 -0.14456417705621008 1504014381.68
56 0.04161371966285622 -0.10295045739335386 1504014382.39
57 0.11872581850304097 0.015775361109687108 1504014382.94
58 -0.02147376180627049 -0.0056984006965833806 1504014386.83
59 -0.00011698829652334077 -0.005815388993106721 1504014387.51
60 -0.1023132555992112 -0.10812864459231793 1504014388.19
61 0.033406171364352 -0.07472247322796594 1504014392.0
62 0.0002659061354963422 -0.07445656709246959 1504014392.61
63 -0.13193731607091744 -0.20639388316338703 1504014393.35
64 0.000694003082951289 -0.20569988008043574 1504014393.73
65 0.23270313264439127 0.027003252563955527 1504014397.75
66 -0.00029790620166694065 0.026705346362288586 1504014398.46
67 0.07408019046102175 0.10078553682331035 1504014399.13
68 -0.009377873618066801 0.09140766320524354 1504014402.99
69 0.03252444691664151 0.12393211012188506 1504014403.74
70 0.00013231895881650468 0.12406442908070156 1504014404.28
71 -0.030460696258843248 0.09360373282185831 1504014407.89
72 0.001604955016549045 0.09520868783840736 1504014408.46
73 -0.06822973202038995 0.026978955818017403 1504014409.07
74 0.08474110449828495 0.11172006031630236 1504014409.79
75 -0.1265482930720533 -0.01482823275575093 1504014413.59
76 0.0021270138099476962 -0.012701218945803235 1504014414.28
77 0.04722702034802314 0.034525801402219905 1504014414.88
78 -0.042744407945551906 -0.008218606543332 1504014415.62
79 0.028453085323406457 0.020234478780074457 1504014419.87
80 0.0034833765582855253 0.023717855338359982 1504014420.64
81 0.010093793817902763 0.033811649156262745 1504014424.49
82 0.00012453629521280013 0.033936185451475545 1504014425.1
83 -0.042984999841381856 -0.009048814389906311 1504014425.63
84 0.025080574187128647 0.016031759797222336 1504014426.23
85 -0.05111783884593937 -0.03508607904871704 1504014429.97
86 0.0021393096853219856 -0.03294676936339505 1504014430.72
87 0.07157000290271479 0.038623233539319735 1504014431.37
88 0.012381740729040074 0.05100497426835981 1504014432.04
89 -0.047496497211595434 0.003508477056764374 1504014435.79
90 0.0018284124098523896 0.0053368894666167635 1504014436.6
91 -0.03441283472879845 -0.029075945262181685 1504014437.23
92 -0.030156652092461073 -0.05923259735464276 1504014440.89
93 0.0009253039430822951 -0.05830729341156046 1504014441.6
94 0.08953904622780001 0.03123175281623955 1504014442.27
95 -0.041050146058184536 -0.009818393241944987 1504014442.8
96 0.02894236182137047 0.019123968579425485 1504014446.6
97 -0.02016324670292222 -0.0010392781234967348 1504014447.29
98 -0.030165038045468065 -0.0312043161689648 1504014447.76
99 0.037216835115376296 0.006012518946411496 1504014448.38
100 -0.018912440492989263 -0.012899921546577767 1504014452.05
101 -0.0004710583383720837 -0.013370979884949851 1504014452.64
102 -0.023296150028444623 -0.03666712991339448 1504014453.26
103 -0.02938287715142664 -0.06605000706482111 1504014453.83
104 0.008361696142615893 -0.05768831092220522 1504014457.68
105 7.629089263774813e-05 -0.05761202002956747 1504014458.28
106 -0.10631177325742758 -0.16392379328699505 1504014458.94
107 0.05128502453819808 -0.11263876874879697 1504014462.7
108 -0.009560433186534364 -0.12219920193533133 1504014463.63
109 0.0014093910893602096 -0.12078981084597112 1504014464.2
110 -0.037463492772407486 -0.1582533036183786 1504014468.05
111 0.9358526433222483 0.7775993397038696 1504014468.85
112 0.04615033056048972 0.8237496702643593 1504014469.42
113 -0.0279403924125284 0.7958092778518309 1504014473.28
114 -0.0001967041164233669 0.7956125737354075 1504014473.99
115 0.02166372655242962 0.8172763002878372 1504014474.54
116 -0.02769039437772704 0.7895859059101101 1504014478.39
117 -0.02511598910478119 0.7644699168053289 1504014478.99
118 -0.07262420136748193 0.691845715437847 1504014479.41
119 0.09822641626159592 0.7900721316994429 1504014480.01
120 -0.0001343263603590354 0.7899378053390839 1504014483.78
121 -6.803699523743903e-05 0.7898697683438465 1504014484.09
122 -0.00010093386447777088 0.7897688344793687 1504014484.3
123 4.8296854308064164e-05 0.7898171313336768 1504014484.81
124 -0.004512079803666526 0.7853050515300103 1504014488.65
125 -0.00016897036623483305 0.7851360811637754 1504014489.0
126 0.005039944513830973 0.7901760256776064 1504014489.54
127 -0.09844925328905993 0.6917267723885464 1504014490.15
128 7.508038091904112e-05 0.6918018527694655 1504014494.09
129 -0.000117826298224258 0.6916840264712413 1504014494.47
130 0.09719622476897652 0.7888802512402178 1504014494.94
131 0.02431349842749133 0.8131937496677091 1504014495.36
132 0.00020777002654123327 0.8134015196942503 1504014495.79
133 0.004348483110710115 0.8177500028049605 1504014499.63
134 -0.00016556168169782161 0.8175844411232627 1504014500.04
135 -0.004776943745080961 0.8128074973781817 1504014500.53
136 0.0003197124009459779 0.8131272097791277 1504014500.78
137 -0.0004965944092296686 0.812630615369898 1504014501.07
138 0.004921549898896933 0.8175521652687949 1504014505.12
139 0.0 0.8175521652687949 1504014505.57
140 -0.0016242221015390884 0.8159279431672558 1504014506.09
141 0.0016814054326452057 0.817609348599901 1504014506.46
142 -0.0033196721952345617 0.8142896764046664 1504014510.17
143 0.0002252628063910855 0.8145149392110576 1504014510.35
144 -0.0002882413605558462 0.8142266978505017 1504014510.79
145 0.00014530201575760902 0.8143719998662593 1504014511.15
146 3.674388188200839e-05 0.8144087437481413 1504014511.63
147 -0.00048447689009322185 0.8139242668580481 1504014516.05
148 0.00013518051711973363 0.8140594473751678 1504014516.4
149 -0.7915584512559867 0.022500996119181105 1504014516.79
150 -0.0002604070888755012 0.022240589030305603 1504014520.63
151 3.451866189913748e-05 0.02227510769220474 1504014521.2
152 -0.0002562610459069175 0.022018846646297822 1504014521.59
153 -6.384619404567872e-05 0.021955000452252144 1504014521.94
154 -0.0003763396921762377 0.021578660760075908 1504014525.76
155 0.00016801997549071473 0.021746680735566622 1504014526.09
156 0.00022393710186632032 0.021970617837432944 1504014526.5
157 -0.00022495553270881173 0.021745662304724134 1504014526.77
158 0.0001577941438839055 0.021903456448608038 1504014527.05
159 0.00013329684294843813 0.022036753291556476 1504014531.01
160 0.0002555468155341458 0.022292300107090622 1504014531.54
161 -0.00015126418627670166 0.02214103592081392 1504014531.83
162 0.0008577497150369171 0.022998785635850838 1504014532.27
163 -0.00032490112613412864 0.022673884509716708 1504014532.61
164 -0.00038346834561159293 0.022290416164105115 1504014538.36
165 0.0003840408949976824 0.022674457059102798 1504014546.24
166 0.00036006674060085704 0.023034523799703655 1504014551.79
167 -0.888785190204694 -0.8657506664049904 1504014557.28
168 0.7616886474546916 -0.10406201895029887 1504014561.35
169 -0.0043956614022801835 -0.10845768035257905 1504014562.18
170 0.06860646437359569 -0.03985121597898336 1504014567.37
171 -0.09566566354582856 -0.13551687952481192 1504014571.97
172 -0.0026444901367790458 -0.13816136966159098 1504014572.79
173 0.013603814828973382 -0.1245575548326176 1504014578.07
174 -0.011835780426439929 -0.13639333525905753 1504014582.65
175 -0.006527325524795062 -0.1429206607838526 1504014583.48
176 -0.10245752504498407 -0.24537818582883666 1504014587.77
177 0.0003032766296267239 -0.24507490919920993 1504014588.67
178 0.08436858481665604 -0.1607063243825539 1504014593.34
179 -0.015289117303008484 -0.17599544168556236 1504014594.16
180 0.016515628326115417 -0.15947981335944694 1504014598.74
181 0.0004727109853392558 -0.1590071023741077 1504014599.75
182 0.01650642877763686 -0.14250067359647084 1504014605.65
183 0.16895814215717175 0.026457468560700914 1504014612.19
184 0.02029421317096844 0.04675168173166935 1504014616.69
185 -0.00037696609992321495 0.04637471563174614 1504014617.43
186 -0.04658405911250266 -0.00020934348075651865 1504014621.72
187 -0.000292246242315955 -0.0005015897230724736 1504014622.51
188 0.02745140364075138 0.026949813917678908 1504014626.81
189 -0.00038639384462927154 0.026563420073049637 1504014627.61
190 -0.034231627733825 -0.007668207660775365 1504014632.1
191 0.0014094705872949448 -0.00625873707348042 1504014633.13
192 0.009795000839936296 0.0035362637664558758 1504014637.91
193 -0.0005521869689510042 0.0029840767975048716 1504014638.83
194 0.05272474126186853 0.0557088180593734 1504014643.45
195 -0.00034626174951427405 0.05536255630985913 1504014644.59
196 0.0532194378121201 0.10858199412197923 1504014649.48
197 -0.001219021510702016 0.10736297261127722 1504014650.33
198 0.04087200031551391 0.14823497292679114 1504014654.53
199 -0.0010734703007816877 0.14716150262600944 1504014655.37
200 -0.2036309707205024 -0.056469468094492964 1504014659.99
201 0.003454049785766043 -0.05301541830872692 1504014660.81
202 0.009372901185881577 -0.043642517122845344 1504014665.27
203 -0.0001139852619350401 -0.043756502384780384 1504014666.24
204 -0.01289138027287684 -0.056647882657657224 1504014671.77
205 0.11007644233508213 0.0534285596774249 1504014676.38
206 0.0013342195236677873 0.05476277920109269 1504014677.17
207 0.03907368216145485 0.09383646136254753 1504014681.61
208 0.002194245186531621 0.09603070654907915 1504014682.54
209 -0.05298038897590657 0.04305031757317258 1504014686.88
210 -0.0004745130974789652 0.04257580447569362 1504014687.59
211 0.02704466669571115 0.06962047117140477 1504014692.29
212 -0.0015804559574753435 0.06804001521392943 1504014693.43
213 0.0505199641694728 0.11855997938340222 1504014697.19
214 -0.8887002427395821 -0.7701402633561799 1504014698.11
215 0.7035917938331442 -0.06654846952303572 1504014698.83
216 0.051925151222254606 -0.014623318300781118 1504014703.21
217 0.00016151400148576092 -0.014461804299295358 1504014703.92
218 -0.06255937155591934 -0.0770211758552147 1504014708.37
219 -6.211813864587122e-05 -0.07708329399386057 1504014709.09
220 -0.043680822953744 -0.12076411694760458 1504014709.68
221 0.07734588358912917 -0.04341823335847542 1504014714.06
222 0.022625608803982063 -0.020792624554493353 1504014714.84
223 0.05226643886732574 0.03147381431283239 1504014719.15
224 -0.00016627924569159389 0.03130753506714079 1504014720.05
225 -0.02825209083144975 0.0030554442356910405 1504014724.44
226 -2.367329432294285e-05 0.0030317709413680977 1504014725.21
227 0.023679506239803888 0.026711277181171986 1504014730.59
228 -0.02542335552357823 0.0012879216575937547 1504014735.08
229 -0.0005422705315863419 0.0007456511260074128 1504014735.82
230 -0.03800718291425073 -0.03726153178824332 1504014740.25
231 -0.031449834125550094 -0.06871136591379341 1504014741.14
232 0.006077750203142091 -0.06263361571065132 1504014745.56
233 0.0 -0.06263361571065132 1504014746.39
234 0.04814927164358489 -0.014484344067066432 1504014750.78
235 -7.636304567390658e-05 -0.014560707112740339 1504014751.68
236 0.09813681089354769 0.08357610378080735 1504014755.7
237 0.0 0.08357610378080735 1504014756.19
238 0.0 0.08357610378080735 1504014756.6
239 0.0 0.08357610378080735 1504014761.56
240 0.0 0.08357610378080735 1504014762.0
241 2.3178656273691275e-05 0.08359928243708104 1504014766.31
242 0.0 0.08359928243708104 1504014766.78
243 0.0 0.08359928243708104 1504014767.23
244 -4.473135005389324e-05 0.08355455108702714 1504014772.03
245 0.0 0.08355455108702714 1504014772.68
246 0.0010600871903366233 0.08461463827736376 1504014778.92
247 0.0003344131766991036 0.08494905145406287 1504014784.93
248 0.0 0.08494905145406287 1504014789.76
249 0.0 0.08494905145406287 1504014790.55
250 0.0 0.08494905145406287 1504014792.06


# Displacement abs and sum and time
0 1.4878754948202601e-05 1.4878754948202601e-05 1504014241.22
1 0.00013368466623732143 0.00014856342118552403 1504014241.72
2 0.00035198787159469583 0.0005005512927802199 1504014242.15
3 0.00013217456727676553 0.0006327258600569855 1504014242.83
4 0.0003056028171621207 0.0009383286772191062 1504014243.37
5 0.0001787238984600508 0.001117052575679157 1504014244.03
6 0.0001792750062038469 0.001296327581883004 1504014249.35
7 0.00039154014673824813 0.001687867728621252 1504014253.74
8 7.47294094860561e-05 0.0017625971381073082 1504014254.19
9 0.00022159180702972927 0.0019841889451370377 1504014254.72
10 0.0012276715926253722 0.0032118605377624097 1504014259.16
11 1.1310073163516256e-05 0.0032231706109259258 1504014259.57
12 0.0002389583629346266 0.003462128973860552 1504014259.97
13 0.0002465561515684329 0.003708685125428985 1504014264.4
14 0.00012436063431043912 0.0038330457597394244 1504014264.78
15 2.0684826565595812e-05 0.0038537305863050202 1504014265.19
16 0.00028070366951742174 0.004134434255822442 1504014269.66
17 7.80992228587268e-06 0.004142244178108315 1504014270.19
18 0.000124466186914439 0.004266710365022754 1504014270.6
19 0.00018380679688797177 0.004450517161910726 1504014274.96
20 0.00011668350769415296 0.004567200669604879 1504014275.47
21 0.0985017770207723 0.10306897769037718 1504014276.02
22 8.980647263599761e-05 0.10315878416301318 1504014280.37
23 0.00010204596825671422 0.1032608301312699 1504014280.8
24 0.0003754912058163552 0.10363632133708625 1504014281.34
25 0.0003957792365067124 0.10403210057359297 1504014285.98
26 0.00041978427601536104 0.10445188484960832 1504014286.92
27 0.05864478455041587 0.1630966694000242 1504014292.26
28 0.003256870318747218 0.16635353971877143 1504014296.89
29 0.0002920593502712468 0.16664559906904267 1504014297.79
30 0.026356932922879165 0.19300253199192183 1504014303.3
31 0.12627891675049122 0.31928144874241304 1504014309.89
32 0.004713155108948985 0.32399460385136203 1504014316.08
33 0.02483967722061553 0.34883428107197756 1504014322.14
34 0.06939263743913932 0.4182269185111169 1504014327.68
35 0.14066144829955263 0.5588883668106694 1504014332.2
36 0.20504495724805633 0.7639333240587258 1504014333.01
37 0.048863629857744784 0.8127969539164706 1504014337.33
38 0.0021326067927853465 0.8149295607092559 1504014338.03
39 0.1246811352013033 0.9396106959105592 1504014344.53
40 0.019470839228015013 0.9590815351385742 1504014351.17
41 0.006545938402537532 0.9656274735411117 1504014356.52
42 0.03720617034706247 1.0028336438881742 1504014360.36
43 0.0002900251839580287 1.0031236690721321 1504014360.95
44 0.01001031434745997 1.013133983419592 1504014361.55
45 0.09502670298351264 1.1081606864031046 1504014365.28
46 0.0011608071875214773 1.1093214935906262 1504014365.9
47 0.027775787161442637 1.1370972807520687 1504014366.49
48 0.04087408499401416 1.1779713657460829 1504014367.25
49 0.09438047033877772 1.2723518360848605 1504014371.24
50 0.0008825923362813064 1.2732344284211419 1504014371.87
51 0.020065241513764213 1.2932996699349062 1504014372.62
52 0.006671709473804244 1.2999713794087104 1504014376.56
53 8.937329024930052e-05 1.3000607526989598 1504014377.18
54 0.01251415752792461 1.3125749102268844 1504014377.81
55 0.10367903839828435 1.4162539486251688 1504014381.68
56 0.04161371966285622 1.4578676682880252 1504014382.39
57 0.11872581850304097 1.576593486791066 1504014382.94
58 0.02147376180627049 1.5980672485973366 1504014386.83
59 0.00011698829652334077 1.59818423689386 1504014387.51
60 0.1023132555992112 1.7004974924930711 1504014388.19
61 0.033406171364352 1.7339036638574232 1504014392.0
62 0.0002659061354963422 1.7341695699929196 1504014392.61
63 0.13193731607091744 1.866106886063837 1504014393.35
64 0.000694003082951289 1.8668008891467882 1504014393.73
65 0.23270313264439127 2.0995040217911796 1504014397.75
66 0.00029790620166694065 2.0998019279928464 1504014398.46
67 0.07408019046102175 2.173882118453868 1504014399.13
68 0.009377873618066801 2.183259992071935 1504014402.99
69 0.03252444691664151 2.2157844389885764 1504014403.74
70 0.00013231895881650468 2.215916757947393 1504014404.28
71 0.030460696258843248 2.246377454206236 1504014407.89
72 0.001604955016549045 2.247982409222785 1504014408.46
73 0.06822973202038995 2.3162121412431746 1504014409.07
74 0.08474110449828495 2.4009532457414595 1504014409.79
75 0.1265482930720533 2.527501538813513 1504014413.59
76 0.0021270138099476962 2.5296285526234605 1504014414.28
77 0.04722702034802314 2.5768555729714837 1504014414.88
78 0.042744407945551906 2.6195999809170356 1504014415.62
79 0.028453085323406457 2.648053066240442 1504014419.87
80 0.0034833765582855253 2.6515364427987276 1504014420.64
81 0.010093793817902763 2.6616302366166305 1504014424.49
82 0.00012453629521280013 2.661754772911843 1504014425.1
83 0.042984999841381856 2.704739772753225 1504014425.63
84 0.025080574187128647 2.7298203469403535 1504014426.23
85 0.05111783884593937 2.780938185786293 1504014429.97
86 0.0021393096853219856 2.783077495471615 1504014430.72
87 0.07157000290271479 2.8546474983743297 1504014431.37
88 0.012381740729040074 2.8670292391033696 1504014432.04
89 0.047496497211595434 2.914525736314965 1504014435.79
90 0.0018284124098523896 2.916354148724817 1504014436.6
91 0.03441283472879845 2.9507669834536157 1504014437.23
92 0.030156652092461073 2.980923635546077 1504014440.89
93 0.0009253039430822951 2.981848939489159 1504014441.6
94 0.08953904622780001 3.0713879857169593 1504014442.27
95 0.041050146058184536 3.1124381317751437 1504014442.8
96 0.02894236182137047 3.141380493596514 1504014446.6
97 0.02016324670292222 3.1615437402994364 1504014447.29
98 0.030165038045468065 3.1917087783449043 1504014447.76
99 0.037216835115376296 3.2289256134602806 1504014448.38
100 0.018912440492989263 3.24783805395327 1504014452.05
101 0.0004710583383720837 3.248309112291642 1504014452.64
102 0.023296150028444623 3.2716052623200866 1504014453.26
103 0.02938287715142664 3.3009881394715133 1504014453.83
104 0.008361696142615893 3.309349835614129 1504014457.68
105 7.629089263774813e-05 3.309426126506767 1504014458.28
106 0.10631177325742758 3.4157378997641947 1504014458.94
107 0.05128502453819808 3.467022924302393 1504014462.7
108 0.009560433186534364 3.476583357488927 1504014463.63
109 0.0014093910893602096 3.4779927485782873 1504014464.2
110 0.037463492772407486 3.515456241350695 1504014468.05
111 0.9358526433222483 4.451308884672943 1504014468.85
112 0.04615033056048972 4.497459215233433 1504014469.42
113 0.0279403924125284 4.525399607645961 1504014473.28
114 0.0001967041164233669 4.525596311762385 1504014473.99
115 0.02166372655242962 4.547260038314815 1504014474.54
116 0.02769039437772704 4.574950432692542 1504014478.39
117 0.02511598910478119 4.600066421797322 1504014478.99
118 0.07262420136748193 4.672690623164804 1504014479.41
119 0.09822641626159592 4.770917039426401 1504014480.01
120 0.0001343263603590354 4.77105136578676 1504014483.78
121 6.803699523743903e-05 4.771119402781998 1504014484.09
122 0.00010093386447777088 4.771220336646476 1504014484.3
123 4.8296854308064164e-05 4.7712686335007835 1504014484.81
124 0.004512079803666526 4.77578071330445 1504014488.65
125 0.00016897036623483305 4.775949683670685 1504014489.0
126 0.005039944513830973 4.780989628184516 1504014489.54
127 0.09844925328905993 4.879438881473575 1504014490.15
128 7.508038091904112e-05 4.879513961854494 1504014494.09
129 0.000117826298224258 4.879631788152718 1504014494.47
130 0.09719622476897652 4.976828012921694 1504014494.94
131 0.02431349842749133 5.001141511349186 1504014495.36
132 0.00020777002654123327 5.0013492813757265 1504014495.79
133 0.004348483110710115 5.005697764486436 1504014499.63
134 0.00016556168169782161 5.005863326168134 1504014500.04
135 0.004776943745080961 5.010640269913215 1504014500.53
136 0.0003197124009459779 5.010959982314161 1504014500.78
137 0.0004965944092296686 5.011456576723391 1504014501.07
138 0.004921549898896933 5.016378126622287 1504014505.12
139 0.0 5.016378126622287 1504014505.57
140 0.0016242221015390884 5.018002348723827 1504014506.09
141 0.0016814054326452057 5.019683754156472 1504014506.46
142 0.0033196721952345617 5.023003426351707 1504014510.17
143 0.0002252628063910855 5.023228689158098 1504014510.35
144 0.0002882413605558462 5.023516930518654 1504014510.79
145 0.00014530201575760902 5.023662232534412 1504014511.15
146 3.674388188200839e-05 5.023698976416294 1504014511.63
147 0.00048447689009322185 5.024183453306387 1504014516.05
148 0.00013518051711973363 5.024318633823507 1504014516.4
149 0.7915584512559867 5.815877085079493 1504014516.79
150 0.0002604070888755012 5.816137492168369 1504014520.63
151 3.451866189913748e-05 5.816172010830268 1504014521.2
152 0.0002562610459069175 5.816428271876175 1504014521.59
153 6.384619404567872e-05 5.8164921180702205 1504014521.94
154 0.0003763396921762377 5.816868457762396 1504014525.76
155 0.00016801997549071473 5.817036477737887 1504014526.09
156 0.00022393710186632032 5.817260414839754 1504014526.5
157 0.00022495553270881173 5.817485370372463 1504014526.77
158 0.0001577941438839055 5.817643164516347 1504014527.05
159 0.00013329684294843813 5.817776461359295 1504014531.01
160 0.0002555468155341458 5.818032008174829 1504014531.54
161 0.00015126418627670166 5.818183272361106 1504014531.83
162 0.0008577497150369171 5.819041022076143 1504014532.27
163 0.00032490112613412864 5.819365923202277 1504014532.61
164 0.00038346834561159293 5.819749391547888 1504014538.36
165 0.0003840408949976824 5.820133432442886 1504014546.24
166 0.00036006674060085704 5.820493499183487 1504014551.79
167 0.888785190204694 6.7092786893881815 1504014557.28
168 0.7616886474546916 7.4709673368428735 1504014561.35
169 0.0043956614022801835 7.475362998245154 1504014562.18
170 0.06860646437359569 7.543969462618749 1504014567.37
171 0.09566566354582856 7.639635126164578 1504014571.97
172 0.0026444901367790458 7.642279616301357 1504014572.79
173 0.013603814828973382 7.65588343113033 1504014578.07
174 0.011835780426439929 7.667719211556769 1504014582.65
175 0.006527325524795062 7.674246537081564 1504014583.48
176 0.10245752504498407 7.776704062126548 1504014587.77
177 0.0003032766296267239 7.7770073387561744 1504014588.67
178 0.08436858481665604 7.86137592357283 1504014593.34
179 0.015289117303008484 7.876665040875839 1504014594.16
180 0.016515628326115417 7.893180669201954 1504014598.74
181 0.0004727109853392558 7.893653380187294 1504014599.75
182 0.01650642877763686 7.910159808964931 1504014605.65
183 0.16895814215717175 8.079117951122102 1504014612.19
184 0.02029421317096844 8.09941216429307 1504014616.69
185 0.00037696609992321495 8.099789130392994 1504014617.43
186 0.04658405911250266 8.146373189505496 1504014621.72
187 0.000292246242315955 8.146665435747812 1504014622.51
188 0.02745140364075138 8.174116839388564 1504014626.81
189 0.00038639384462927154 8.174503233233192 1504014627.61
190 0.034231627733825 8.208734860967017 1504014632.1
191 0.0014094705872949448 8.21014433155431 1504014633.13
192 0.009795000839936296 8.219939332394247 1504014637.91
193 0.0005521869689510042 8.220491519363199 1504014638.83
194 0.05272474126186853 8.273216260625068 1504014643.45
195 0.00034626174951427405 8.273562522374583 1504014644.59
196 0.0532194378121201 8.326781960186702 1504014649.48
197 0.001219021510702016 8.328000981697404 1504014650.33
198 0.04087200031551391 8.368872982012917 1504014654.53
199 0.0010734703007816877 8.369946452313698 1504014655.37
200 0.2036309707205024 8.5735774230342 1504014659.99
201 0.003454049785766043 8.577031472819966 1504014660.81
202 0.009372901185881577 8.586404374005848 1504014665.27
203 0.0001139852619350401 8.586518359267783 1504014666.24
204 0.01289138027287684 8.59940973954066 1504014671.77
205 0.11007644233508213 8.709486181875741 1504014676.38
206 0.0013342195236677873 8.71082040139941 1504014677.17
207 0.03907368216145485 8.749894083560864 1504014681.61
208 0.002194245186531621 8.752088328747396 1504014682.54
209 0.05298038897590657 8.805068717723303 1504014686.88
210 0.0004745130974789652 8.805543230820783 1504014687.59
211 0.02704466669571115 8.832587897516493 1504014692.29
212 0.0015804559574753435 8.834168353473968 1504014693.43
213 0.0505199641694728 8.884688317643441 1504014697.19
214 0.8887002427395821 9.773388560383022 1504014698.11
215 0.7035917938331442 10.476980354216167 1504014698.83
216 0.051925151222254606 10.528905505438422 1504014703.21
217 0.00016151400148576092 10.529067019439907 1504014703.92
218 0.06255937155591934 10.591626390995826 1504014708.37
219 6.211813864587122e-05 10.591688509134471 1504014709.09
220 0.043680822953744 10.635369332088215 1504014709.68
221 0.07734588358912917 10.712715215677344 1504014714.06
222 0.022625608803982063 10.735340824481327 1504014714.84
223 0.05226643886732574 10.787607263348653 1504014719.15
224 0.00016627924569159389 10.787773542594344 1504014720.05
225 0.02825209083144975 10.816025633425793 1504014724.44
226 2.367329432294285e-05 10.816049306720116 1504014725.21
227 0.023679506239803888 10.839728812959919 1504014730.59
228 0.02542335552357823 10.865152168483498 1504014735.08
229 0.0005422705315863419 10.865694439015083 1504014735.82
230 0.03800718291425073 10.903701621929335 1504014740.25
231 0.031449834125550094 10.935151456054884 1504014741.14
232 0.006077750203142091 10.941229206258026 1504014745.56
233 0.0 10.941229206258026 1504014746.39
234 0.04814927164358489 10.98937847790161 1504014750.78
235 7.636304567390658e-05 10.989454840947284 1504014751.68
236 0.09813681089354769 11.087591651840832 1504014755.7
237 0.0 11.087591651840832 1504014756.19
238 0.0 11.087591651840832 1504014756.6
239 0.0 11.087591651840832 1504014761.56
240 0.0 11.087591651840832 1504014762.0
241 2.3178656273691275e-05 11.087614830497106 1504014766.31
242 0.0 11.087614830497106 1504014766.78
243 0.0 11.087614830497106 1504014767.23
244 4.473135005389324e-05 11.08765956184716 1504014772.03
245 0.0 11.08765956184716 1504014772.68
246 0.0010600871903366233 11.088719649037497 1504014778.92
247 0.0003344131766991036 11.089054062214196 1504014784.93
248 0.0 11.089054062214196 1504014789.76
249 0.0 11.089054062214196 1504014790.55
250 0.0 11.089054062214196 1504014792.06


# Distance slam gt + time
0 2.5079919999893008e-05 1504014240.96
1 6.697821496819029e-06 1504014241.22
2 0.0015554020774983302 1504014241.72
3 0.004997947746325021 1504014242.15
4 0.0016422645054268627 1504014242.83
5 0.008833325102964735 1504014243.37
6 0.0015826250834887507 1504014244.03
7 0.0030962004525550884 1504014249.35
8 0.003445144222472436 1504014253.74
9 0.003440149529732215 1504014254.19
10 0.003086265871266154 1504014254.72
11 0.003029690060045898 1504014259.16
12 0.003006642991859722 1504014259.57
13 0.003090786356854027 1504014259.97
14 0.005541561087892648 1504014264.4
15 0.005596530828138163 1504014264.78
16 0.005517247110761086 1504014265.19
17 0.004796840938971342 1504014269.66
18 0.004797614094182174 1504014270.19
19 0.004748613839682241 1504014270.6
20 0.004826797542285231 1504014274.96
21 0.004744558238282145 1504014275.47
22 0.0036559458557159164 1504014276.02
23 0.003132091338269326 1504014280.37
24 0.0037531439175173768 1504014280.8
25 0.004020263975843841 1504014281.34
26 0.015708736207678212 1504014285.98
27 0.019006139194545517 1504014286.92
28 0.05292895070585771 1504014292.26
29 0.028529149910245962 1504014296.89
30 0.02943534151770356 1504014297.79
31 0.06698171602896506 1504014303.3
32 0.029227263171703672 1504014309.89
33 0.044351368978950444 1504014316.08
34 0.031196193294281138 1504014322.14
35 0.11767069880816194 1504014327.68
36 0.401183542493165 1504014332.2
37 0.2607630475812145 1504014333.01
38 0.2541208843402276 1504014337.33
39 0.2536365092549279 1504014338.03
40 0.3807317511724189 1504014344.53
41 0.517105647304791 1504014351.17
42 0.6424834789823571 1504014356.52
43 0.7085418692530904 1504014360.36
44 0.7087182668981843 1504014360.95
45 0.7313889952886691 1504014361.55
46 0.7296103555418954 1504014365.28
47 0.7293896569987656 1504014365.9
48 0.8116785611799605 1504014366.49
49 0.8097600125051497 1504014367.25
50 1.0413718405553798 1504014371.24
51 1.0412590690661712 1504014371.87
52 0.9000606286712711 1504014372.62
53 1.0866546637395678 1504014376.56
54 1.088884867953857 1504014377.18
55 1.1495601085167355 1504014377.81
56 1.162096154367657 1504014381.68
57 1.157085621428629 1504014382.39
58 1.1279945793790498 1504014382.94
59 1.1216943460072109 1504014386.83
60 1.123220111487375 1504014387.51
61 1.1253866121650546 1504014388.19
62 1.104295236842583 1504014392.0
63 1.1067157531234166 1504014392.61
64 1.261065425164696 1504014393.35
65 1.263831088433374 1504014393.73
66 0.895045829559762 1504014397.75
67 0.8937117854009312 1504014398.46
68 1.198284450835521 1504014399.13
69 1.1664761627842763 1504014402.99
70 0.8775851768679634 1504014403.74
71 0.8754102944674448 1504014404.28
72 0.8610118051817061 1504014407.89
73 0.8609651427804638 1504014408.46
74 0.8730305984180446 1504014409.07
75 0.8576652298879055 1504014409.79
76 1.1026608431217744 1504014413.59
77 1.103657891147329 1504014414.28
78 1.1094241155167521 1504014414.88
79 1.1029682894364794 1504014415.62
80 1.0960947370063645 1504014419.87
81 1.0966680195029965 1504014420.64
82 1.0103492239154235 1504014424.49
83 1.0098080958011324 1504014425.1
84 0.9887667674444268 1504014425.63
85 0.9875827582512559 1504014426.23
86 0.9430329923169869 1504014429.97
87 0.943746510214543 1504014430.72
88 0.8650221510963341 1504014431.37
89 0.8327295597405143 1504014432.04
90 0.8955887444549088 1504014435.79
91 0.8952309992586178 1504014436.6
92 0.8482544827135301 1504014437.23
93 0.8479714096031843 1504014440.89
94 0.8492423478990231 1504014441.6
95 0.7956447739284331 1504014442.27
96 0.8016200448719027 1504014442.8
97 0.8105662465218857 1504014446.6
98 0.7988524899239194 1504014447.29
99 0.7741763146685967 1504014447.76
100 0.7705738215514235 1504014448.38
101 0.7565102152290699 1504014452.05
102 0.756913308908753 1504014452.64
103 0.7294196025171464 1504014453.26
104 0.7335897633079509 1504014453.83
105 0.7235851219916186 1504014457.68
106 0.7243376263909562 1504014458.28
107 0.683462363221511 1504014458.94
108 0.6731845608179052 1504014462.7
109 0.6383131592131442 1504014463.63
110 0.6382188040167871 1504014464.2
111 0.6358645441480494 1504014468.05
112 0.6147116970774812 1504014468.85
113 0.5885424320594899 1504014469.42
114 0.6762042471544398 1504014473.28
115 0.6762613533769078 1504014473.99
116 0.5171943023595519 1504014474.54
117 0.5828809675226075 1504014478.39
118 0.5830683683546113 1504014478.99
119 0.5798685965780065 1504014479.41
120 0.5841757315641756 1504014480.01
121 0.5828103818915333 1504014483.78
122 0.582749877954133 1504014484.09
123 0.5827277664005066 1504014484.3
124 0.5827765512461477 1504014484.81
125 0.5884080148293336 1504014488.65
126 0.5884403075202749 1504014489.0
127 0.5827479039809585 1504014489.54
128 0.5818951044673916 1504014490.15
129 0.5817353899321942 1504014494.09
130 0.5818062355155084 1504014494.47
131 0.5826075060871159 1504014494.94
132 0.5141159220146732 1504014495.36
133 0.5154135217576046 1504014495.79
134 0.5153889970370555 1504014499.63
135 0.5154317297997022 1504014500.04
136 0.5153948649379356 1504014500.53
137 0.5163867681481485 1504014500.78
138 0.5163731052220225 1504014501.07
139 0.5142475868007379 1504014505.12
140 0.5142384488245281 1504014505.57
141 0.5192938146669709 1504014506.09
142 0.5165034563100295 1504014506.46
143 0.5153648584329286 1504014510.17
144 0.5151783052585392 1504014510.35
145 0.5152564092503472 1504014510.79
146 0.5152627555847487 1504014511.15
147 0.5152263412106837 1504014511.63
148 0.5164991164591443 1504014516.05
149 0.516497520104537 1504014516.4
150 0.5153670678959512 1504014516.79
151 0.5163983293666871 1504014520.63
152 0.5163818032835821 1504014521.2
153 0.5164390816246415 1504014521.59
154 0.5158632603960293 1504014521.94
155 0.5163896305250161 1504014525.76
156 0.5164321670721475 1504014526.09
157 0.5153348468537295 1504014526.5
158 0.5154148404479371 1504014526.77
159 0.5163949065211876 1504014527.05
160 0.5164162356884996 1504014531.01
161 0.5154741350217001 1504014531.54
162 0.515510706795818 1504014531.83
163 0.5154433773899914 1504014532.27
164 0.5154686071734695 1504014532.61
165 0.516269617328281 1504014538.36
166 0.5164405948836968 1504014546.24
167 0.5163418935076077 1504014551.79
168 0.5175305990607155 1504014557.28
169 0.7336861626873551 1504014561.35
170 0.7350060126680777 1504014562.18
171 0.6955481021883358 1504014567.37
172 0.7731906791165019 1504014571.97
173 0.7720750685458478 1504014572.79
174 0.7935319158939966 1504014578.07
175 0.9432659356256592 1504014582.65
176 0.9407465895453778 1504014583.48
177 0.9560467778675913 1504014587.77
178 0.949465158942112 1504014588.67
179 1.0220826162071774 1504014593.34
180 1.056886958858963 1504014594.16
181 1.0758081370797978 1504014598.74
182 1.0711008516389178 1504014599.75
183 1.1170285609722719 1504014605.65
184 0.9598186791729151 1504014612.19
185 1.044841450911753 1504014616.69
186 1.0453694697815288 1504014617.43
187 1.085973100794914 1504014621.72
188 1.085590568067067 1504014622.51
189 1.152948675933995 1504014626.81
190 1.152260484263673 1504014627.61
191 1.1645011208633287 1504014632.1
192 1.1633812542291901 1504014633.13
193 1.1605725303638308 1504014637.91
194 1.1590224076110014 1504014638.83
195 1.1612399680076728 1504014643.45
196 1.1632613777080336 1504014644.59
197 1.0790952784854446 1504014649.48
198 1.0841243523126503 1504014650.33
199 1.129515046977891 1504014654.53
200 1.1331338873381716 1504014655.37
201 1.0719890055626258 1504014659.99
202 1.0688174313885324 1504014660.81
203 0.9949601600033295 1504014665.27
204 0.9934058962940168 1504014666.24
205 0.8612199866369578 1504014671.77
206 0.791118795458457 1504014676.38
207 0.7920112241744786 1504014677.17
208 0.6901221703438128 1504014681.61
209 0.6909169326349262 1504014682.54
210 0.5611301140084841 1504014686.88
211 0.5620713757867707 1504014687.59
212 0.4424694790227845 1504014692.29
213 0.4402775008740391 1504014693.43
214 0.319011706247711 1504014697.19
215 0.3224885580549557 1504014698.11
216 0.16436244620219975 1504014698.83
217 0.1612751969848256 1504014703.21
218 0.16103760959995797 1504014703.92
219 0.09346755750058772 1504014708.37
220 0.09178878476624483 1504014709.09
221 0.0173966763315652 1504014709.68
222 0.047276284484464644 1504014714.06
223 0.032977426972441944 1504014714.84
224 0.046520236412106446 1504014719.15
225 0.04736970358557998 1504014720.05
226 0.059078572406932955 1504014724.44
227 0.05953104385077042 1504014725.21
228 0.035008249673125776 1504014730.59
229 0.061592153858462145 1504014735.08
230 0.06006853571812251 1504014735.82
231 0.08231157000707845 1504014740.25
232 0.0754310186371243 1504014741.14
233 0.08497126510371936 1504014745.56
234 0.08496689945413123 1504014746.39
235 0.06922005576973211 1504014750.78
236 0.06922005576973211 1504014751.68
237 0.06594708375109132 1504014755.7
238 0.06594708375109132 1504014756.19
239 0.06594708375109132 1504014756.6
240 0.06339764900887448 1504014761.56
241 0.06339764900887448 1504014762.0
242 0.06444447667359463 1504014766.31
243 0.06444447667359463 1504014766.78
244 0.06488446231153949 1504014767.23
245 0.06443053733426918 1504014772.03
246 0.06442977171805528 1504014772.68
247 0.0663829700809838 1504014778.92
248 0.06637840950184598 1504014784.93
249 0.06637758990767004 1504014789.76
250 0.06637758990767004 1504014790.55
251 0.0659411404593198 1504014792.06


# Displacement mean and std deviation
0.00033844243607196364 0.13682960303019925

# Displacement mean absolute value and std deviation
0.04417949825583345 0.12950145459626028

# Distance to GT
0.0659411404593198

# Orientation to GT
-0.08494905147124386