# SLAM - pose_x pose_y orientation time
0 17.5866 2.8196 3.0832450454690825 1504014241.61
1 17.5866 2.81959478266 3.0832000000046174 1504014243.98
2 17.5866051703 2.82114955342 3.083112572168875 1504014251.22
3 17.5878516129 2.82101767887 3.0832060500313903 1504014258.49
4 17.5770914109 2.82105510817 3.0832552001960956 1504014266.29
5 17.5847522957 2.82096796503 3.083132772819078 1504014274.05
6 17.462614507 2.82712619206 3.084784179062331 1504014280.85
7 16.7437476423 2.86165108931 3.0977599623280123 1504014287.88
8 15.8493380287 2.87419768967 -3.1342082565086193 1504014297.23
9 14.9650577865 2.8646428883 -3.134526214308562 1504014305.95
10 14.0967181027 2.87782759537 3.113504736911174 1504014314.65
11 13.3084272467 2.97946726336 3.005059026305539 1504014322.94
12 12.3927147775 3.30555743736 2.7732802927608144 1504014333.24
13 11.5581281117 4.00151942047 2.487254937485595 1504014344.77
14 10.9779230342 4.88200740693 2.2933476057690725 1504014354.96
15 10.5440578638 5.72458493957 2.122871421152895 1504014364.63
16 10.2500978464 6.70238097144 1.966525463211008 1504014374.58
17 10.0562012641 7.62022857675 1.8883487789409692 1504014384.08
18 9.90213199118 8.54417572189 1.8573625359910042 1504014393.13
19 9.64690617293 9.4687681879 1.909212346592179 1504014402.83
20 9.3070287685 10.2878263454 2.0333709617372215 1504014412.03
21 8.77032912393 10.9414176587 2.242529650873543 1504014420.98
22 8.09697606461 11.4838388117 2.443549847646853 1504014430.14
23 7.2162805951 11.8769296876 2.608685557701023 1504014439.47
24 6.33287746037 12.1883079983 2.767342879693202 1504014448.97
25 5.39693368507 12.3499114689 2.9642388174720775 1504014458.65
26 4.43533905326 12.3173829898 -3.1412706385102043 1504014468.48
27 4.12106870565 12.1764932551 -3.1197877348747114 1504014478.92
28 4.09033302496 12.1426632338 -3.11078920576172 1504014488.97
29 4.09885040338 12.1776796175 -3.117348937162428 1504014497.63
30 4.0972549749 12.1685345353 -3.1174261861332533 1504014505.33
31 4.09810237098 12.1710401892 -3.11779211877573 1504014513.67
32 4.09880105688 12.1669296841 -3.11672430625062 1504014524.14
33 4.09900091534 12.1667783571 -3.1166744578494945 1504014531.42
34 4.0900471224 12.1397083592 -3.1108070854032697 1504014538.53
35 4.09035490885 12.1393538558 -3.1107695504745494 1504014545.02
36 4.08732067813 12.1392922956 -3.110865360952156 1504014551.25
37 4.64112126634 12.1581084364 3.12670726076945 1504014558.59
38 5.72616105099 12.0103657296 2.8791808678566566 1504014570.6
39 6.63489702369 11.845585607 2.7005183716135837 1504014580.51
40 7.45755302294 11.5197407221 2.5488592070146288 1504014589.87
41 8.21726236177 11.0520715872 2.3773756203438756 1504014598.99
42 8.81829536395 10.5102683441 2.177120415920307 1504014608.05
43 9.3701404773 9.82253340407 1.9975733059686724 1504014617.29
44 9.80737240503 9.07922866747 1.903207132439862 1504014626.11
45 10.1294886093 8.22781043055 1.8555901829858963 1504014635.29
46 10.4053669739 7.3775607006 1.8913901703223397 1504014644.3
47 10.6669111286 6.51766027729 1.9703566740412906 1504014653.34
48 10.9786828682 5.71274791886 2.120455013047855 1504014662.38
49 11.3639099319 5.00099727325 2.3506683811195517 1504014671.87
50 11.8698380518 4.37917426494 2.66742826783784 1504014681.84
51 12.5152964943 3.90798404295 2.9651148858042746 1504014691.8
52 13.3852339063 3.60798403873 -3.1212610786657793 1504014701.94
53 14.4532906787 3.47837130644 -3.084986728920255 1504014713.11
54 15.3819424264 3.44977659068 3.138082672458389 1504014722.53
55 16.3164660307 3.43508243528 3.0450926190848513 1504014732.04
56 17.3190521947 3.35284891142 2.991580417836242 1504014742.21
57 17.5214594934 3.33587427118 2.986385272896604 1504014751.86
58 17.5536096953 3.32792510353 2.9869879156967096 1504014760.44
59 17.5520325742 3.32938978655 2.9870335532292156 1504014766.9
60 17.5520313757 3.32782190379 2.9869965701037913 1504014773.34
61 17.5520261855 3.32938361706 2.986975936664295 1504014779.82
62 17.5535844362 3.32938638321 2.9869474633628776 1504014786.06
63 17.5520218514 3.32792388318 2.9869474633628776 1504014792.04


# GT - pose_x pose_y orientation time
0 17.5866 2.8196 3.0833 1504014241.5831747
1 17.5866 2.8196 3.0832 1504014243.9834733
2 17.5866 2.8196 3.0832 1504014251.2392898
3 17.5863 2.8195 3.0834 1504014258.498297
4 17.5864 2.8196 3.0833 1504014266.3021226
5 17.5864 2.8194 3.0833 1504014274.0398533
6 17.4598 2.8257 3.0851 1504014280.8790169
7 16.7373 2.8604 3.099 1504014287.903008
8 15.8178 2.876 -3.13799 1504014297.2608912
9 14.9508 2.8703 -3.13479 1504014305.9612503
10 14.0812 2.875 3.1092 1504014314.6572633
11 13.2836 2.9378 2.9996 1504014322.942114
12 12.3617 3.1784 2.7671 1504014333.2626507
13 11.477 3.693 2.477 1504014344.7802098
14 10.7807 4.3657 2.2834 1504014354.9784307
15 10.2518 5.1096 2.1059 1504014364.6388268
16 9.8269 5.9682 1.9521 1504014374.5999928
17 9.5218 6.859 1.8705 1504014384.079853
18 9.2677 7.7272 1.8534 1504014393.137941
19 8.9863 8.6591 1.902 1504014402.8614228
20 8.6498 9.471 2.0244 1504014412.0348234
21 8.213 10.1643 2.2286 1504014420.9805691
22 7.6275 10.768 2.437 1504014430.1575494
23 6.8992 11.2817 2.6068 1504014439.455859
24 6.0831 11.6775 2.7624 1504014448.9960227
25 5.2101 11.9279 2.9612 1504014458.6562605
26 4.2783 12.012 3.1413 1504014468.4966283
27 3.9939 12.0075 -3.12579 1504014478.937858
28 3.9943 12.007 -3.12579 1504014488.9540849
29 3.994 12.0071 -3.12569 1504014497.6591861
30 3.9941 12.0073 -3.12579 1504014505.33957
31 3.9933 12.0084 -3.12589 1504014513.6762652
32 3.9939 12.0074 -3.12589 1504014524.1133971
33 3.994 12.0073 -3.12569 1504014531.435205
34 3.9938 12.0072 -3.12589 1504014538.5131035
35 3.9942 12.0069 -3.12579 1504014544.9937935
36 3.9942 12.0069 -3.12579 1504014551.2336826
37 4.5494 12.0158 3.1116 1504014558.6178355
38 5.6546 11.8388 2.8609 1504014570.6177144
39 6.5269 11.4924 2.68 1504014580.5161252
40 7.3016 11.0386 2.5298 1504014589.8749685
41 7.9712 10.4838 2.363 1504014598.9931488
42 8.502 9.8472 2.1615 1504014608.0566883
43 8.9228 9.0788 1.9808 1504014617.295312
44 9.225 8.2647 1.8866 1504014626.1111097
45 9.4879 7.3945 1.8423 1504014635.2936654
46 9.7344 6.5322 1.8797 1504014644.2979126
47 10.0436 5.6873 1.9642 1504014653.35188
48 10.4179 4.9093 2.1123 1504014662.3529174
49 10.9263 4.2301 2.3512 1504014671.8966618
50 11.5943 3.729 2.6682 1504014681.851036
51 12.4007 3.4569 2.9667 1504014691.8145714
52 13.3611 3.3835 -3.12309 1504014701.954091
53 14.4685 3.4401 -3.08619 1504014713.1132336
54 15.3995 3.4667 3.1356 1504014722.5355296
55 16.3322 3.426 3.0415 1504014732.0128865
56 17.3384 3.2846 2.9878 1504014742.2135296
57 17.5318 3.2576 2.9861 1504014751.8704429
58 17.5317 3.2576 2.9861 1504014760.4514642
59 17.5317 3.2575 2.9861 1504014766.8708916
60 17.5317 3.2575 2.9861 1504014773.3496933
61 17.5317 3.2575 2.9861 1504014779.830254
62 17.5317 3.2575 2.9861 1504014786.0694876
63 17.5317 3.2576 2.9861 1504014792.0076926


# Displacement and sum and time
0 -5.217340000029935e-06 -5.217340000029935e-06 1504014243.98
1 -0.0015547793567429657 -0.0015599966967429957 1504014251.22
2 -0.0009371716324323672 -0.002497168329175363 1504014258.49
3 -0.01061884574236731 -0.013116014071542673 1504014266.29
4 -0.007461380413849676 -0.02057739448539235 1504014274.05
5 0.004463716569284987 -0.016113677916107363 1504014280.85
6 0.003637352430817753 -0.01247632548528961 1504014287.88
7 0.025134713388570318 0.012658387903280707 1504014297.23
8 -0.017313124514532263 -0.004654736611251556 1504014305.95
9 0.0011729260568715816 -0.0034818105543799743 1504014314.65
10 0.005252105841087595 0.001770295286707621 1504014322.94
11 -0.019262139918280963 -0.01749184463157334 1504014333.24
12 -0.06321328508491675 -0.08070512971649009 1504014344.77
13 -0.08629226837966486 -0.16699739809615494 1504014354.96
14 -0.0349660173130566 -0.20196341540921153 1504014364.63
15 -0.06304337712920105 -0.2650067925384126 1504014374.58
16 0.0034955167279976385 -0.26151127581041494 1504014384.08
17 -0.032084295519581585 -0.29359557132999653 1504014393.13
18 0.014287316726087296 -0.27930825460390923 1504014402.83
19 -0.007905912994730535 -0.28721416759863977 1504014412.03
20 -0.02628550378217165 -0.3134996713808114 1504014420.98
21 -0.023663281132528247 -0.33716295251333966 1504014430.14
22 -0.0732003129667741 -0.41036326548011376 1504014439.47
23 -0.029658310247654307 -0.44002157572776807 1504014448.97
24 -0.04159177944685666 -0.4816133551746247 1504014458.65
25 -0.026557112710695274 -0.50817046788532 1504014468.48
26 -0.05997080149903272 -0.5681412693843528 1504014478.92
27 -0.04506693436094144 -0.6132082037452943 1504014488.97
28 -0.03572115369511552 -0.6489293574404098 1504014497.63
29 -0.009059599570717877 -0.6579889570111277 1504014505.33
30 -0.0012849203552598317 -0.6592738773663875 1504014513.67
31 -0.0030032717163122717 -0.6622771490826999 1504014524.14
32 -0.00010926423362073211 -0.6623864133163206 1504014531.42
33 -0.028288762348260138 -0.6906751756645808 1504014538.53
34 3.0526721297203185e-05 -0.6906446489432836 1504014545.02
35 -0.0030348551399392155 -0.6936795040832228 1504014551.25
36 0.0011511818583883615 -0.6925283222248344 1504014558.59
37 0.024231553472693346 -0.6682967687521411 1504014570.6
38 0.015008016376922284 -0.6532887523752188 1504014580.51
39 0.012989957644097161 -0.6402987947311216 1504014589.87
40 -0.022538227620498952 -0.6628370223516206 1504014598.99
41 0.019667744140738797 -0.6431692782108818 1504014608.05
42 -0.005689457125438224 -0.64885873533632 1504014617.29
43 0.006014727467223979 -0.642844007869096 1504014626.11
44 -0.0012682553978603517 -0.6441122632669564 1504014635.29
45 0.0029541426029126017 -0.6411581206640438 1504014644.3
46 0.0009044039775317758 -0.640253716686512 1504014653.34
47 0.00017315999185785191 -0.6400805566946541 1504014662.38
48 0.03908654921684185 -0.6009940074778123 1504014671.87
49 0.03341973777174867 -0.5675742697060636 1504014681.84
50 0.05192198247227986 -0.5156522872337838 1504014691.8
51 0.0429882366636547 -0.47266405057012906 1504014701.94
52 0.0329529627864682 -0.43971108778366086 1504014713.11
53 0.002288039900825267 -0.4374230478828356 1504014722.53
54 -0.0010515346936036396 -0.43847458257643923 1504014732.04
55 0.010133841868671167 -0.42834074070776806 1504014742.21
56 -0.007842230167307368 -0.4361829708750754 1504014751.86
57 -0.03301834459236632 -0.4692013154674417 1504014760.44
58 -0.002052349254453745 -0.47125366472189545 1504014766.9
59 -0.0015678832180709187 -0.4728215479399664 1504014773.34
60 -0.0015617218945351424 -0.4743832698345015 1504014779.82
61 -0.0015582531551830163 -0.47594152298968456 1504014786.06
62 -0.0020402283978461153 -0.4779817513875307 1504014792.04


# Displacement abs and sum and time
0 5.217340000029935e-06 5.217340000029935e-06 1504014243.98
1 0.0015547793567429657 0.0015599966967429957 1504014251.22
2 0.0009371716324323672 0.002497168329175363 1504014258.49
3 0.01061884574236731 0.013116014071542673 1504014266.29
4 0.007461380413849676 0.02057739448539235 1504014274.05
5 0.004463716569284987 0.025041111054677337 1504014280.85
6 0.003637352430817753 0.02867846348549509 1504014287.88
7 0.025134713388570318 0.05381317687406541 1504014297.23
8 0.017313124514532263 0.07112630138859767 1504014305.95
9 0.0011729260568715816 0.07229922744546925 1504014314.65
10 0.005252105841087595 0.07755133328655685 1504014322.94
11 0.019262139918280963 0.09681347320483781 1504014333.24
12 0.06321328508491675 0.16002675828975454 1504014344.77
13 0.08629226837966486 0.2463190266694194 1504014354.96
14 0.0349660173130566 0.281285043982476 1504014364.63
15 0.06304337712920105 0.34432842111167705 1504014374.58
16 0.0034955167279976385 0.3478239378396747 1504014384.08
17 0.032084295519581585 0.3799082333592563 1504014393.13
18 0.014287316726087296 0.39419555008534357 1504014402.83
19 0.007905912994730535 0.4021014630800741 1504014412.03
20 0.02628550378217165 0.42838696686224575 1504014420.98
21 0.023663281132528247 0.452050247994774 1504014430.14
22 0.0732003129667741 0.5252505609615481 1504014439.47
23 0.029658310247654307 0.5549088712092024 1504014448.97
24 0.04159177944685666 0.5965006506560591 1504014458.65
25 0.026557112710695274 0.6230577633667543 1504014468.48
26 0.05997080149903272 0.683028564865787 1504014478.92
27 0.04506693436094144 0.7280954992267284 1504014488.97
28 0.03572115369511552 0.763816652921844 1504014497.63
29 0.009059599570717877 0.7728762524925619 1504014505.33
30 0.0012849203552598317 0.7741611728478217 1504014513.67
31 0.0030032717163122717 0.777164444564134 1504014524.14
32 0.00010926423362073211 0.7772737087977548 1504014531.42
33 0.028288762348260138 0.805562471146015 1504014538.53
34 3.0526721297203185e-05 0.8055929978673122 1504014545.02
35 0.0030348551399392155 0.8086278530072514 1504014551.25
36 0.0011511818583883615 0.8097790348656397 1504014558.59
37 0.024231553472693346 0.8340105883383331 1504014570.6
38 0.015008016376922284 0.8490186047152554 1504014580.51
39 0.012989957644097161 0.8620085623593525 1504014589.87
40 0.022538227620498952 0.8845467899798515 1504014598.99
41 0.019667744140738797 0.9042145341205903 1504014608.05
42 0.005689457125438224 0.9099039912460285 1504014617.29
43 0.006014727467223979 0.9159187187132525 1504014626.11
44 0.0012682553978603517 0.9171869741111128 1504014635.29
45 0.0029541426029126017 0.9201411167140254 1504014644.3
46 0.0009044039775317758 0.9210455206915572 1504014653.34
47 0.00017315999185785191 0.9212186806834151 1504014662.38
48 0.03908654921684185 0.9603052299002569 1504014671.87
49 0.03341973777174867 0.9937249676720056 1504014681.84
50 0.05192198247227986 1.0456469501442855 1504014691.8
51 0.0429882366636547 1.0886351868079402 1504014701.94
52 0.0329529627864682 1.1215881495944084 1504014713.11
53 0.002288039900825267 1.1238761894952338 1504014722.53
54 0.0010515346936036396 1.1249277241888374 1504014732.04
55 0.010133841868671167 1.1350615660575085 1504014742.21
56 0.007842230167307368 1.1429037962248159 1504014751.86
57 0.03301834459236632 1.1759221408171823 1504014760.44
58 0.002052349254453745 1.177974490071636 1504014766.9
59 0.0015678832180709187 1.179542373289707 1504014773.34
60 0.0015617218945351424 1.1811040951842422 1504014779.82
61 0.0015582531551830163 1.1826623483394252 1504014786.06
62 0.0020402283978461153 1.1847025767372712 1504014792.04


# Distance slam gt + time
0 0.0 1504014241.61
1 5.217340000029935e-06 1504014243.98
2 0.001549562045687972 1504014251.22
3 0.002170449663983442 1504014258.49
4 0.00942163312908481 1504014266.29
5 0.0022745205638874115 1504014274.05
6 0.003155229539202697 1504014280.85
7 0.006567900401980801 1504014287.88
8 0.03158948522542981 1504014297.23
9 0.01533908043742699 1504014305.95
10 0.015773611095249704 1504014314.65
11 0.048503123761406385 1504014322.94
12 0.13088517983078465 1504014333.24
13 0.31900784209036687 1504014344.77
14 0.5526936435945635 1504014354.96
15 0.6808973012509714 1504014364.63
16 0.8474185011092094 1504014374.58
17 0.9300826076927295 1504014384.08
18 1.0343854608366772 1504014393.13
19 1.0449703776712962 1504014402.83
20 1.0484059007290758 1504014412.03
21 0.9563093682715613 1504014420.98
22 0.8560566450754064 1504014430.14
23 0.6744171444954251 1504014439.47
24 0.568606710157503 1504014448.97
25 0.4615197782977154 1504014458.65
26 0.3433948670379102 1504014468.48
27 0.21149609917440573 1504014478.92
28 0.1662132813226476 1504014488.97
29 0.20022740320794127 1504014497.63
30 0.19140931069314815 1504014505.33
31 0.19348221651108197 1504014513.67
32 0.19092918017837524 1504014524.14
33 0.19094119148458463 1504014531.42
34 0.16377415494563552 1504014538.53
35 0.1636758699755065 1504014545.02
36 0.16186160949906883 1504014551.25
37 0.16930588226528223 1504014558.59
38 0.18589185994005605 1504014570.6
39 0.36932835000559733 1504014580.51
40 0.5057842819098207 1504014589.87
41 0.6192570408954895 1504014598.99
42 0.7346443943866837 1504014608.05
43 0.8679014223749969 1504014617.29
44 1.0013064307547819 1504014626.11
45 1.0516854174357155 1504014635.29
46 1.0792735492837047 1504014644.3
47 1.0382749891708525 1504014653.34
48 0.9797989505950105 1504014662.38
49 0.8864451807087728 1504014671.87
50 0.7061499789563178 1504014681.84
51 0.4654129030333892 1504014691.8
52 0.2257776097796885 1504014701.94
53 0.041182719082535464 1504014713.11
54 0.024385860118758592 1504014722.53
55 0.018167234807442898 1504014732.04
56 0.07093836395027546 1504014742.21
57 0.07895433873768323 1504014751.86
58 0.07365904516516668 1504014760.44
59 0.07470980513830174 1504014766.9
60 0.07320201493473084 1504014773.34
61 0.07470212994693763 1504014779.82
62 0.07514373319716627 1504014786.06
63 0.07320127177746232 1504014792.04


# Displacement mean and std deviation
-0.007587011926786201 0.026754343753868124

# Displacement mean absolute value and std deviation
0.018804802805353512 0.0204874852319436

# Distance to GT
0.07320127177746232

# Orientation to GT
-0.0026623846750029735