1504013832.087681293
1504013871.927136421
1504013872.229001999
1504013873.487257957
1504013874.630603075
1504013875.885691404
1504013877.085590363
1504013878.230937243
1504013879.488213539
1504013880.686432838
1504013881.946172714
1504013883.148272514
1504013884.348946571
1504013885.547212601
1504013886.870238066
1504013888.007339954
1504013889.209826469
1504013890.408082962
1504013891.668600082
1504013892.870450020
1504013893.950104713
1504013895.147756577
1504013896.405515194
1504013897.607157946
1504013898.874106407
1504013901.445988894
1504013901.750022888
1504013902.824793339
1504013904.026982307
1504013905.169317961
1504013906.366186380
1504013907.685007572
1504013908.827243805
1504013910.088535547
1504013911.226901054
1504013912.485368729
1504013913.626621008
1504013914.888682842
1504013916.026844978
1504013917.225121498
1504013918.485907078
1504013919.687281609
1504013920.887628078
1504013922.085940361
1504013923.348377228
1504013924.488577843
1504013925.687758684
1504013926.884502649
1504013928.205261230
1504013929.349588871
1504013932.525992870
1504013933.005035877
1504013934.149829388
1504013935.407639027
1504013936.666378498
1504013937.685619354
1504013939.066709042
1504013940.391256571
1504013941.405430317
1504013942.604476213
1504013943.866155863
1504013945.128257275
1504013946.326506138
1504013947.464268684
1504013948.665577412
1504013949.806394100
1504013951.126136780
1504013952.324652195
1504013953.466051102
1504013954.791164637
1504013955.926999092
1504013957.187047482
1504013958.266490698
1504013959.647569895
1504013963.786029339
1504013964.207804203
1504013965.107826710
1504013966.310187340
1504013967.626960516
1504013968.709070683
1504013969.907372475
1504013971.163626671
1504013972.427059174
1504013973.565924168
1504013974.885314941
1504013976.023762226
1504013977.226203918
1504013978.486830235
1504013979.684639931
1504013980.884870052
1504013982.085747242
1504013983.286815166
1504013984.604867935
1504013985.624453306
1504013986.885422707
1504013988.086683750
1504013989.285011768
1504013990.423938513
1504013994.085021257
1504013994.566584826
1504013995.765261173
1504013996.963497400
1504013998.105227709
1504013999.307042122
1504014000.503741980
1504014001.642945290
1504014002.907028198
1504014004.106328249
1504014005.365237236
1504014006.442644596
1504014007.764385223
1504014008.967587471
1504014010.103521824
1504014011.363921881
1504014012.565148830
1504014013.766847372
1504014015.085093021
1504014016.225547314
1504014017.426850319
1504014018.567354202
1504014019.827718973
1504014021.025480747
1504014024.504518509
1504014024.987059593
1504014025.826132059
1504014027.083671570
1504014028.345799923
1504014029.485223055
1504014030.742990017
1504014031.884674549
1504014033.205018282
1504014034.405809879
1504014035.724555254
1504014036.743716240
1504014037.945477486
1504014039.205936432
1504014040.342780828
1504014041.543656111
1504014042.804835320
1504014044.005787849
1504014045.142907381
1504014046.343168259
1504014047.544279099
1504014048.805049896
1504014049.942618608
1504014051.142440319
1504014054.867245197
1504014055.286303043
1504014056.423328400
1504014057.622470140
1504014058.883401394
1504014060.085757256
1504014061.346821785
1504014062.482603550
1504014063.745512247
1504014064.949186802
