4.00532249156 12.9249775084 178.265003135 1504013832.14
4.3053544963 12.9127996695 177.138973062 1504013871.92
4.33363371366 12.9115252912 176.859508524 1504013872.22
4.45392310369 12.8990787875 175.860203756 1504013873.52
4.56622306293 12.8892439521 174.485222082 1504013874.59
4.64683141151 12.8339038492 172.694847968 1504013875.88
4.78375594378 12.8332678072 171.820005771 1504013877.12
4.83777538861 12.7418621079 170.420312372 1504013878.22
4.95804187077 12.7249350731 169.196079406 1504013879.42
5.04845846344 12.6378258522 166.11326658 1504013880.72
5.14860447835 12.5348033573 163.065775572 1504013881.92
5.27540378829 12.5242692989 162.18669619 1504013883.12
5.31129811052 12.451724506 160.637904915 1504013884.29
5.44263968214 12.4124688021 159.572843886 1504013885.53
5.52220622503 12.3502816702 157.415445307 1504013886.83
5.56028175855 12.2223051789 153.811567518 1504013888.03
5.66502443493 12.1420361591 151.889967966 1504013889.14
5.74499521009 12.0593259627 150.099840158 1504013890.41
5.80416881332 12.0082619588 149.353853096 1504013891.66
5.93524827319 11.9031699499 147.538939046 1504013892.85
6.00771708279 11.9076260071 149.189539461 1504013893.98
5.9952482252 11.7947569854 145.479817778 1504013895.13
6.19061749518 11.6964961324 144.292529874 1504013896.46
6.18801600261 11.5791566473 142.661331802 1504013897.52
6.26493131101 11.525465033 141.94164062 1504013898.83
6.46857604202 11.3606844641 141.32030181 1504013901.44
6.49012724897 11.3433747413 141.108883371 1504013901.73
6.48868556167 11.2233428428 138.697984994 1504013902.82
6.57659223977 11.1509309906 138.674637938 1504013904.02
6.66775197367 11.066640968 138.282169001 1504013905.04
6.82689183509 11.0194722499 138.577521927 1504013906.36
6.90690780819 10.9094782362 137.827499799 1504013907.72
6.99509840284 10.8590422989 137.959299489 1504013908.82
7.06615325934 10.6998470622 135.728880491 1504013910.14
7.14874168197 10.6195236177 135.145425647 1504013911.21
7.18044356578 10.5084559626 133.407333156 1504013912.52
7.25651030836 10.4026362316 132.644277535 1504013913.62
7.32740556045 10.3050919678 131.699091362 1504013914.86
7.39623578254 10.2391926521 132.544086926 1504013916.01
7.53195054323 10.1814213113 132.889175241 1504013917.21
7.54475211192 10.0431518805 130.188366779 1504013918.51
7.68214103159 9.94775411727 130.587558198 1504013919.68
7.71483683142 9.87645103255 129.743683434 1504013920.89
7.81659538648 9.7869169663 130.384574129 1504013922.08
7.86015591566 9.70640820543 129.307207586 1504013923.34
7.90190460526 9.57033091881 127.132503216 1504013924.51
7.91883402882 9.48226202523 126.035719091 1504013925.68
7.95130267937 9.37043669826 124.996006688 1504013926.88
8.02011680575 9.28722566368 124.604344303 1504013928.2
8.1308113907 9.17845000936 124.033168555 1504013929.31
8.0838639378 8.82815769054 118.963296848 1504013932.52
8.1040422644 8.79152104779 118.56827904 1504013932.98
8.14023627458 8.65402042055 117.453367832 1504013934.15
8.1890119611 8.56440454419 117.434094087 1504013935.4
8.15647455895 8.44193743936 113.581037005 1504013936.68
8.20727580736 8.30398629976 113.648523325 1504013937.67
8.22292779261 8.19424165609 112.977853632 1504013939.12
8.24203118393 8.09555748593 111.338279657 1504013940.38
8.34239016481 7.96025618664 112.525908884 1504013941.38
8.33127408497 7.89322957018 111.081446486 1504013942.58
8.35379173366 7.7923576495 110.657772035 1504013943.78
8.3673916899 7.59489728952 108.954259087 1504013945.11
8.38606814446 7.52698193223 108.983364613 1504013946.39
8.42100378926 7.39086516111 108.060700544 1504013947.51
8.45316928217 7.3286079779 108.905198352 1504013948.64
8.47690157587 7.17017371619 107.725695301 1504013949.79
8.46839855311 7.08556955336 106.464702605 1504013951.12
8.48740152297 6.91214907437 105.032693401 1504013952.35
8.5050776563 6.81035563577 105.016468984 1504013953.5
8.55994288413 6.72379854528 105.555955588 1504013954.78
8.59489377741 6.67801453095 105.65424114 1504013955.89
8.65504511499 6.51813692066 106.678949474 1504013957.23
8.67509610679 6.43239814637 106.732096108 1504013958.33
8.67810429894 6.30793942976 105.87269442 1504013959.58
8.81909737994 5.92284786288 107.710305031 1504013963.78
8.83114952045 5.88394699825 107.831268386 1504013964.19
8.84547115229 5.74717778649 107.321131956 1504013965.11
8.8451885082 5.62768158628 107.119498366 1504013966.29
8.90573224196 5.53938280492 108.387480233 1504013967.58
8.96782510647 5.35100114176 108.645944814 1504013968.7
9.03203395681 5.31406953587 110.482722838 1504013969.94
9.06539499336 5.13708249106 109.92362061 1504013971.2
9.10783644831 5.06147204262 110.722232566 1504013972.48
9.1418031412 4.95986627819 111.253037119 1504013973.56
9.20976377598 4.84460066664 112.007883446 1504013974.94
9.25232400405 4.74793153207 112.810226162 1504013976.02
9.30800947065 4.68794721431 114.465736792 1504013977.22
9.34118206575 4.55285054936 114.819383506 1504013978.51
9.41007427148 4.49985665971 116.537904401 1504013979.6
9.49404257319 4.38945981691 118.795057284 1504013980.86
9.50966404399 4.28344593463 119.914857304 1504013982.14
9.59307893716 4.15542920242 120.245144548 1504013983.32
9.63095284059 4.09807188825 122.524419803 1504013984.63
9.72479139036 4.07115416989 123.808551743 1504013985.61
9.80721009341 3.92575680067 125.197979773 1504013986.94
9.88969303516 3.90074084287 127.048507358 1504013988.08
9.98690702179 3.83773616594 129.427343752 1504013989.32
10.0422609911 3.76385600987 129.951725576 1504013990.42
10.2942902303 3.51388561851 134.88094324 1504013994.14
10.3202487429 3.48702845385 135.462257718 1504013994.55
10.4623029145 3.40153432418 137.853829207 1504013995.75
10.5468999516 3.40460356914 139.972169236 1504013996.96
10.6416783646 3.40430628186 142.236721322 1504013998.14
10.7142163797 3.29400252623 142.861188304 1504013999.35
10.8443646284 3.25165061176 145.92992275 1504014000.55
10.9097710757 3.20304282276 146.350788692 1504014001.69
10.9807729272 3.16755083518 148.813438792 1504014002.82
11.0868822383 3.1736592211 151.289573041 1504014004.16
11.1868496518 3.06761941954 152.729128278 1504014005.36
11.2924798658 3.09998522109 155.476078343 1504014006.44
11.4036739597 3.03066530701 156.57573396 1504014007.73
11.4900550853 3.05951747381 159.145448642 1504014008.95
11.5468993812 3.04053200141 161.424475815 1504014010.15
11.6969725692 2.99799678643 163.552159862 1504014011.34
11.7890022781 3.01782347421 165.569493917 1504014012.55
11.9180933437 3.01985457785 167.73398153 1504014013.75
12.0303121607 3.00715628893 169.912530947 1504014015.03
12.1160929421 2.96228290582 170.879278949 1504014016.28
12.219945388 2.99269193873 172.63875608 1504014017.48
12.3417415075 2.9593492886 172.761535944 1504014018.55
12.4324271209 2.96323169114 174.807196465 1504014019.83
12.5547429187 2.96926927915 176.003794692 1504014021.1
12.8701774325 2.92730506586 177.206974298 1504014024.52
12.9530268803 2.95747684444 178.325210499 1504014025.04
13.033931436 2.95490926793 178.725746383 1504014025.86
13.1057220618 2.98575453018 -179.878947976 1504014027.03
13.2451668221 2.9496718218 179.453777083 1504014028.33
13.3301056128 2.96285468296 -179.806014168 1504014029.54
13.4838569855 2.98268900475 -179.000040024 1504014030.72
13.5874338116 2.99776899344 -178.836321717 1504014031.93
13.7410450886 3.00105812245 -179.315126643 1504014033.23
13.8572249755 2.95721356004 179.280043846 1504014034.39
13.9994426574 2.9293335834 179.211757599 1504014035.71
14.0770079154 2.94408968983 179.659417046 1504014036.73
14.2034187356 2.92457356968 179.679782891 1504014037.93
14.2761382788 2.91140842046 179.848066798 1504014039.12
14.4298399139 2.94545806197 179.97456824 1504014040.32
14.5570175754 2.9530744685 -179.652491413 1504014041.54
14.6144433721 2.86798114076 179.258416801 1504014042.77
14.7880985889 2.84637852836 178.588507317 1504014044.03
14.8701345001 2.82099543513 177.753989533 1504014045.13
15.0201686136 2.82076666212 178.062178421 1504014046.33
15.1232401419 2.85262550355 178.413968014 1504014047.52
15.2251602788 2.72627548807 175.998356625 1504014048.8
15.3578629556 2.75649931492 176.347211352 1504014049.97
15.4744230941 2.72572811314 175.226649569 1504014051.14
15.9459078749 3.04130618227 177.832142216 1504014054.83
15.9981566092 3.03871405197 177.847351639 1504014055.33
16.1261621966 3.01318352316 177.591448947 1504014056.42
16.0968108091 2.65879009102 177.021505983 1504014057.54
16.2649925315 2.66673123002 177.123486587 1504014058.87
16.3964729307 2.62115343607 175.943444421 1504014060.04
16.4983766227 2.69149113809 177.018886577 1504014061.38
16.6185109847 2.77677575743 178.254621556 1504014062.45
16.6877029687 2.58261157788 175.516702882 1504014063.74
16.8916275427 2.57950636938 175.390007604 1504014064.93
