1504013832.206103802
1504013874.149128199
1504013877.627525568
1504013881.766072750
1504013885.487109661
1504013888.667186737
1504013891.668600082
1504013894.188737631
1504013896.766981125
1504013899.705938816
1504013906.728281021
1504013909.968235493
1504013913.209885597
1504013916.267655849
1504013919.146833897
1504013922.506904602
1504013925.566606522
1504013928.565361261
1504013931.268181324
1504013937.270854473
1504013940.391256571
1504013943.269136906
1504013945.964394569
1504013948.486692905
1504013950.949344635
1504013953.588894367
1504013956.230300426
1504013959.226827383
1504013962.286485672
1504013968.709070683
1504013972.366752625
1504013975.188366413
1504013978.185103416
1504013981.187583208
1504013984.424400091
1504013987.364078522
1504013990.723264456
1504013994.085021257
1504014000.871284962
1504014004.583242893
1504014008.003049850
1504014011.187170982
1504014014.483503580
1504014018.147026062
1504014021.926719427
1504014025.702726841
1504014033.384165287
1504014036.983129501
1504014040.043232679
1504014043.043247223
1504014046.163578987
1504014049.108849764
1504014052.106152296
1504014055.763241768
1504014063.084224224
1504014067.041938782
1504014070.281691790
