4.00579422179 12.9253942218 178.264027732 1504013833.29
4.00588823808 12.9255921587 178.263684891 1504013835.68
4.00576057526 12.9239572324 178.277704272 1504013842.41
4.00546413893 12.9255918835 178.293676646 1504013849.54
4.00569032787 12.9258055686 178.286931023 1504013856.77
4.00434579794 12.9237216671 178.318910344 1504013861.73
4.00621156231 12.9242365969 178.323623047 1504013866.58
4.00579901894 12.9236768073 178.318591149 1504013868.47
4.4993648819 12.9077708229 174.814432623 1504013873.84
5.13309334486 12.8166733339 163.718766377 1504013881.33
5.88177463694 12.6372149381 150.610048397 1504013889.9
6.60674119684 12.3328897441 141.74982043 1504013898.42
7.30005631063 11.8721558401 136.128232133 1504013907.07
7.89211641675 11.3418502799 132.015424009 1504013914.94
8.43557652484 10.7656176609 126.87266762 1504013922.81
8.86839495841 10.153186546 119.952891505 1504013930.54
9.26728974887 9.53704663273 113.383787743 1504013938.34
9.61507484598 8.84251250554 108.391533379 1504013946.13
9.93484458096 7.91273455523 105.24455082 1504013956.11
10.1790521045 7.13384601339 106.86628774 1504013964.49
10.3727867129 6.41916128035 110.70095182 1504013971.84
10.6244234015 5.68219502845 117.311128936 1504013979.88
10.9330241667 5.00229407693 126.924291665 1504013988.07
11.3159441001 4.33196942627 137.708701227 1504013996.66
11.815343868 3.77930302635 151.319071153 1504014005.29
12.3884803932 3.34184125692 165.239860852 1504014013.88
13.1803845475 3.0050068742 175.133584977 1504014023.16
14.035208137 2.80499711045 177.799489971 1504014032.21
14.8581014055 2.71259708819 177.153910775 1504014040.58
15.667268724 2.66483555899 176.701021749 1504014048.78
16.4754950057 2.59250246568 176.434110814 1504014056.83
17.3152210915 2.53097558051 176.423894972 1504014066.2
17.3439751251 2.5151243118 176.486211044 1504014077.65
17.3407605863 2.5150290652 176.483683806 1504014086.65
17.3394127102 2.51539257077 176.47759812 1504014094.57
17.3393277373 2.51502162924 176.479993524 1504014103.13
17.3392014605 2.51505882298 176.477884773 1504014104.45
