16.6640156329 3.00185760392 -179.453735758 1504013464.97
16.6635687132 3.00228158099 -179.459557931 1504013465.54
16.6654177214 3.00157657129 -179.492101211 1504013466.18
16.6661832151 3.00104852712 -179.36474741 1504013466.66
16.6675157756 3.00048957732 -179.703984464 1504013467.58
16.6648911447 2.9957305079 -179.206981731 1504013468.08
16.6660022334 2.99737611103 -179.400829666 1504013471.89
16.6627759696 2.99750362322 -179.387801251 1504013472.24
16.6649357136 3.00037348527 -179.506670543 1504013472.72
16.6635531255 2.99924936066 -179.415636825 1504013472.99
16.665316492 3.0017716362 -179.427426963 1504013473.46
16.6636620975 3.00061074319 -179.460156275 1504013477.84
16.6645159348 3.00063934436 -179.462011465 1504013478.43
16.6667238876 2.99693532681 -179.494739971 1504013478.92
16.6669502672 3.00133315518 -179.481749235 1504013482.95
16.6692121812 3.00172877465 -179.421021512 1504013483.46
16.6702439393 3.0013343297 -179.355634659 1504013483.79
16.6676634854 3.00115443225 -179.44141444 1504013484.15
16.6670546134 3.00107074145 -179.405079267 1504013487.93
16.6658378951 3.00088733563 -179.480023216 1504013488.47
16.6699430473 3.00007625551 -179.785433207 1504013489.07
16.6704338769 3.00138320338 -179.901654437 1504013489.55
16.661989005 2.99894661913 -179.347813849 1504013493.36
16.6585772185 2.99700941603 -179.31404599 1504013493.85
16.663655423 2.99796346194 -177.557935927 1504013494.47
16.6588949765 2.99934782669 -175.883071228 1504013495.12
16.6682704748 3.00076634632 -177.738961933 1504013498.87
16.6648797907 2.99912857611 -177.687964593 1504013499.44
16.6681414188 3.00123546372 -175.908345841 1504013500.09
16.6655173566 2.99877577825 -177.587075378 1504013500.47
16.6606514189 2.99505858908 -177.316813959 1504013504.25
16.6649198999 2.99645897123 -177.395183085 1504013505.02
16.6587216315 2.99811241952 -175.673302454 1504013505.61
16.6634145683 2.99984395925 -177.604888523 1504013509.51
16.6661155149 3.0013209446 -177.640304671 1504013509.95
16.6378509835 2.99856727702 -177.593343292 1504013510.43
16.539297879 2.99029581819 -177.750013938 1504013511.06
16.1476318914 2.96911600963 -176.732944159 1504013514.86
16.0712172312 2.96478719405 -176.980035037 1504013515.56
16.0266244846 3.01966992378 -179.679674028 1504013516.18
15.9776160927 3.0002355881 -177.190169894 1504013516.76
15.5542616178 3.01688906691 -178.500501254 1504013520.75
15.489961812 3.01440887142 -178.605202067 1504013521.39
15.4834807242 3.05857986591 -179.5107498 1504013522.01
15.0953680824 3.0869774485 179.020992315 1504013525.83
15.0285271016 3.08801255243 178.944288877 1504013526.53
14.9469472962 3.11697667741 179.260385041 1504013527.11
14.8938782562 3.12943814359 179.131143351 1504013527.64
14.5706525931 3.10440648514 179.939276808 1504013531.56
14.4806811197 3.10484284301 179.756100042 1504013532.36
14.3853181931 3.13407181814 178.838209527 1504013532.99
13.9532952216 3.18474579473 175.158488988 1504013537.76
13.8752417726 3.19093011239 174.77226287 1504013538.57
13.2866051666 3.25993222228 172.245287102 1504013544.47
12.7124515046 3.41351835981 168.85904073 1504013550.25
12.2309799337 3.64581361727 159.237073391 1504013555.88
11.7277706371 3.948870732 153.35060103 1504013561.85
11.3418690597 4.32486944456 144.946008134 1504013567.58
11.0255121565 4.81179375045 135.342456255 1504013573.37
10.7248011613 5.2699863892 128.288362846 1504013578.88
10.522818596 5.74617678803 121.863130481 1504013584.35
10.3118042925 6.25672486215 116.703120657 1504013589.99
10.1325965323 6.80714525301 113.215797324 1504013595.66
9.97062893371 7.37293419282 110.072741408 1504013601.56
9.86752357691 7.92786472841 108.151608043 1504013607.07
9.7969961966 8.46807999815 105.981799532 1504013612.49
9.73779066952 9.05499937555 107.951749556 1504013617.94
9.58405419412 9.59976639261 111.259097453 1504013623.31
9.40724513986 10.0544998422 113.374620313 1504013628.68
9.14357839224 10.5143506357 119.621889623 1504013634.18
8.780404993 10.9940500069 124.574613184 1504013640.03
8.39369939438 11.3926720587 129.766188304 1504013645.78
8.01186827215 11.8193450085 132.434018032 1504013651.55
7.58858005299 12.2433054836 134.738825665 1504013657.41
7.15491088664 12.5685310866 138.998695189 1504013662.92
6.72330705559 12.9343982061 141.229456904 1504013668.74
6.25907839904 13.208580156 148.048954461 1504013674.66
5.71282856889 13.373227299 156.853609939 1504013680.58
5.19982957621 13.45282705 165.668065147 1504013686.22
4.62618533649 13.4696394257 173.787777722 1504013692.35
4.24181587067 13.4022408514 176.7509197 1504013698.58
4.2111659986 13.3597062494 177.489895059 1504013704.17
4.21452052477 13.3616308354 177.492083937 1504013709.72
4.21277271339 13.3615894346 179.280770816 1504013715.67
4.22518529775 13.3569689187 179.285872864 1504013721.5
4.21405617396 13.3597776962 177.493169634 1504013727.56
4.21552216856 13.3596780323 177.492515805 1504013733.63
4.20891661558 13.3579324531 178.022085885 1504013739.6
4.2070654239 13.3535905034 179.500380947 1504013745.18
4.20521558713 13.345853974 178.05382832 1504013750.67
4.20505805868 13.3454485215 178.050175479 1504013756.07
4.20510918559 13.3440722315 178.049420585 1504013761.81
4.18607267294 13.359216306 176.62033828 1504013767.64
4.20386304418 13.3454574258 176.246610239 1504013773.25
4.20319119083 13.3651494214 176.531445372 1504013779.07
4.20346902038 13.3635237996 176.516492643 1504013784.86
4.20347476691 13.3637193784 176.542005636 1504013787.42
