1504013464.957832336
1504013465.554290771
1504013466.158581734
1504013466.636579990
1504013467.535965443
1504013468.134270191
1504013471.853981018
1504013472.274901390
1504013472.695225954
1504013473.052639484
1504013473.472850561
1504013477.852991581
1504013478.396777868
1504013478.935557127
1504013482.955840111
1504013483.374211073
1504013483.795234203
1504013484.211866856
1504013487.933408260
1504013488.415338039
1504013488.956201077
1504013489.554021835
1504013493.394923687
1504013493.872372627
1504013494.477008104
1504013495.074687481
1504013498.911977291
1504013499.455249786
1504013500.112960815
1504013500.531901121
1504013504.318843365
1504013504.972228527
1504013505.634546757
1504013509.473608494
1504013509.951614857
1504013510.434261322
1504013511.094130039
1504013514.875902176
1504013515.598776817
1504013516.192514420
1504013516.796433926
1504013520.753629923
1504013521.412587166
1504013522.015448570
1504013525.852903843
1504013526.514998913
1504013527.116779804
1504013527.713891983
1504013531.615794659
1504013532.332135439
1504013532.995318651
1504013537.734357119
1504013538.572710991
1504013544.454864025
1504013550.273792744
1504013555.916349888
1504013561.854724884
1504013567.612393379
1504013573.372880459
1504013578.892832756
1504013584.354301691
1504013589.994970798
1504013595.634147644
1504013601.515544891
1504013607.034739494
1504013612.492681026
1504013617.953986883
1504013623.230216742
1504013628.692223310
1504013634.211474419
1504013640.033957958
1504013645.729264259
1504013651.551722288
1504013657.371706009
1504013662.953979969
1504013668.772256374
1504013674.713646412
1504013680.529846430
1504013686.171842098
1504013692.350425720
1504013698.528798103
1504013704.171034098
1504013709.688273430
1504013715.688260078
1504013721.514524460
1504013727.513249874
1504013733.688354492
1504013739.569199800
1504013745.150346518
1504013750.728511810
1504013756.070351601
1504013761.831884861
1504013767.649408340
1504013773.227008820
1504013779.051053524
1504013784.928231478
1504013787.510569572
1504013787.510569572
1504013787.510569572
1504013787.510569572
1504013787.510569572
1504013787.510569572
