1504013464.774009466
1504013467.776926994
1504013473.714705944
1504013479.532399178
1504013484.754005909
1504013492.076739788
1504013499.093979359
1504013503.893400192
1504013507.314191103
1504013512.416469097
1504013519.492937088
1504013526.995091438
1504013535.391957760
1504013543.372215986
1504013552.495168447
1504013561.919021845
1504013570.671221018
1504013579.073250771
1504013587.414915085
1504013595.812602997
1504013604.210386992
1504013612.612536907
1504013620.893300533
1504013629.470975876
1504013640.332744122
1504013653.291093826
1504013666.912729025
1504013676.634609222
1504013688.211329460
1504013702.073707819
1504013713.950330257
1504013721.273502827
1504013729.070932865
1504013736.807411432
1504013747.548360348
1504013759.610234499
1504013772.268205166
1504013785.530209541
1504013787.510569572
1504013787.510569572
1504013787.510569572
1504013787.510569572
