16.6653209275 3.00228682126 -179.392866045 1504013463.33
16.6646478621 3.00170925862 -179.449914985 1504013478.02
16.6643984844 3.00230706465 -179.449226836 1504013489.55
16.6543494182 3.00083100058 -179.294558699 1504013503.25
16.3423874573 2.99528142209 -179.791550445 1504013512.82
16.0899921493 3.00693173225 179.618902553 1504013515.53
15.8160967926 3.01779140071 179.126556577 1504013517.9
15.5647575534 3.02387995393 179.032544169 1504013520.42
15.3124493456 3.02160325386 178.212555098 1504013522.96
15.0973111023 3.02946619364 177.901636658 1504013525.21
14.8545941617 3.03908364881 177.435004851 1504013527.67
14.6105563938 3.0559056734 177.222816335 1504013530.08
14.0984687034 3.09541866554 175.570970766 1504013535.32
13.832731231 3.11325739962 174.232390648 1504013538.03
13.5608477313 3.13161410411 172.895496631 1504013540.91
13.3129522119 3.15333610575 171.531849658 1504013543.43
13.0351320675 3.19340224948 169.150909333 1504013546.31
12.7809288568 3.23188424099 166.925304024 1504013548.94
12.4866698728 3.2840186994 163.585011717 1504013552.06
12.2472587887 3.34276760757 160.033098234 1504013554.77
12.0092393821 3.41061614457 156.762851296 1504013557.57
11.7617361522 3.49505834989 153.12309367 1504013560.46
11.3185664511 3.65397652857 145.436868773 1504013565.67
11.0979375225 3.82105366479 141.294756466 1504013568.67
10.8720300243 3.91467242159 137.641067274 1504013571.45
10.6530002776 4.06059621832 134.014880601 1504013574.41
10.4549976422 4.19715779391 130.776359443 1504013577.02
10.2650215343 4.37742599478 126.924968137 1504013579.77
10.0896579548 4.57560759432 123.555661345 1504013582.58
9.94039013149 4.76189768618 121.025207906 1504013585.13
9.78783685469 4.96987253365 117.644041633 1504013588.03
9.65173495833 5.17128251781 114.979862188 1504013590.65
9.39073832121 5.61996284912 110.886112935 1504013596.14
9.28348494904 5.92365151873 108.623224571 1504013599.33
9.1531782216 6.11542972403 107.234492761 1504013601.67
9.05985717768 6.34110809199 105.952253846 1504013604.19
8.99511397625 6.57848957015 105.202632947 1504013606.77
8.92008517984 6.8202490807 104.488567449 1504013609.3
8.85609140234 7.06214667685 104.373054739 1504013611.76
8.79066385894 7.29204925751 104.73554524 1504013614.33
8.72823550761 7.5542869297 105.40415474 1504013617.14
8.67479251853 7.81838647105 106.900641855 1504013619.81
8.62762800128 8.04255246156 108.150105154 1504013621.91
8.55678901873 8.40008900817 110.576810439 1504013625.66
8.48615558536 8.57368194372 111.926694433 1504013627.59
8.43667439279 8.76554961342 113.583131199 1504013629.63
8.39615343869 8.9118331376 115.019155509 1504013631.36
8.33317200933 9.09846631116 117.2561952 1504013633.36
8.24353940401 9.28648128769 119.407550017 1504013635.46
8.1689196295 9.46539187496 121.40648168 1504013637.5
8.10981976799 9.6356476614 123.214679111 1504013639.39
8.03596839903 9.80298317423 125.041011566 1504013641.35
7.93540224627 9.97297390001 126.897033795 1504013643.37
7.85809955153 10.1409406047 128.758744085 1504013645.17
7.76564740917 10.2983612398 130.392558114 1504013647.03
7.64725628464 10.4408814152 131.727779964 1504013648.89
7.52954279652 10.6342955718 133.526656118 1504013651.16
7.41975889049 10.7764714427 134.608671942 1504013653.03
7.17738974648 11.0645549075 136.764560062 1504013656.81
7.01353854849 11.2318032607 138.21822087 1504013659.09
6.88203822309 11.3885320035 139.587251942 1504013660.97
6.74149613352 11.5309890886 140.644186974 1504013663.19
6.61691682936 11.6605946361 141.875299917 1504013664.97
6.4657531236 11.7988050472 143.548075062 1504013667.07
6.322632641 11.9213462142 144.909824413 1504013668.99
6.15774604582 12.0581887559 147.064075218 1504013671.23
5.99221525784 12.1774360323 149.302283777 1504013673.37
5.80896033922 12.3153934636 152.527792802 1504013675.77
5.63598541095 12.4365547738 156.037926283 1504013678.28
5.41919215136 12.573939406 160.109512576 1504013681.1
5.1588136278 12.7101660589 165.317830099 1504013684.41
4.56019323955 12.9441418491 175.895901562 1504013691.69
4.16973432057 12.9576441307 178.454140259 1504013695.46
4.15676063956 13.1147732423 178.815740448 1504013698.88
4.15056738276 13.1508493771 178.690260841 1504013767.74
