1504014241.583174706
1504014244.098451138
1504014251.239289761
1504014258.498296976
1504014266.302122593
1504014274.039853334
1504014280.879016876
1504014287.903007984
1504014297.260891199
1504014305.961250305
1504014314.657263279
1504014322.998722792
1504014333.262650728
1504014344.780209780
1504014354.978430748
1504014364.638826847
1504014374.542964458
1504014384.019559860
1504014393.137940884
1504014402.797712564
1504014412.034823418
1504014420.980569124
1504014430.157549381
1504014439.455858946
1504014448.939795017
1504014458.596264839
1504014468.619556427
1504014478.875435829
1504014488.954084873
1504014497.596774817
1504014505.339570045
1504014513.616622448
1504014524.174540997
1504014531.435204983
1504014538.513103485
1504014545.055160284
1504014551.293792725
1504014558.496173859
1504014570.617714405
1504014580.459270477
1504014589.818540096
1504014598.993148804
1504014608.056688309
1504014617.234748840
1504014626.111109734
1504014635.415375471
1504014644.415057182
1504014653.351880074
1504014662.412871599
1504014671.896661758
1504014681.851036072
1504014691.751267433
1504014702.013580799
1504014713.053577423
1504014722.535529613
1504014732.012886524
1504014742.151135683
1504014751.930447102
1504014760.388721704
1504014766.809786081
1504014773.349693298
1504014779.830254078
1504014786.069487572
1504014792.067140579
1504014792.067140579
1504014792.067140579
1504014792.067140579
