1504014240.918235064
1504014241.277649641
1504014241.760706902
1504014242.180694103
1504014242.780778408
1504014243.380364895
1504014243.983473301
1504014249.378010511
1504014253.699501991
1504014254.179202080
1504014254.722249746
1504014259.159330845
1504014259.584779978
1504014259.999330759
1504014264.382722996
1504014264.799129009
1504014265.278023243
1504014269.718023300
1504014270.141391754
1504014270.622784853
1504014274.998991966
1504014275.480353355
1504014276.017741442
1504014280.341349840
1504014280.758616924
1504014281.298570633
1504014285.981419086
1504014286.880841255
1504014292.278115273
1504014296.898663998
1504014297.743147850
1504014303.260525703
1504014309.796940804
1504014316.037876606
1504014322.158991575
1504014327.556675434
1504014332.177417994
1504014332.961925745
1504014337.278194904
1504014338.062451124
1504014344.541167736
1504014351.196769476
1504014356.541996956
1504014360.382117271
1504014360.916038990
1504014361.582143307
1504014365.238531351
1504014365.900376558
1504014366.500606537
1504014367.216712952
1504014371.182131290
1504014371.900404930
1504014372.559010744
1504014376.578663826
1504014377.238611221
1504014377.840248346
1504014381.676198959
1504014382.338867188
1504014382.998327017
1504014386.838052511
1504014387.618879795
1504014388.219692707
1504014392.000672340
1504014392.658433437
1504014393.198099375
1504014393.743120432
1504014397.696153164
1504014398.418333054
1504014399.136560917
1504014403.038018703
1504014403.697612762
1504014404.298849583
1504014407.901256561
1504014408.496754408
1504014409.099842548
1504014409.821589947
1504014413.595523357
1504014414.257813931
1504014414.917085648
1504014415.636597872
1504014419.899746418
1504014420.620717525
1504014424.516995430
1504014425.116835594
1504014425.661797523
1504014426.255891562
1504014429.980295181
1504014430.756513119
1504014431.355722427
1504014432.078915834
1504014435.856211901
1504014436.577451468
1504014437.179563522
1504014440.956081867
1504014441.619955063
1504014442.274556637
1504014442.816765547
1504014446.597314119
1504014447.257763386
1504014447.798103333
1504014448.336995602
1504014452.058299780
1504014452.717823267
1504014453.314991713
1504014453.856848240
1504014457.638928890
1504014458.297982454
1504014458.958006859
1504014462.737276077
1504014463.455580711
1504014464.176759243
1504014468.075208664
1504014468.797420979
1504014469.394375324
1504014473.296484470
1504014473.956207991
1504014474.556058407
1504014478.397712469
1504014478.937858105
1504014479.535571575
1504014480.017799616
1504014483.793400764
1504014484.092792034
1504014484.335353136
1504014484.817512512
1504014488.594334602
1504014489.074942112
1504014489.617271185
1504014490.154173613
1504014493.995745182
1504014494.477174759
1504014494.895320177
1504014495.313846350
1504014495.738866329
1504014499.634368420
1504014500.056313753
1504014500.475754261
1504014500.781816721
1504014501.075216770
1504014505.098163605
1504014505.580307961
1504014506.113989592
1504014506.474052429
1504014510.138592720
1504014510.435353518
1504014510.795420170
1504014511.153248787
1504014511.578085899
1504014516.073338032
1504014516.495368719
1504014516.915841579
1504014520.752910614
1504014521.178686857
1504014521.537085056
1504014521.897597075
1504014525.736597061
1504014526.095554590
1504014526.458881140
1504014526.752450466
1504014527.113320351
1504014531.019492388
1504014531.498431444
1504014531.853215218
1504014532.274761438
1504014532.575922489
1504014538.393548965
1504014546.192907810
1504014551.776531696
1504014557.234006882
1504014561.500035763
1504014562.215359449
1504014567.374504089
1504014571.994149685
1504014572.777725220
1504014578.056310415
1504014582.673110485
1504014583.516730309
1504014587.772397995
1504014588.676229000
1504014593.357048512
1504014594.134991169
1504014598.752948761
1504014599.775384903
1504014605.657296658
1504014612.193248749
1504014616.694370747
1504014617.474631310
1504014621.737051010
1504014622.512104034
1504014626.835568190
1504014627.611492634
1504014632.173508167
1504014633.074676037
1504014637.874757767
1504014638.830880404
1504014643.392532825
1504014644.593650818
1504014649.514022827
1504014650.295595407
1504014654.552253246
1504014655.393118382
1504014659.953111410
1504014660.793471575
1504014665.295117378
1504014666.251759052
1504014671.773410797
1504014676.396191120
1504014677.173743486
1504014681.612144470
1504014682.512445450
1504014686.830216408
1504014687.614510536
1504014692.297671318
1504014693.371348619
1504014697.154232025
1504014698.110615730
1504014698.834595680
1504014703.212378502
1504014703.931903839
1504014708.376500845
1504014709.092934132
1504014709.692707539
1504014714.070851088
1504014714.794177532
1504014719.174396515
1504014720.070582867
1504014724.455008030
1504014725.229695797
1504014730.633251190
1504014735.071850538
1504014735.850762367
1504014740.173184633
1504014741.069890738
1504014745.573830605
1504014746.411986113
1504014750.788665533
1504014751.631375074
1504014755.709817410
1504014756.191262245
1504014756.612946987
1504014761.529704332
1504014762.007927418
1504014766.389548063
1504014766.747953892
1504014767.230418682
1504014772.030627251
1504014772.748605251
1504014778.934211254
1504014784.934970856
1504014789.791858673
1504014790.567592621
1504014792.067140579
1504014792.067140579
1504014792.067140579
1504014792.067140579
1504014792.067140579
1504014792.067140579
