17.5865 2.81977492008 176.660076973 1504014240.96
17.5865952639 2.81970473605 176.654618751 1504014241.22
17.5865100869 2.82115536937 176.657910213 1504014241.72
17.5849225628 2.82444248601 176.664329702 1504014242.15
17.5868091465 2.8212386335 176.656189549 1504014242.83
17.5928189439 2.82607314667 176.667492654 1504014243.37
17.5866701544 2.82118234364 176.658503543 1504014244.03
17.5865736705 2.8228960885 176.667502705 1504014249.35
17.587990896 2.82265582536 176.674643541 1504014253.74
17.587980056 2.82285582261 176.67328064 1504014254.19
17.5865854896 2.82268623176 176.671592412 1504014254.72
17.586354369 2.82272934641 176.649202367 1504014259.16
17.5863543481 2.82250629639 176.648996096 1504014259.57
17.5863950794 2.82279078244 176.650367596 1504014259.97
17.5894942047 2.82399725968 176.654864241 1504014264.4
17.5894338117 2.82423685039 176.652596175 1504014264.78
17.5894522311 2.82419607452 176.652218929 1504014265.19
17.5878991289 2.8241565662 176.663067928 1504014269.66
17.5879016013 2.82385656609 176.651751208 1504014270.19
17.5877384222 2.82392551378 176.659750777 1504014270.6
17.5878762111 2.82389551687 176.663103011 1504014274.96
17.5878761919 2.82410906757 176.665231063 1504014275.47
17.5881467391 2.82266407574 178.45595848 1504014276.02
17.5540996304 2.82362345512 178.494427652 1504014280.37
17.4739253033 2.82504370559 178.530666215 1504014280.8
17.3986733125 2.8258881327 178.592573012 1504014281.34
16.9413056602 2.83020728207 178.920647525 1504014285.98
16.8480149433 2.83216045807 179.13071554 1504014286.92
16.369896372 2.86707585658 179.671174327 1504014292.26
15.8799014888 2.88627714645 -179.191010952 1504014296.89
15.7930138863 2.88393667553 -179.058827605 1504014297.79
15.2459387476 2.92854747762 -179.465035907 1504014303.3
14.5809452375 2.84972993367 -177.213550832 1504014309.89
13.9764571843 2.85825885595 179.881835998 1504014316.08
13.3856885945 2.94805422655 174.661805753 1504014322.14
12.8879078236 3.13058596731 167.271316974 1504014327.68
12.5152041268 3.53910539468 158.443531075 1504014332.2
12.4664478712 3.41730730993 160.922595524 1504014333.01
12.1342138602 3.56410659776 153.963806727 1504014337.33
12.0765771074 3.59258254165 152.864940722 1504014338.03
11.639389811 4.0320371516 141.01690473 1504014344.53
11.2356423755 4.57485424867 133.591243398 1504014351.17
10.9723658641 5.05885190951 128.634220934 1504014356.52
10.7563142177 5.4161156863 125.347912171 1504014360.36
10.724994336 5.46176384294 124.626425502 1504014360.95
10.704587342 5.52707596126 123.77349864 1504014361.55
10.5619174622 5.80746321774 121.541709942 1504014365.28
10.5319856606 5.85804103753 120.993418186 1504014365.9
10.5680162731 5.96594163898 119.931079511 1504014366.49
10.5483901373 6.02171912692 118.48661708 1504014367.25
10.5604217255 6.52103709299 113.218714954 1504014371.24
10.5370499448 6.57704258575 112.650394557 1504014371.87
10.4225636679 6.52949304978 112.386087106 1504014372.62
10.4060142904 7.0181052457 109.465358604 1504014376.56
10.383183391 7.07906835801 109.068387752 1504014377.18
10.3955505895 7.18935917813 108.889818583 1504014377.81
10.3157331923 7.54275911683 105.222770498 1504014381.68
10.280303068 7.61381895646 105.718153152 1504014382.39
10.1986372964 7.68020590271 107.734483408 1504014382.94
10.0996949591 8.02959565465 106.351631969 1504014386.83
10.0802175006 8.09592112277 106.269284267 1504014387.51
10.1279867146 8.113419474 104.317370569 1504014388.19
10.0414708432 8.43504724135 104.720361271 1504014392.0
10.0263310228 8.49423539357 104.771047441 1504014392.61
10.1396771115 8.6543811789 102.416365537 1504014393.35
10.1317289539 8.69073286311 102.486318415 1504014393.73
9.69677462378 8.86339607576 107.274624551 1504014397.75
9.67646945201 8.93275333527 107.549940713 1504014398.46
9.8374722476 9.24204634274 109.107266184 1504014399.13
9.70859316272 9.58355821942 110.712403443 1504014402.99
9.48612858763 9.4426764203 111.729566994 1504014403.74
9.46626498059 9.49130758902 112.0184591 1504014404.28
9.34797770542 9.79037084333 113.708917173 1504014407.89
9.3254354062 9.83873546326 114.156447233 1504014408.46
9.30367543556 9.90854997845 113.450666463 1504014409.07
9.26908786795 9.95324132515 115.580575836 1504014409.79
9.32521205744 10.4146403372 117.678657169 1504014413.59
9.29463900136 10.467591608 118.450835227 1504014414.28
9.20447038056 10.5752763101 120.051268351 1504014414.88
9.16565367381 10.6318956813 120.297298283 1504014415.62
8.9565843965 10.9427168654 126.580175753 1504014419.87
8.91510431515 10.9972534891 127.640651487 1504014420.64
8.60597706161 11.2224106635 133.19908433 1504014424.49
8.56891847547 11.2613993892 133.986307779 1504014425.1
8.50022954096 11.2949230423 133.872716008 1504014425.63
8.46679834144 11.3303433022 135.195297102 1504014426.23
8.272980541 11.4562075615 138.772197361 1504014429.97
8.22059178151 11.5019977278 139.647732072 1504014430.72
8.09657039243 11.5035594065 141.697857539 1504014431.37
8.02666504271 11.5192384088 142.714355169 1504014432.04
7.73435736427 11.8128410787 145.973419057 1504014435.79
7.66887921448 11.8556177888 146.797447058 1504014436.6
7.56304026592 11.8690547101 146.81727452 1504014437.23
7.27575425049 12.0381558377 149.533142569 1504014440.89
7.21691005984 12.0778769952 150.059950527 1504014441.6
7.11275492148 12.0736415244 152.432062469 1504014442.27
7.10393802975 12.0771715002 152.187600439 1504014442.8
6.78525693057 12.232348391 156.279243309 1504014446.6
6.70928155165 12.2565503638 156.621977451 1504014447.29
6.63792774381 12.2652710058 156.461444427 1504014447.76
6.59474988062 12.2741935442 157.770451683 1504014448.38
6.26555708887 12.384288441 161.527907942 1504014452.05
6.21310153803 12.4015110939 162.235514112 1504014452.64
6.14509244805 12.3923700751 162.618513774 1504014453.26
6.10146412277 12.4047341161 162.844668221 1504014453.83
5.74586303102 12.4807961189 167.47769723 1504014457.68
5.68912774538 12.492534946 168.189556275 1504014458.28
5.6061764836 12.469322243 167.041343786 1504014458.94
5.26319936273 12.5035525166 172.222287738 1504014462.7
5.15171212762 12.4822690075 173.084979954 1504014463.63
5.09622588985 12.4892376775 173.723749006 1504014464.2
4.73598006909 12.4960571623 176.736074607 1504014468.05
4.65525674679 12.4644630884 178.191453204 1504014468.85
4.60783606974 12.436174556 179.176373754 1504014469.42
4.57543529911 12.3523686776 179.193923272 1504014473.28
4.57533934866 12.3522053976 179.201794975 1504014473.99
4.38128314397 12.3499110582 179.591164392 1504014474.54
4.47875265747 12.3308240632 179.074693 1504014478.39
4.47837764172 12.331523905 178.616632286 1504014478.99
4.47710404526 12.3278149369 177.309314412 1504014479.41
4.47981006337 12.3310225743 179.089290273 1504014480.01
4.47834037554 12.3310153806 179.081110876 1504014483.78
4.47858739988 12.3307857614 179.07987003 1504014484.09
4.47878766985 12.3309455468 179.083758795 1504014484.3
4.47822458431 12.3308781132 179.084639624 1504014484.81
4.4802660465 12.3385612604 179.008078734 1504014488.65
4.4803292038 12.3385259448 179.010726662 1504014489.0
4.47840797034 12.3307514092 179.085455494 1504014489.54
4.47890385564 12.3291195674 177.295685995 1504014490.15
4.47861341328 12.3293671043 177.291325719 1504014494.09
4.47837085357 12.32950867 177.289176825 1504014494.47
4.47882665558 12.3307203644 179.06755298 1504014494.94
4.38123983133 12.3459011676 179.516707597 1504014495.36
4.38296797563 12.3455491218 179.509037712 1504014495.79
4.38294148096 12.34620202 179.594074112 1504014499.63
4.38256641441 12.3459384563 179.591054629 1504014500.04
4.38277020271 12.3460927707 179.503933622 1504014500.53
4.38286540689 12.3475919055 179.509764477 1504014500.78
4.38298229503 12.3474518456 179.500707681 1504014501.07
4.38214241106 12.3441605334 179.590465988 1504014505.12
4.38274225298 12.3441467616 179.590465988 1504014505.57
4.38556280371 12.3485635674 179.555114151 1504014506.09
4.38402303815 12.3460348755 179.580049731 1504014506.46
4.38290023453 12.3458679241 179.530965326 1504014510.17
4.3828450543 12.345847052 179.529344049 1504014510.35
4.38249067234 12.3459136273 179.518357579 1504014510.79
4.38217659208 12.3461394998 179.52100757 1504014511.15
4.38301558679 12.3457391203 179.527407276 1504014511.63
4.38460420203 12.3456344532 179.524301055 1504014516.05
4.38470417307 12.3456320468 179.526766452 1504014516.4
4.38277267033 12.3457728863 -178.695664839 1504014516.79
4.38300093278 12.3473109699 -178.677495783 1504014520.63
4.38321148091 12.347373743 -178.688325394 1504014521.2
4.38314160507 12.347026341 -178.698728613 1504014521.59
4.38243391354 12.3466177493 -178.69416345 1504014521.94
4.38322857465 12.3468660556 -178.695297485 1504014525.76
4.38322882038 12.3468304763 -178.703692324 1504014526.09
4.38300838259 12.345182629 -178.699608201 1504014526.5
4.38285492801 12.3452510316 -178.69798132 1504014526.77
4.38281751344 12.34678676 -178.683644344 1504014527.05
4.3830636504 12.3468809247 -178.692672457 1504014531.01
4.3830227194 12.345178531 -178.682282264 1504014531.54
4.38307086707 12.345178874 -178.679311414 1504014531.83
4.38306439507 12.3454987604 -178.669397513 1504014532.27
4.38307392325 12.3454262593 -178.675322999 1504014532.61
4.38293298137 12.3468076638 -178.682316623 1504014538.36
4.38318275393 12.3464960816 -178.669582979 1504014546.24
4.38323160138 12.3465045863 -178.674475305 1504014551.79
4.81431746556 12.3582018201 -179.981914157 1504014557.28
5.37831519694 12.4587713198 173.255334324 1504014561.35
5.45845124987 12.4459995656 172.126654308 1504014562.18
5.86490744221 12.3922222433 167.453502578 1504014567.37
6.33604752065 12.3367221566 159.755738599 1504014571.97
6.41043652186 12.3092899086 158.796505988 1504014572.79
6.87801820268 12.152905319 153.595781188 1504014578.07
7.34230622459 12.1028142808 148.933769947 1504014582.65
7.41302248541 12.0608136331 148.264686321 1504014583.48
7.77475190253 11.8603823492 142.287977742 1504014587.77
7.84105208 11.8092976455 141.525745399 1504014588.67
8.25729478929 11.5951157005 138.669857588 1504014593.34
8.35275198445 11.5610778245 137.548769566 1504014594.16
8.6678629994 11.305291714 132.779302021 1504014598.74
8.7324355902 11.2354234963 131.561793554 1504014599.75
9.11150012409 10.8634191508 124.362817178 1504014605.65
9.30957893514 10.2612451504 118.958739243 1504014612.19
9.63759676034 9.87142959903 114.848331351 1504014616.69
9.6696564127 9.80521031256 114.222661895 1504014617.43
9.87257249482 9.43062379277 110.376501265 1504014621.72
9.89960114582 9.35652202255 109.861238895 1504014622.51
9.94106647509 9.11775434583 108.32789229 1504014626.81
9.96576073503 9.04018855365 108.120310083 1504014627.61
10.1227655663 8.61293599194 106.178197127 1504014632.1
10.152249019 8.51396197728 105.860128111 1504014633.13
10.294181717 8.03300893111 105.826773121 1504014637.91
10.3188369229 7.94438646109 106.085992602 1504014638.83
10.4222535592 7.52993256125 108.405486551 1504014643.45
10.4572424859 7.42238023288 108.863267308 1504014644.59
10.5765134853 6.88124813715 112.274673673 1504014649.48
10.6124348477 6.80108447493 112.791021714 1504014650.33
10.7493451776 6.49768513955 115.885564575 1504014654.53
10.7865464872 6.42368009097 116.375919262 1504014655.37
10.9187630364 5.98540244841 116.976507883 1504014659.99
10.9516379859 5.91759609029 118.013530449 1504014660.81
11.1002233834 5.51636176534 124.022911601 1504014665.27
11.1514812147 5.44073185509 125.327176532 1504014666.24
11.340195853 4.98905105522 133.3942244 1504014671.77
11.5234013184 4.70156447684 144.00760406 1504014676.38
11.5749384218 4.66327962587 145.355469813 1504014677.17
11.7853055257 4.39600742892 154.146793235 1504014681.61
11.8535369722 4.36249786758 155.894225698 1504014682.54
12.1265141381 4.10756723128 162.840526419 1504014686.88
12.1847160274 4.08851945777 163.989247084 1504014687.59
12.4982714139 3.88807671144 171.936663574 1504014692.29
12.6036098167 3.8679447453 173.638172055 1504014693.43
12.9654425246 3.70722743046 179.160396812 1504014697.19
13.0485349965 3.70677140875 -179.88830795 1504014698.11
13.0732917243 3.55265479529 177.411623664 1504014698.83
13.4435450435 3.54188839925 -178.455998673 1504014703.21
13.5140068494 3.54395342084 -178.080630444 1504014703.92
13.9407407575 3.49032350166 -177.846477859 1504014708.37
14.011796465 3.49221361021 -177.847610758 1504014709.09
14.137377283 3.42871725002 -178.661442175 1504014709.68
14.524388115 3.45510033591 -177.777943581 1504014714.06
14.6144047084 3.46038150855 -177.52573014 1504014714.84
15.0458384198 3.50587219789 -178.085113178 1504014719.15
15.1368308293 3.50726132722 -178.535052828 1504014720.05
15.5371738654 3.49060511447 178.807097546 1504014724.44
15.6131036713 3.48926028673 178.439972808 1504014725.21
16.1747209734 3.47155059783 175.583057472 1504014730.59
16.6098705929 3.44543798785 173.085390894 1504014735.08
16.6786882911 3.43963328875 172.771833434 1504014735.82
17.1101724377 3.38994020587 170.81242881 1504014740.25
17.2083453884 3.37279299547 170.072694854 1504014741.14
17.4795696344 3.32465587723 169.94862703 1504014745.56
17.4797715882 3.32475187024 169.94862703 1504014746.39
17.5510545695 3.32408817695 170.826764445 1504014750.78
17.5510545695 3.32408817695 170.831101328 1504014751.68
17.5495186077 3.32112219137 172.615172561 1504014755.7
17.5495186077 3.32112219137 172.615172561 1504014756.19
17.5495186077 3.32112219137 172.615172561 1504014756.6
17.5509811431 3.31799453138 172.615172561 1504014761.56
17.5509811431 3.31799453138 172.615172561 1504014762.0
17.5494347968 3.31945617448 172.615595289 1504014766.31
17.5494347968 3.31945617448 172.615595289 1504014766.78
17.5509948208 3.31954919967 172.615595289 1504014767.23
17.5493263085 3.31934410487 172.614779487 1504014772.03
17.5493236491 3.3194440695 172.614779487 1504014772.68
17.550953883 3.32102941607 172.634113159 1504014778.92
17.5509640935 3.321021555 172.640212124 1504014784.93
17.5509613898 3.32112151844 172.640212124 1504014789.76
17.5509613898 3.32112151844 172.640212124 1504014790.55
17.5493988898 3.32112151844 172.640212124 1504014792.06
