17.5866 2.8196 176.65692831 1504014241.61
17.5866 2.81959478266 176.654347395 1504014243.98
17.5866051703 2.82114955342 176.649338149 1504014251.22
17.5878516129 2.82101767887 176.654694036 1504014258.49
17.5770914109 2.82105510817 176.657510133 1504014266.29
17.5847522957 2.82096796503 176.650495561 1504014274.05
17.462614507 2.82712619206 176.745114169 1504014280.85
16.7437476423 2.86165108931 177.488571786 1504014287.88
15.8493380287 2.87419768967 -179.576905213 1504014297.23
14.9650577865 2.8646428883 -179.595122853 1504014305.95
14.0967181027 2.87782759537 178.390680919 1504014314.65
13.3084272467 2.97946726336 172.177199395 1504014322.94
12.3927147775 3.30555743736 158.897256182 1504014333.24
11.5581281117 4.00151942047 142.509210491 1504014344.77
10.9779230342 4.88200740693 131.399138767 1504014354.96
10.5440578638 5.72458493957 121.631572881 1504014364.63
10.2500978464 6.70238097144 112.673609347 1504014374.58
10.0562012641 7.62022857675 108.194415282 1504014384.08
9.90213199118 8.54417572189 106.419034338 1504014393.13
9.64690617293 9.4687681879 109.389809654 1504014402.83
9.3070287685 10.2878263454 116.503574292 1504014412.03
8.77032912393 10.9414176587 128.487484428 1504014420.98
8.09697606461 11.4838388117 140.0050933 1504014430.14
7.2162805951 11.8769296876 149.466672533 1504014439.47
6.33287746037 12.1883079983 158.557067472 1504014448.97
5.39693368507 12.3499114689 169.83837371 1504014458.65
4.43533905326 12.3173829898 -179.981549895 1504014468.48
4.12106870565 12.1764932551 -178.750670185 1504014478.92
4.09033302496 12.1426632338 -178.235092445 1504014488.97
4.09885040338 12.1776796175 -178.610937369 1504014497.63
4.0972549749 12.1685345353 -178.615363409 1504014505.33
4.09810237098 12.1710401892 -178.636329805 1504014513.67
4.09880105688 12.1669296841 -178.575148654 1504014524.14
4.09900091534 12.1667783571 -178.572292551 1504014531.42
4.0900471224 12.1397083592 -178.236116873 1504014538.53
4.09035490885 12.1393538558 -178.23396628 1504014545.02
4.08732067813 12.1392922956 -178.239455816 1504014551.25
4.64112126634 12.1581084364 179.147129815 1504014558.59
5.72616105099 12.0103657296 164.964912183 1504014570.6
6.63489702369 11.845585607 154.728305191 1504014580.51
7.45755302294 11.5197407221 146.038875135 1504014589.87
8.21726236177 11.0520715872 136.213589363 1504014598.99
8.81829536395 10.5102683441 124.739811324 1504014608.05
9.3701404773 9.82253340407 114.4525197 1504014617.29
9.80737240503 9.07922866747 109.045736228 1504014626.11
10.1294886093 8.22781043055 106.317485991 1504014635.29
10.4053669739 7.3775607006 108.368674172 1504014644.3
10.6669111286 6.51766027729 112.893121558 1504014653.34
10.9786828682 5.71274791886 121.493122895 1504014662.38
11.3639099319 5.00099727325 134.683377273 1504014671.87
11.8698380518 4.37917426494 152.832381901 1504014681.84
12.5152964943 3.90798404295 169.888568728 1504014691.8
13.3852339063 3.60798403873 -178.835086566 1504014701.94
14.4532906787 3.47837130644 -176.756719421 1504014713.11
15.3819424264 3.44977659068 179.798892895 1504014722.53
16.3164660307 3.43508243528 174.4709553 1504014732.04
17.3190521947 3.35284891142 171.404932016 1504014742.21
17.5214594934 3.33587427118 171.107272137 1504014751.86
17.5536096953 3.32792510353 171.141801026 1504014760.44
17.5520325742 3.32938978655 171.144415864 1504014766.9
17.5520313757 3.32782190379 171.142296887 1504014773.34
17.5520261855 3.32938361706 171.141114678 1504014779.82
17.5535844362 3.32938638321 171.139483278 1504014786.06
17.5520218514 3.32792388318 171.139483278 1504014792.04
