# SLAM - pose_x pose_y orientation time
0 16.6650674075 3.00181707414 -3.1320859739594784 1504013463.86
1 16.6630289572 3.00084343576 -3.13055046082487 1504013480.91
2 16.6609630908 3.09642110371 -3.0698699468054005 1504013498.77
3 16.6560345892 3.09373002618 -3.068701252277304 1504013506.69
4 16.5178983959 3.03366602841 -3.1035099185516604 1504013511.19
5 16.4668340595 3.04947238757 -3.106871715923769 1504013511.98
6 16.3315603758 3.0716034547 -3.105554127043025 1504013513.16
7 16.1873749398 3.09072726086 -3.1019063627264183 1504013514.4
8 16.0912832404 3.08223402657 -3.109108054186184 1504013515.59
9 15.9425904975 3.07817956853 -3.117408530417447 1504013516.91
10 15.8405943413 3.07336990333 -3.11975563547724 1504013517.99
11 15.7504520812 3.05742347457 -3.1345594205938445 1504013519.17
12 15.6452165846 3.05050543048 -3.131845245425594 1504013520.37
13 15.5302771203 3.05995616075 3.139857803312081 1504013521.58
14 15.4096477379 3.03808323304 3.1254526173976185 1504013522.79
15 15.27649576 3.04437458419 3.1222974878132708 1504013524.11
16 15.1999260018 3.04783722635 3.121533023094015 1504013525.17
17 14.8104787205 3.09474800214 -3.1279428565777563 1504013529.2
18 14.7572640911 3.09478177782 -3.1283021093739465 1504013529.68
19 14.6097693312 3.05949571816 3.1129037295543904 1504013530.89
20 14.5071835775 3.09325037314 3.121282770211135 1504013531.97
21 14.402248202 3.05608189201 3.084669866139885 1504013533.17
22 14.2586369774 3.08036939815 3.099762203888821 1504013534.49
23 14.1286560596 3.1081778263 3.0841358385507673 1504013535.63
24 14.0549999954 3.09457789346 3.0838845952109897 1504013536.77
25 13.9001680794 3.10651947638 3.064511004094273 1504013538.09
26 13.7912931535 3.07550277046 3.039217067606873 1504013539.27
27 13.6965657094 3.10284556964 3.0443384745149156 1504013540.47
28 13.5532455913 3.14739256519 3.047711687998395 1504013541.68
29 13.4982368961 3.14666441221 3.042267638041299 1504013542.83
30 13.3651867115 3.12278063081 3.004532455024785 1504013544.09
31 13.2472085904 3.1123523624 2.981416145162946 1504013545.22
32 13.1274236071 3.17301026923 2.960693548540818 1504013546.59
33 13.0213770007 3.12818433215 2.9481149840265606 1504013547.74
34 12.8860408315 3.12558349428 2.9249758407377024 1504013548.87
35 12.7992124845 3.14734502175 2.876982677203342 1504013550.26
36 12.7099585762 3.11682501006 2.8608669138984877 1504013551.29
37 12.5603640552 3.13620142883 2.842013258861761 1504013552.36
38 12.4544105089 3.17349606953 2.795722676858344 1504013553.78
39 12.430255593 3.21843413813 2.7685403334600074 1504013554.82
40 12.2228218882 3.25169743751 2.7706776408505465 1504013556.17
41 11.9686746898 3.37903038205 2.7017316317627738 1504013559.57
42 11.944312424 3.39537420331 2.6928312183931715 1504013559.9
43 11.8016917866 3.34942535347 2.6425798702054295 1504013560.85
44 11.7160635085 3.34354015549 2.601446485721816 1504013562.21
45 11.6370163103 3.37516929408 2.5819427076687593 1504013563.28
46 11.5695111476 3.45099867939 2.5686512909628196 1504013564.61
47 11.4854776728 3.50178531276 2.530241586256778 1504013565.67
48 11.3704538193 3.48451355945 2.5017333046541674 1504013566.89
49 11.2725735752 3.60641888054 2.477682778198107 1504013568.27
50 11.1404750708 3.70460248863 2.460588180998738 1504013569.27
51 11.0587896117 3.70712899023 2.401251112127483 1504013570.67
52 10.9669186976 3.77008391476 2.3767555129415165 1504013571.99
53 10.8941111781 3.82239468581 2.3536235156414818 1504013573.07
54 10.7815777689 3.81247818902 2.30830213120326 1504013574.31
55 10.694577945 3.95892335343 2.307767937092278 1504013575.58
56 10.6445953798 3.97751414457 2.2674415691357614 1504013576.59
57 10.5214230606 4.07441365932 2.2294019207965263 1504013577.8
58 10.4407501151 4.1496576734 2.224699727261687 1504013579.19
59 10.3621902697 4.2305224772 2.1934212137266575 1504013580.26
60 10.2970877893 4.24659607535 2.1313467342409926 1504013581.47
61 10.2375034556 4.39544201797 2.1274277936155546 1504013582.78
62 10.2074879481 4.43686734219 2.1521440729651817 1504013583.87
63 10.1150834552 4.5178406414 2.0976636436817775 1504013585.18
64 9.99425248208 4.61977167815 2.0760774188234947 1504013586.44
65 9.86982267208 4.90598639428 1.9953589877225786 1504013589.99
66 9.84691049981 4.95742754251 1.984947222107909 1504013590.58
67 9.75686704764 5.04645189997 1.9494009202806517 1504013591.46
68 9.70905525787 5.10741107196 1.9339781895575583 1504013592.74
69 9.64986309372 5.22542887005 1.9106142244561788 1504013593.89
70 9.59672634176 5.30488231609 1.894831798478476 1504013595.19
71 9.57414770661 5.41473612943 1.915963772897701 1504013596.35
72 9.52261026022 5.57575540571 1.9001913743601493 1504013597.72
73 9.52506450709 5.63850916284 1.8832879867942496 1504013598.76
74 9.46991655134 5.79614513725 1.891181165625977 1504013600.18
75 9.422878758 5.91930154332 1.8809844209099618 1504013601.36
76 9.40108253461 5.96117011406 1.8420762425599144 1504013602.37
77 9.38306240787 6.10875845132 1.8303610458961401 1504013603.66
78 9.3299591741 6.23797258953 1.8279697991731818 1504013604.86
79 9.28998400178 6.29102145049 1.8078183458931654 1504013605.98
80 9.27322953715 6.4251326569 1.8111318766909557 1504013607.37
81 9.26961496023 6.50119016168 1.8132278510021627 1504013608.4
82 9.22651957082 6.63277494829 1.7915697499946241 1504013609.57
83 9.18067528359 6.70074848136 1.7682258269628306 1504013610.67
84 9.17511897342 6.78865964354 1.7763415574224157 1504013612.06
85 9.14452050904 6.92854032088 1.7752862547367056 1504013613.19
86 9.09955793414 7.03779264362 1.7656131310666903 1504013614.58
87 9.10130976942 7.14928599486 1.7746669634503047 1504013615.9
88 9.08213664821 7.32853355336 1.7993582785353366 1504013616.97
89 9.01150726741 7.5775053341 1.80166354238064 1504013620.83
90 8.99952341137 7.62692645924 1.8068859468150136 1504013621.3
91 9.04568267913 7.75251463103 1.851914372310314 1504013622.07
92 9.01940407185 7.79567615675 1.8394282118447485 1504013623.28
93 9.00272328263 7.9965441087 1.8614670516987675 1504013624.48
94 8.95183555661 8.18160928026 1.8712248529495967 1504013625.68
95 8.96756020931 8.26411805372 1.906590744298319 1504013626.94
96 8.91805148989 8.30518737784 1.8767073070442877 1504013628.08
97 8.9192562509 8.3821736202 1.9344108585117235 1504013629.29
98 8.9163332645 8.58633824332 1.9565993306435971 1504013630.6
99 8.82500082843 8.63345859741 1.9306035412214473 1504013631.74
100 8.75017525212 8.73519903036 1.9245187850149212 1504013633.0
101 8.80587298791 8.84199083389 1.956777249839158 1504013634.2
102 8.79255709844 8.92313067446 1.986205534161828 1504013635.47
103 8.74661281407 9.06904053962 2.004622180622831 1504013636.54
104 8.73475514007 9.14728618319 2.0379125749277813 1504013637.79
105 8.71548464738 9.26365714315 2.0498833476413876 1504013638.98
106 8.66116927646 9.38122404844 2.070845487352319 1504013640.2
107 8.60991022242 9.44488561618 2.0689457818953905 1504013641.4
108 8.55919422642 9.60727625212 2.097567361040248 1504013642.6
109 8.54543795202 9.66270105851 2.104071308698643 1504013643.81
110 8.4543660988 9.75556769416 2.0844347841489923 1504013644.98
111 8.43990835062 9.8312192224 2.1147658030960894 1504013646.25
112 8.37664071079 9.99991829839 2.1440881261934894 1504013647.45
113 8.21849475449 10.2410950514 2.1595153261462916 1504013650.81
114 8.1978516241 10.2719782264 2.1638014892474313 1504013651.19
115 8.17762297367 10.3809324128 2.2081012483844975 1504013652.13
116 8.1651380558 10.5054697623 2.2340706975768287 1504013653.44
117 8.07105497372 10.5580280984 2.2241486025493895 1504013654.72
118 7.95973723576 10.6968846417 2.212906903693492 1504013655.93
119 7.9548113002 10.7740507976 2.249286824932264 1504013657.1
120 7.87344439977 10.9485276778 2.295933944837313 1504013658.51
121 7.81677021891 10.9727595083 2.2724083919527023 1504013659.53
122 7.72332463092 11.072514839 2.259302085949334 1504013660.73
123 7.67708868192 11.1528032487 2.288364305159037 1504013661.98
124 7.55759334879 11.2538670677 2.293106977294913 1504013663.23
125 7.54293225826 11.3376529423 2.3262590594053636 1504013664.31
126 7.47096991898 11.4029614513 2.318983435973016 1504013665.51
127 7.44106521587 11.5109247969 2.3586307682775067 1504013666.82
128 7.29781200418 11.5954774396 2.352431153680783 1504013668.09
129 7.25080330915 11.6643535612 2.3702115408167566 1504013669.25
130 7.14344827828 11.7675022316 2.3911003969449243 1504013670.43
131 7.10578455514 11.8418980235 2.405853944818498 1504013671.63
132 7.074812139 11.9220098167 2.428596239418094 1504013672.73
133 7.01760755171 11.9980363954 2.459289164690164 1504013673.96
134 6.87518304231 12.1020775285 2.4914652668161335 1504013675.42
135 6.87094776552 12.1724648159 2.517576660756736 1504013676.44
136 6.77741745823 12.2509263596 2.5280235878617825 1504013677.76
137 6.41321692388 12.523770142 2.6686210326205306 1504013683.16
138 6.36686051161 12.5472644592 2.6844968158759506 1504013683.75
139 6.2935270746 12.6880983331 2.7289630193494236 1504013684.55
140 6.22016685107 12.6918426241 2.718725402722425 1504013685.67
141 6.16837523984 12.8111147381 2.7970597543298625 1504013686.93
142 6.10270807116 12.8790403149 2.826570302041565 1504013688.13
143 5.97920704346 12.9365858234 2.8438053368101297 1504013689.33
144 5.93586876319 12.9667037922 2.866381939938544 1504013690.56
145 5.77467915103 12.9729137193 2.8835115683743684 1504013691.72
146 5.68355887681 13.0692681484 2.923142455558328 1504013692.94
147 5.5514478184 13.1428558847 2.9548604876270783 1504013694.13
148 5.44910126788 13.204486308 2.9797478093481207 1504013695.4
149 5.42371363467 13.2368199845 2.9959717753347914 1504013696.49


# GT - pose_x pose_y orientation time
0 16.6654 3.002 -3.13239 1504013463.8724988
1 16.663 3.0008 -3.13049 1504013480.9136865
2 16.6651 3.0023 -3.13219 1504013498.794079
3 16.6597 3.0001 -3.13129 1504013506.7144237
4 16.5098 2.9926 -3.13419 1504013511.2137852
5 16.426 2.993 -3.13619 1504013511.9976106
6 16.3141 2.9951 -3.13999 1504013513.1328592
7 16.1856 2.9985 3.1391 1504013514.3962893
8 16.0599 2.9988 3.1303 1504013515.5987768
9 15.9285 2.9989 3.1286 1504013516.9147866
10 15.8259 2.9979 3.1263 1504013517.995448
11 15.7044 2.9978 3.1231 1504013519.1965868
12 15.5844 3.0011 3.1194 1504013520.3990695
13 15.4653 3.003 3.1152 1504013521.5969343
14 15.3472 3.007 3.1112 1504013522.7941778
15 15.2161 3.0118 3.1056 1504013524.1130743
16 15.1092 3.0164 3.1034 1504013525.1987486
17 14.7178 3.0346 3.0934 1504013529.2116075
18 14.6641 3.0379 3.0932 1504013529.6952069
19 14.5469 3.0462 3.0903 1504013530.8933237
20 14.4407 3.0501 3.0854 1504013531.973311
21 14.319 3.0572 3.0789 1504013533.176433
22 14.1841 3.0653 3.0686 1504013534.4949841
23 14.0676 3.074 3.0585 1504013535.6318169
24 13.9553 3.0835 3.0485 1504013536.7730227
25 13.8265 3.0958 3.0371 1504013538.0951126
26 13.7123 3.1079 3.0275 1504013539.2946963
27 13.5952 3.1226 3.017 1504013540.4927921
28 13.4791 3.1388 3.0059 1504013541.6922946
29 13.3679 3.1533 2.9945 1504013542.8355243
30 13.2479 3.1716 2.9796 1504013544.0945382
31 13.1322 3.1924 2.9649 1504013545.2312298
32 13.0031 3.221 2.946 1504013546.6116917
33 12.8884 3.2431 2.9279 1504013547.7560892
34 12.784 3.2664 2.9111 1504013548.8945305
35 12.6567 3.2973 2.886 1504013550.2737927
36 12.5643 3.3227 2.8657 1504013551.2916245
37 12.4713 3.352 2.8432 1504013552.3760128
38 12.3487 3.3943 2.8121 1504013553.7579703
39 12.2554 3.4287 2.7885 1504013554.8316283
40 12.1437 3.4736 2.7606 1504013556.1541266
41 11.8545 3.6025 2.685 1504013559.5712848
42 11.8332 3.6179 2.677 1504013559.8737555
43 11.7527 3.6555 2.6545 1504013560.8329587
44 11.6441 3.7139 2.621 1504013562.2131238
45 11.5602 3.7649 2.5943 1504013563.2944927
46 11.4607 3.8274 2.5617 1504013564.613261
47 11.3753 3.885 2.5334 1504013565.6913104
48 11.2887 3.9476 2.5045 1504013566.893979
49 11.1873 4.0266 2.4707 1504013568.2750964
50 11.1179 4.085 2.4472 1504013569.2928882
51 11.0181 4.1707 2.4132 1504013570.671221
52 10.9291 4.2526 2.3835 1504013571.9952195
53 10.8581 4.3222 2.3599 1504013573.0748606
54 10.7779 4.4017 2.3324 1504013574.3326435
55 10.6921 4.4939 2.302 1504013575.593973
56 10.6356 4.5583 2.2796 1504013576.6138787
57 10.5633 4.6477 2.2504 1504013577.814621
58 10.4885 4.7448 2.2208 1504013579.1964064
59 10.4294 4.8258 2.1974 1504013580.27071
60 10.3734 4.9149 2.1704 1504013581.4725237
61 10.2996 5.0238 2.1463 1504013582.7975664
62 10.2495 5.1053 2.1277 1504013583.8740122
63 10.1866 5.2093 2.1046 1504013585.1945844
64 10.1288 5.3125 2.0803 1504013586.4511695
65 9.9723 5.615 2.013 1504013589.9949708
66 9.9481 5.6669 2.0024 1504013590.5943794
67 9.9143 5.7416 1.989 1504013591.433159
68 9.8626 5.8559 1.9694 1504013592.7508678
69 9.8194 5.9569 1.9543 1504013593.8956525
70 9.7685 6.0763 1.9366 1504013595.2150216
71 9.7262 6.1839 1.9212 1504013596.3510408
72 9.6791 6.3172 1.9034 1504013597.7310185
73 9.6486 6.4105 1.8921 1504013598.7537904
74 9.605 6.5491 1.8752 1504013600.194848
75 9.5744 6.6554 1.8633 1504013601.3325486
76 9.5498 6.7486 1.8551 1504013602.3520794
77 9.5152 6.8733 1.8444 1504013603.675477
78 9.4834 6.9955 1.8305 1504013604.876978
79 9.4613 7.0858 1.8301 1504013605.9514437
80 9.4232 7.2283 1.8231 1504013607.3908732
81 9.3941 7.3286 1.8188 1504013608.4136367
82 9.3626 7.4447 1.8144 1504013609.5541391
83 9.3388 7.5506 1.8092 1504013610.691067
84 9.3059 7.6851 1.8071 1504013612.0731223
85 9.2788 7.7976 1.8102 1504013613.2124035
86 9.2455 7.93 1.818 1504013614.5950475
87 9.2138 8.0541 1.8266 1504013615.9163587
88 9.1877 8.1547 1.835 1504013616.9901862
89 9.0883 8.5158 1.8691 1504013620.8335013
90 9.073 8.5642 1.8743 1504013621.3113499
91 9.048 8.6443 1.8839 1504013622.0915499
92 9.0083 8.7625 1.8986 1504013623.2904308
93 8.9719 8.8677 1.912 1504013624.4925535
94 8.9317 8.9758 1.9259 1504013625.6939385
95 8.8843 9.0945 1.9415 1504013626.9549112
96 8.8449 9.1909 1.9558 1504013628.0899146
97 8.7993 9.2967 1.9724 1504013629.292078
98 8.749 9.4104 1.9929 1504013630.6148846
99 8.7036 9.5071 2.0119 1504013631.754805
100 8.651 9.6124 2.0349 1504013633.0097487
101 8.5939 9.7182 2.0566 1504013634.2114744
102 8.5355 9.8234 2.08 1504013635.4733312
103 8.4809 9.9144 2.0992 1504013636.5547185
104 8.4201 10.0137 2.1205 1504013637.8098145
105 8.3603 10.1065 2.1403 1504013638.955268
106 8.2944 10.2063 2.162 1504013640.2135332
107 8.2304 10.299 2.1811 1504013641.4118574
108 8.1648 10.391 2.201 1504013642.6096587
109 8.0945 10.4862 2.2211 1504013643.8096867
110 8.0269 10.5736 2.2393 1504013644.9592018
111 7.9472 10.6728 2.2593 1504013646.271852
112 7.8726 10.7618 2.2762 1504013647.4697866
113 7.6571 11.0048 2.3178 1504013650.8315225
114 7.6329 11.0309 2.3219 1504013651.196093
115 7.5689 11.0997 2.3326 1504013652.1530867
116 7.4831 11.1898 2.3473 1504013653.410086
117 7.3889 11.2844 2.3616 1504013654.732325
118 7.3018 11.3697 2.375 1504013655.9319506
119 7.2217 11.4465 2.3872 1504013657.0710788
120 7.1152 11.5467 2.402 1504013658.5095336
121 7.0439 11.6103 2.4122 1504013659.5313182
122 6.9545 11.6883 2.4249 1504013660.7320118
123 6.862 11.769 2.4376 1504013661.994927
124 6.7666 11.8492 2.4504 1504013663.2494807
125 6.682 11.9159 2.4634 1504013664.3324146
126 6.5889 11.9883 2.4787 1504013665.532514
127 6.4921 12.0603 2.4942 1504013666.7946568
128 6.3864 12.1349 2.5123 1504013668.1094353
129 6.2966 12.1966 2.5289 1504013669.251511
130 6.2034 12.2599 2.5469 1504013670.4527378
131 6.1095 12.3218 2.5672 1504013671.65118
132 6.0245 12.3765 2.5881 1504013672.729379
133 5.9293 12.434 2.6131 1504013673.9316077
134 5.8056 12.502 2.6479 1504013675.434609
135 5.7226 12.5442 2.6728 1504013676.4512708
136 5.6126 12.5967 2.7056 1504013677.7698655
137 5.1588 12.7707 2.8474 1504013683.1730142
138 5.1082 12.7858 2.8635 1504013683.7701793
139 5.0441 12.8034 2.8843 1504013684.55445
140 4.9471 12.8267 2.9152 1504013685.6894572
141 4.8409 12.8511 2.9497 1504013686.95364
142 4.7348 12.8763 2.9755 1504013688.155432
143 4.6301 12.8879 3.0111 1504013689.3545296
144 4.5217 12.898 3.0406 1504013690.5516703
145 4.4208 12.912 3.0663 1504013691.6894395
146 4.2914 12.9164 3.0883 1504013692.9549942
147 4.1772 12.9287 3.1021 1504013694.154145
148 4.036 12.9265 3.1105 1504013695.4095447
149 4.0074 12.9277 3.1109 1504013696.4897354


# Displacement and sum and time
0 0.0004242438750919281 0.0004242438750919281 1504013480.91
1 -0.09301929412879564 -0.09259505025370371 1504013498.77
2 0.00021561341050791404 -0.0923794368431958 1504013506.69
3 -0.0005421430830020446 -0.09292157992619784 1504013511.19
4 0.030346231359836683 -0.06257534856636116 1504013511.98
5 -0.025152371236956655 -0.08772771980331781 1504013513.16
6 -0.01690316212422499 -0.1046308819275428 1504013514.4
7 0.029234044069674392 -0.07539683785786841 1504013515.59
8 -0.01734797175384467 -0.09274480961171308 1504013516.91
9 0.0004953792081186514 -0.09224943040359443 1504013517.99
10 0.029958161959542873 -0.062291268444051556 1504013519.17
11 0.014582723376482823 -0.04770854506756873 1504013520.37
12 0.0037878082773348948 -0.04392073679023384 1504013521.58
13 -0.004428662151696003 -0.04834939894192984 1504013522.79
14 -0.0021126838984304175 -0.05046208284036026 1504013524.11
15 0.030350913110942637 -0.02011116972941762 1504013525.17
16 -0.00043950037088152927 -0.02055067010029915 1504013529.2
17 0.0005866609806850498 -0.0199640091196141 1504013529.68
18 -0.03416335140494971 -0.05412736052456381 1504013530.89
19 -0.0017247731322622 -0.05585213365682601 1504013531.97
20 0.010583398618945222 -0.045268735037880786 1504013533.17
21 -0.01050753397442486 -0.055776269012305646 1504013534.49
22 -0.016097938843607065 -0.07187420785591271 1504013535.63
23 0.0378000145711732 -0.03407419328473951 1504013536.77
24 -0.02590576414610865 -0.05997995743084816 1504013538.09
25 0.0016324090894968696 -0.058347548341351294 1504013539.27
26 0.019424353757486024 -0.03892319458386527 1504013540.47
27 -0.03285882950943236 -0.07178202409329763 1504013541.68
28 0.05712786968728572 -0.014654154406011914 1504013542.83
29 -0.013789516485899739 -0.028443670891911653 1504013544.09
30 -0.0008833140127372102 -0.029326984904648863 1504013545.22
31 -0.0020377430728204526 -0.031364727977469316 1504013546.59
32 0.0016782390879584441 -0.02968648888951087 1504013547.74
33 -0.028392704544933603 -0.058079193434444475 1504013548.87
34 0.04148273395058735 -0.016596459483857122 1504013550.26
35 0.0014997671906397392 -0.015096692293217383 1504013551.29
36 -0.05333782016466433 -0.06843451245788171 1504013552.36
37 0.017366518619317137 -0.05106799383856457 1504013553.78
38 0.04842115443973209 -0.002646839398832479 1504013554.82
39 -0.08969730552878036 -0.09234414492761284 1504013556.17
40 0.03236444205948452 -0.059979702868128315 1504013559.57
41 -0.0030526492325779545 -0.06303235210070626 1504013559.9
42 -0.06099148301841584 -0.1240238351191221 1504013560.85
43 0.037476326217728506 -0.0865475089013936 1504013562.21
44 0.013044322374566625 -0.07350318652682697 1504013563.28
45 0.015977457369892367 -0.0575257291569346 1504013564.61
46 0.004821199422395117 -0.052704529734539485 1504013565.67
47 -0.00945683192954705 -0.062161361664086534 1504013566.89
48 -0.027795947424098216 -0.08995730908818475 1504013568.27
49 -0.0738881389112998 -0.16384544799948456 1504013569.27
50 0.049822162079905544 -0.11402328591957901 1504013570.67
51 0.00957739691248663 -0.10444588900709238 1504013571.99
52 0.009772863845126684 -0.0946730251619657 1504013573.07
53 -4.344970867492526e-05 -0.09471647487064062 1504013574.31
54 -0.04439201825869363 -0.13910849312933427 1504013575.58
55 0.0323435355284374 -0.10676495760089687 1504013576.59
56 -0.0417425542363872 -0.14850751183728406 1504013577.8
57 0.012253431891664335 -0.13625407994561972 1504013579.19
58 -0.012473343072732956 -0.14872742301835268 1504013580.26
59 0.038179533490492454 -0.11054788952786022 1504013581.47
60 -0.028778119222889365 -0.13932600875074957 1504013582.78
61 0.04451093813363071 -0.09481507061711886 1504013583.87
62 -0.0013209878205201891 -0.09613605843763905 1504013585.18
63 -0.0397985520731714 -0.13593461051081046 1504013586.44
64 0.028493164954189965 -0.1074414455566205 1504013589.99
65 0.0009516881453428966 -0.1064897574112776 1504013590.58
66 -0.04463107690170988 -0.15112083431298748 1504013591.46
67 0.04797621697987113 -0.10314461733311635 1504013592.74
68 -0.022178979959688427 -0.1253235972928048 1504013593.89
69 0.03421231679033834 -0.09111128050246645 1504013595.19
70 0.0034658138962118806 -0.08764546660625457 1504013596.35
71 -0.02768956210507703 -0.1153350287113316 1504013597.72
72 0.03535701841090165 -0.07997801030042995 1504013598.76
73 -0.02170821014296695 -0.1016862204433969 1504013600.18
74 -0.021216753666536678 -0.12290297410993357 1504013601.36
75 0.049189656628260255 -0.07371331748167331 1504013602.37
76 -0.019273204837425617 -0.09298652231909893 1504013603.66
77 -0.0134306920154309 -0.10641721433452983 1504013604.86
78 0.02654068380968308 -0.07987653052484675 1504013605.98
79 0.012351738488224462 -0.06752479203662229 1504013607.37
80 0.028292758476668067 -0.03923203355995422 1504013608.4
81 -0.018164774523637975 -0.057396808083592196 1504013609.57
82 0.02655305370980919 -0.030843754373783006 1504013610.67
83 0.050378797897980845 0.01953504352419784 1504013612.06
84 -0.02747021312160121 -0.007935169597403369 1504013613.19
85 0.018380717500210295 0.010445547902806926 1504013614.58
86 0.0165776243611995 0.027023172264006426 1504013615.9
87 -0.0763394616844396 -0.049316289420433174 1504013616.97
88 0.11573496465287908 0.0664186752324459 1504013620.83
89 -9.260940798810208e-05 0.0663260658244578 1504013621.3
90 -0.049891616261211136 0.01643444956324666 1504013622.07
91 0.07415693810376803 0.09059138766701469 1504013623.28
92 -0.09024001757419732 0.00035137009281736853 1504013624.48
93 -0.07660126758200408 -0.07624989748918672 1504013625.68
94 0.04382029926544505 -0.03242959822374167 1504013626.94
95 0.039815111713624785 0.0073855134898831165 1504013628.08
96 0.03821283816906072 0.04559835165894384 1504013629.29
97 -0.07985622521297644 -0.034257873554032606 1504013630.6
98 0.004055889398083393 -0.030201984155949213 1504013631.74
99 -0.008586613553846184 -0.0387885977097954 1504013633.0
100 -0.0002188777998299446 -0.03900747550962534 1504013634.2
101 0.038097679898181275 -0.000909795611444067 1504013635.47
102 -0.04684911099576916 -0.04775890660721323 1504013636.54
103 0.03729606489250149 -0.010462841714711735 1504013637.79
104 -0.007556989521246185 -0.01801983123595792 1504013638.98
105 -0.009912761210474297 -0.027932592446432217 1504013640.2
106 0.03091373319904059 0.0029811407526083716 1504013641.4
107 -0.05713318344009331 -0.05415204268748494 1504013642.6
108 0.06123684274647944 0.007084800058994499 1504013643.81
109 -0.019578172629883026 -0.012493372570888527 1504013644.98
110 0.050230010222014704 0.03773663765112618 1504013646.25
111 -0.06404269135319827 -0.026306053702072098 1504013647.45
112 0.03638794925818839 0.010081895556116292 1504013650.81
113 -0.001554294491997163 0.00852760106411913 1504013651.19
114 -0.016851022714815256 -0.008323421650696126 1504013652.13
115 -0.000744352357982106 -0.009067774008678232 1504013653.44
116 0.02573376667194066 0.01666599266326243 1504013654.72
117 -0.05605662246276194 -0.03939062979949951 1504013655.93
118 0.03364636974135521 -0.005744260058144303 1504013657.1
119 -0.046290048989726135 -0.05203430904787044 1504013658.51
120 0.03390676924652199 -0.01812753980134845 1504013659.53
121 -0.01804268020187741 -0.03617022000322586 1504013660.73
122 0.030104962392183063 -0.006065257611042797 1504013661.98
123 -0.031870233408024584 -0.03793549101906738 1504013663.23
124 0.02267245604192933 -0.015263034977138053 1504013664.31
125 0.02075888114270305 0.005495846165564998 1504013665.51
126 0.008612497530970445 0.014108343696535443 1504013666.82
127 -0.03697084886467095 -0.022862505168135504 1504013668.09
128 0.02556472431186503 0.002702219143729527 1504013669.25
129 -0.03621451701494004 -0.03351229787121051 1504013670.43
130 0.02908058379350799 -0.004431714077702521 1504013671.63
131 0.015189052334951908 0.010757338257249387 1504013672.73
132 0.01607317979126688 0.026830518048516265 1504013673.96
133 -0.03521989547833182 -0.008389377429815555 1504013675.42
134 0.022597382804464175 0.01420800537464862 1504013676.44
135 -0.00019626379044758446 0.014011741584201036 1504013677.76
136 0.030948092709409014 0.04495983429361005 1504013683.16
137 0.0008348359107379771 0.04579467020434803 1504013683.75
138 -0.09231046058980032 -0.04651579038545229 1504013684.55
139 0.026303444672055865 -0.020212345713396425 1504013685.67
140 -0.021064598587481498 -0.04127694430087792 1504013686.93
141 0.014573759777215603 -0.02670318452366232 1504013688.13
142 -0.030909093779212346 -0.057612278302874666 1504013689.33
143 0.05609358099770605 -0.001518697305168619 1504013690.56
144 -0.05944255991150209 -0.06096125721667071 1504013691.72
145 -0.0031415048392112455 -0.06410276205588195 1504013692.94
146 -0.03636282016013821 -0.10046558221602016 1504013694.13
147 0.021746951198459263 -0.0787186310175609 1504013695.4
148 -0.012484428264539198 -0.0912030592821001 1504013696.49


# Displacement abs and sum and time
0 0.0004242438750919281 0.0004242438750919281 1504013480.91 Gmapping
1 0.09301929412879564 0.09344353800388758 1504013498.77 Gmapping
2 0.00021561341050791404 0.09365915141439549 1504013506.69 Gmapping
3 0.0005421430830020446 0.09420129449739753 1504013511.19 Gmapping
4 0.030346231359836683 0.12454752585723422 1504013511.98 Gmapping
5 0.025152371236956655 0.14969989709419088 1504013513.16 Gmapping
6 0.01690316212422499 0.16660305921841587 1504013514.4 Gmapping
7 0.029234044069674392 0.19583710328809026 1504013515.59 Gmapping
8 0.01734797175384467 0.21318507504193493 1504013516.91 Gmapping
9 0.0004953792081186514 0.21368045425005358 1504013517.99 Gmapping
10 0.029958161959542873 0.24363861620959645 1504013519.17 Gmapping
11 0.014582723376482823 0.2582213395860793 1504013520.37 Gmapping
12 0.0037878082773348948 0.26200914786341417 1504013521.58 Gmapping
13 0.004428662151696003 0.2664378100151102 1504013522.79 Gmapping
14 0.0021126838984304175 0.2685504939135406 1504013524.11 Gmapping
15 0.030350913110942637 0.2989014070244832 1504013525.17 Gmapping
16 0.00043950037088152927 0.29934090739536473 1504013529.2 Gmapping
17 0.0005866609806850498 0.2999275683760498 1504013529.68 Gmapping
18 0.03416335140494971 0.3340909197809995 1504013530.89 Gmapping
19 0.0017247731322622 0.3358156929132617 1504013531.97 Gmapping
20 0.010583398618945222 0.34639909153220694 1504013533.17 Gmapping
21 0.01050753397442486 0.35690662550663177 1504013534.49 Gmapping
22 0.016097938843607065 0.3730045643502388 1504013535.63 Gmapping
23 0.0378000145711732 0.41080457892141203 1504013536.77 Gmapping
24 0.02590576414610865 0.43671034306752066 1504013538.09 Gmapping
25 0.0016324090894968696 0.4383427521570175 1504013539.27 Gmapping
26 0.019424353757486024 0.45776710591450354 1504013540.47 Gmapping
27 0.03285882950943236 0.4906259354239359 1504013541.68 Gmapping
28 0.05712786968728572 0.5477538051112216 1504013542.83 Gmapping
29 0.013789516485899739 0.5615433215971214 1504013544.09 Gmapping
30 0.0008833140127372102 0.5624266356098586 1504013545.22 Gmapping
31 0.0020377430728204526 0.5644643786826791 1504013546.59 Gmapping
32 0.0016782390879584441 0.5661426177706375 1504013547.74 Gmapping
33 0.028392704544933603 0.594535322315571 1504013548.87 Gmapping
34 0.04148273395058735 0.6360180562661584 1504013550.26 Gmapping
35 0.0014997671906397392 0.6375178234567981 1504013551.29 Gmapping
36 0.05333782016466433 0.6908556436214625 1504013552.36 Gmapping
37 0.017366518619317137 0.7082221622407796 1504013553.78 Gmapping
38 0.04842115443973209 0.7566433166805117 1504013554.82 Gmapping
39 0.08969730552878036 0.846340622209292 1504013556.17 Gmapping
40 0.03236444205948452 0.8787050642687765 1504013559.57 Gmapping
41 0.0030526492325779545 0.8817577135013545 1504013559.9 Gmapping
42 0.06099148301841584 0.9427491965197703 1504013560.85 Gmapping
43 0.037476326217728506 0.9802255227374987 1504013562.21 Gmapping
44 0.013044322374566625 0.9932698451120654 1504013563.28 Gmapping
45 0.015977457369892367 1.0092473024819577 1504013564.61 Gmapping
46 0.004821199422395117 1.0140685019043527 1504013565.67 Gmapping
47 0.00945683192954705 1.0235253338338999 1504013566.89 Gmapping
48 0.027795947424098216 1.0513212812579982 1504013568.27 Gmapping
49 0.0738881389112998 1.125209420169298 1504013569.27 Gmapping
50 0.049822162079905544 1.1750315822492035 1504013570.67 Gmapping
51 0.00957739691248663 1.18460897916169 1504013571.99 Gmapping
52 0.009772863845126684 1.1943818430068167 1504013573.07 Gmapping
53 4.344970867492526e-05 1.1944252927154917 1504013574.31 Gmapping
54 0.04439201825869363 1.2388173109741853 1504013575.58 Gmapping
55 0.0323435355284374 1.2711608465026227 1504013576.59 Gmapping
56 0.0417425542363872 1.31290340073901 1504013577.8 Gmapping
57 0.012253431891664335 1.3251568326306742 1504013579.19 Gmapping
58 0.012473343072732956 1.3376301757034073 1504013580.26 Gmapping
59 0.038179533490492454 1.3758097091938997 1504013581.47 Gmapping
60 0.028778119222889365 1.404587828416789 1504013582.78 Gmapping
61 0.04451093813363071 1.4490987665504196 1504013583.87 Gmapping
62 0.0013209878205201891 1.4504197543709398 1504013585.18 Gmapping
63 0.0397985520731714 1.4902183064441112 1504013586.44 Gmapping
64 0.028493164954189965 1.5187114713983012 1504013589.99 Gmapping
65 0.0009516881453428966 1.519663159543644 1504013590.58 Gmapping
66 0.04463107690170988 1.564294236445354 1504013591.46 Gmapping
67 0.04797621697987113 1.6122704534252252 1504013592.74 Gmapping
68 0.022178979959688427 1.6344494333849138 1504013593.89 Gmapping
69 0.03421231679033834 1.668661750175252 1504013595.19 Gmapping
70 0.0034658138962118806 1.672127564071464 1504013596.35 Gmapping
71 0.02768956210507703 1.699817126176541 1504013597.72 Gmapping
72 0.03535701841090165 1.7351741445874425 1504013598.76 Gmapping
73 0.02170821014296695 1.7568823547304093 1504013600.18 Gmapping
74 0.021216753666536678 1.778099108396946 1504013601.36 Gmapping
75 0.049189656628260255 1.8272887650252063 1504013602.37 Gmapping
76 0.019273204837425617 1.8465619698626319 1504013603.66 Gmapping
77 0.0134306920154309 1.8599926618780627 1504013604.86 Gmapping
78 0.02654068380968308 1.8865333456877458 1504013605.98 Gmapping
79 0.012351738488224462 1.8988850841759701 1504013607.37 Gmapping
80 0.028292758476668067 1.9271778426526383 1504013608.4 Gmapping
81 0.018164774523637975 1.9453426171762762 1504013609.57 Gmapping
82 0.02655305370980919 1.9718956708860853 1504013610.67 Gmapping
83 0.050378797897980845 2.022274468784066 1504013612.06 Gmapping
84 0.02747021312160121 2.0497446819056675 1504013613.19 Gmapping
85 0.018380717500210295 2.068125399405878 1504013614.58 Gmapping
86 0.0165776243611995 2.0847030237670774 1504013615.9 Gmapping
87 0.0763394616844396 2.161042485451517 1504013616.97 Gmapping
88 0.11573496465287908 2.276777450104396 1504013620.83 Gmapping
89 9.260940798810208e-05 2.276870059512384 1504013621.3 Gmapping
90 0.049891616261211136 2.326761675773595 1504013622.07 Gmapping
91 0.07415693810376803 2.400918613877363 1504013623.28 Gmapping
92 0.09024001757419732 2.4911586314515604 1504013624.48 Gmapping
93 0.07660126758200408 2.5677598990335646 1504013625.68 Gmapping
94 0.04382029926544505 2.6115801982990097 1504013626.94 Gmapping
95 0.039815111713624785 2.6513953100126346 1504013628.08 Gmapping
96 0.03821283816906072 2.689608148181695 1504013629.29 Gmapping
97 0.07985622521297644 2.7694643733946718 1504013630.6 Gmapping
98 0.004055889398083393 2.773520262792755 1504013631.74 Gmapping
99 0.008586613553846184 2.7821068763466013 1504013633.0 Gmapping
100 0.0002188777998299446 2.7823257541464312 1504013634.2 Gmapping
101 0.038097679898181275 2.8204234340446126 1504013635.47 Gmapping
102 0.04684911099576916 2.8672725450403815 1504013636.54 Gmapping
103 0.03729606489250149 2.904568609932883 1504013637.79 Gmapping
104 0.007556989521246185 2.9121255994541295 1504013638.98 Gmapping
105 0.009912761210474297 2.9220383606646037 1504013640.2 Gmapping
106 0.03091373319904059 2.952952093863644 1504013641.4 Gmapping
107 0.05713318344009331 3.0100852773037374 1504013642.6 Gmapping
108 0.06123684274647944 3.0713221200502168 1504013643.81 Gmapping
109 0.019578172629883026 3.0909002926800997 1504013644.98 Gmapping
110 0.050230010222014704 3.1411303029021145 1504013646.25 Gmapping
111 0.06404269135319827 3.205172994255313 1504013647.45 Gmapping
112 0.03638794925818839 3.2415609435135013 1504013650.81 Gmapping
113 0.001554294491997163 3.2431152380054984 1504013651.19 Gmapping
114 0.016851022714815256 3.2599662607203137 1504013652.13 Gmapping
115 0.000744352357982106 3.2607106130782957 1504013653.44 Gmapping
116 0.02573376667194066 3.2864443797502365 1504013654.72 Gmapping
117 0.05605662246276194 3.3425010022129986 1504013655.93 Gmapping
118 0.03364636974135521 3.376147371954354 1504013657.1 Gmapping
119 0.046290048989726135 3.42243742094408 1504013658.51 Gmapping
120 0.03390676924652199 3.456344190190602 1504013659.53 Gmapping
121 0.01804268020187741 3.4743868703924794 1504013660.73 Gmapping
122 0.030104962392183063 3.5044918327846624 1504013661.98 Gmapping
123 0.031870233408024584 3.536362066192687 1504013663.23 Gmapping
124 0.02267245604192933 3.559034522234616 1504013664.31 Gmapping
125 0.02075888114270305 3.579793403377319 1504013665.51 Gmapping
126 0.008612497530970445 3.5884059009082896 1504013666.82 Gmapping
127 0.03697084886467095 3.6253767497729603 1504013668.09 Gmapping
128 0.02556472431186503 3.650941474084825 1504013669.25 Gmapping
129 0.03621451701494004 3.687155991099765 1504013670.43 Gmapping
130 0.02908058379350799 3.7162365748932733 1504013671.63 Gmapping
131 0.015189052334951908 3.731425627228225 1504013672.73 Gmapping
132 0.01607317979126688 3.747498807019492 1504013673.96 Gmapping
133 0.03521989547833182 3.7827187024978235 1504013675.42 Gmapping
134 0.022597382804464175 3.805316085302288 1504013676.44 Gmapping
135 0.00019626379044758446 3.8055123490927354 1504013677.76 Gmapping
136 0.030948092709409014 3.8364604418021444 1504013683.16 Gmapping
137 0.0008348359107379771 3.8372952777128826 1504013683.75 Gmapping
138 0.09231046058980032 3.929605738302683 1504013684.55 Gmapping
139 0.026303444672055865 3.955909182974739 1504013685.67 Gmapping
140 0.021064598587481498 3.9769737815622204 1504013686.93 Gmapping
141 0.014573759777215603 3.991547541339436 1504013688.13 Gmapping
142 0.030909093779212346 4.022456635118648 1504013689.33 Gmapping
143 0.05609358099770605 4.078550216116354 1504013690.56 Gmapping
144 0.05944255991150209 4.137992776027856 1504013691.72 Gmapping
145 0.0031415048392112455 4.1411342808670675 1504013692.94 Gmapping
146 0.03636282016013821 4.177497101027206 1504013694.13 Gmapping
147 0.021746951198459263 4.199244052225665 1504013695.4 Gmapping
148 0.012484428264539198 4.211728480490204 1504013696.49 Gmapping


# Distance slam gt + time
0 0.0003795782413598129 1504013463.86
1 5.2203301415600285e-05 1504013480.91
2 0.0942119747235861 1504013498.77
3 0.09370174512142326 1504013506.69
4 0.04185693139163582 1504013511.19
5 0.06968895876037906 1504013511.98
6 0.07847065250214347 1504013513.16
7 0.09224433888880192 1504013514.4
8 0.08914114968793971 1504013515.59
9 0.08052199765343926 1504013516.91
10 0.07688712489669781 1504013517.99
11 0.0753375928912715 1504013519.17
12 0.07835530309636347 1504013520.37
13 0.08640619427946421 1504013521.58
14 0.06975591261711063 1504013522.79
15 0.06862034218166525 1504013524.11
16 0.09601826182135761 1504013525.17
17 0.11048586966191914 1504013529.2
18 0.10915623902669515 1504013529.68
19 0.06425985470669417 1504013530.89
20 0.07925919996643732 1504013531.97
21 0.08325571032493875 1504013533.17
22 0.07604503771141964 1504013534.49
23 0.06997118138542298 1504013535.63
24 0.10031355245564343 1504013536.77
25 0.07444389227026087 1504013538.09
26 0.08537856160501799 1504013539.27
27 0.10327267092998633 1504013540.47
28 0.07464181727269824 1504013541.68
29 0.13050569914873764 1504013542.83
30 0.1270413456422508 1504013544.09
31 0.14012351748060017 1504013545.22
32 0.13326429957694022 1504013546.59
33 0.1757512259774565 1504013547.74
34 0.1739011776164907 1504013548.87
35 0.20687267519012856 1504013550.26
36 0.2521922526633335 1504013551.29
37 0.23345541169071735 1504013552.36
38 0.24480418175124743 1504013553.78
39 0.2734706768034109 1504013554.82
40 0.23558654552406333 1504013556.17
41 0.25094726525237404 1504013559.57
42 0.24872414631409448 1504013559.9
43 0.30997077991759836 1504013560.85
44 0.37728657673060817 1504013562.21
45 0.39722886182276246 1504013563.28
46 0.3918135015526916 1504013564.61
47 0.398738781785864 1504013565.67
48 0.4702475288519928 1504013566.89
49 0.4287467268423733 1504013568.27
50 0.3810667926730356 1504013569.27
51 0.4653533341445767 1504013570.67
52 0.48399589502752555 1504013571.99
53 0.5011009449609072 1504013573.07
54 0.5892332887054434 1504013574.31
55 0.5349823853050732 1504013575.58
56 0.5808555127786108 1504013576.59
57 0.5748138015599281 1504013577.8
58 0.5970548052053712 1504013579.19
59 0.5990596606331487 1504013580.26
60 0.6726467789297098 1504013581.47
61 0.631418826459296 1504013582.78
62 0.6697516185361466 1504013583.87
63 0.6951479416467067 1504013585.18
64 0.7056738357566826 1504013586.44
65 0.7163811107460184 1504013589.99
66 0.7166522747369204 1504013590.58
67 0.7127524222786654 1504013591.46
68 0.7640756920843885 1504013592.74
69 0.750861356404312 1504013593.89
70 0.7903109721585682 1504013595.19
71 0.7840490799148886 1504013596.35
72 0.7577790740435332 1504013597.72
73 0.7818125546878316 1504013598.76
74 0.7649761848846998 1504013600.18
75 0.7515315194347484 1504013601.36
76 0.8013505536177704 1504013602.37
77 0.7758763580055316 1504013603.66
78 0.7729112915893113 1504013604.86
79 0.8130326647849608 1504013605.98
80 0.8170489096435761 1504013607.37
81 0.8367219165739991 1504013608.4
82 0.8232497633161515 1504013609.57
83 0.8644368280415048 1504013610.67
84 0.9059299032504948 1504013612.06
85 0.8793723372750787 1504013613.19
86 0.9040647395878645 1504013614.58
87 0.9117798176497605 1504013615.9
88 0.8328833164344834 1504013616.97
89 0.9414318901731732 1504013620.83
90 0.9401491899084364 1504013621.3
91 0.89178837976561 1504013622.07
92 0.9668876068542555 1504013623.28
93 0.8717010162313594 1504013624.48
94 0.794445932685877 1504013625.68
95 0.8345456483393252 1504013626.94
96 0.8887282990468287 1504013628.08
97 0.9223600172817972 1504013629.29
98 0.8408794207439928 1504013630.6
99 0.8820359751523246 1504013631.74
100 0.8827894832690405 1504013633.0
101 0.9014849141159681 1504013634.2
102 0.9362495449219924 1504013635.47
103 0.8861353828930231 1504013636.54
104 0.9217812968007892 1504013637.79
105 0.9146257240410004 1504013638.98
106 0.9029230465535993 1504013640.2
107 0.9346332914943136 1504013641.4
108 0.8773652140497163 1504013642.6
109 0.9388799407843059 1504013643.81
110 0.9229865215815453 1504013644.98
111 0.9752024015539046 1504013646.25
112 0.913521080972867 1504013647.45
113 0.9478445647283187 1504013650.81
114 0.9461144729985894 1504013651.19
115 0.9418972890304741 1504013652.13
116 0.9661696454505186 1504013653.44
117 0.9964695417346865 1504013654.72
118 0.9410429918786207 1504013655.93
119 0.9948065682781413 1504013657.1
120 0.9657870866959803 1504013658.51
121 1.0018913383371828 1504013659.53
122 0.9850292775430936 1504013660.73
123 1.0217964551253627 1504013661.98
124 0.9899958475220664 1504013663.23
125 1.0370988443978566 1504013664.31
126 1.058616341534367 1504013665.51
127 1.0965163449362545 1504013666.82
128 1.0590790999882378 1504013668.09
129 1.0926070779599102 1504013669.25
130 1.0612004183105528 1504013670.43
131 1.1058430367186445 1504013671.63
132 1.1444286417452263 1504013672.73
133 1.1723811631226597 1504013673.96
134 1.1419044914561738 1504013675.42
135 1.2070168340469154 1504013676.44
136 1.215055192735239 1504013677.76
137 1.2784898019493396 1504013683.16
138 1.2810642012448454 1504013683.75
139 1.254736023685234 1504013684.55
140 1.280189719974317 1504013685.67
141 1.3280773070711942 1504013686.93
142 1.367910815978302 1504013688.13
143 1.3499852310723695 1504013689.33
144 1.415836679085902 1504013690.56
145 1.3552487730275475 1504013691.72
146 1.400526689883533 1504013692.94
147 1.3908342134592457 1504013694.13
148 1.4401845648108906 1504013695.4
149 1.4496549508656977 1504013696.49


# Displacement mean and std deviation
-0.0006121010690073832 0.036361496139233014

# Displacement mean absolute value and std deviation
0.02826663409724969 0.02288078814233324

# Distance to GT
1.4496549508656977

# Orientation to GT
0.3610576662983365

# Displacement 2d (x and y ) and time
0 -0.0003615497000026835 -0.000226361619999782 1504013480.91
1 0.00416586640000105 -0.09407766795000017 1504013498.77
2 -0.00047149839999960363 0.0004910775300004389 1504013506.69
3 -0.011763806700002988 0.05256399776999965 1504013511.19
4 -0.03273566359999691 -0.015406359159999994 1504013511.98
5 0.023373683700000925 -0.020031067130000135 1504013513.16
6 0.015685435999998276 -0.01572380616000002 1504013514.4
7 -0.029608300599999637 0.008793234290000118 1504013515.59
8 0.01729274290000049 0.00415445803999992 1504013516.91
9 -0.0006038437999986712 0.003809665199999923 1504013517.99
10 -0.03135773990000246 0.015846428759999753 1504013519.17
11 -0.014764503399998574 0.0102180440900006 1504013520.37
12 -0.004160535700000523 -0.007550730270000194 1504013521.58
13 0.002529382400000557 0.02587292771000005 1504013522.79
14 0.0020519779000007787 -0.0014913511499998755 1504013524.11
15 -0.030330241800001545 0.0011373578399997974 1504013525.17
16 -0.0019527187000001334 -0.028710775789999587 1504013529.2
17 -0.0004853705999998681 0.0032662243199994556 1504013529.68
18 0.0302947599000003 0.043586059659999954 1504013530.89
19 -0.003614246299999735 -0.02985465497999984 1504013531.97
20 -0.01676462450000038 0.04426848113000004 1504013533.17
21 0.008711224600000733 -0.016187506140000085 1504013534.49
22 0.013480917799999048 -0.019108428150000023 1504013535.63
23 -0.038643935799999696 0.023099932840000115 1504013536.77
24 0.0260319159999991 0.0003584170800001729 1504013538.09
25 -0.005325074099998162 0.04311670591999972 1504013539.27
26 -0.022372555900000535 -0.012642799179999997 1504013540.47
27 0.02722011810000069 -0.028346995550000198 1504013541.68
28 -0.05619130480000045 0.015228152980000687 1504013542.83
29 0.01305018459999907 0.0421837813999999 1504013544.09
30 0.002278121099999808 0.031228268410000037 1504013545.22
31 -0.009315016700000456 -0.03205790683000043 1504013546.59
32 -0.008653393599997727 0.06692593708000016 1504013547.74
33 0.03093616919999853 0.025900837870000082 1504013548.87
34 -0.04047165299999911 0.009138472529999664 1504013550.26
35 -0.003146091700001463 0.05592001169000049 1504013551.29
36 0.056594520999999176 0.009923581229999368 1504013552.36
37 -0.016646453699999952 0.005005359300000123 1504013553.78
38 -0.06914508409999875 -0.01053806859999984 1504013554.82
39 0.09573370480000065 0.011636700619999996 1504013556.17
40 -0.035052801600000905 0.001567055460000244 1504013559.57
41 0.0030622658000005742 -0.0009438212599999218 1504013559.9
42 0.0621206374000014 0.08354884983999966 1504013560.85
43 -0.022971721900001185 0.06428519798000032 1504013562.21
44 -0.00485280180000025 0.019370861409999662 1504013563.28
45 -0.03199483730000097 -0.013329385310000053 1504013564.61
46 -0.0013665251999999128 0.006813366629999873 1504013565.67
47 0.028423853500001428 0.0798717533100004 1504013566.89
48 -0.0035197558999993106 -0.042905321090000115 1504013568.27
49 0.06269850439999836 -0.03978360809000003 1504013569.27
50 -0.0181145408999992 0.08317349839999988 1504013570.67
51 0.0028709140999989557 0.01894507547000046 1504013571.99
52 0.0018075195000015754 0.01728922894999929 1504013573.07
53 0.03233340919999961 0.08941649679000019 1504013574.31
54 0.00119982389999862 -0.05424516440999971 1504013575.58
55 -0.006517434799999222 0.04580920885999973 1504013576.59
56 0.050872319199999794 -0.007499514749999658 1504013577.8
57 0.005872945500000171 0.021855985919999377 1504013579.19
58 0.01945984540000012 0.00013519620000046473 1504013580.26
59 0.00910248039999928 0.07302640184999998 1504013581.47
60 -0.014215666300000152 -0.039945942620000174 1504013582.78
61 -0.02008449250000055 0.04007467577999968 1504013583.87
62 0.02950449290000101 0.02302670079000002 1504013585.18
63 0.06303097312000006 0.0012689632500002546 1504013586.44
64 -0.03207018999999889 0.016285283870000278 1504013589.99
65 -0.0012878277300014673 0.00045885177000037913 1504013590.58
66 0.05624345217000126 -0.014324357460000492 1504013591.46
67 -0.0038882102300004107 0.05334082801000051 1504013592.74
68 0.015992164149999155 -0.01701779809000037 1504013593.89
69 0.0022367519599999497 0.03994655396000013 1504013595.19
70 -0.019721364849999645 -0.002253813339999411 1504013596.35
71 0.004437446389999877 -0.027719276280000926 1504013597.72
72 -0.03295424687000015 0.03054624286999985 1504013598.76
73 0.011547955750000227 -0.01903597440999949 1504013600.18
74 0.016437793340001505 -0.016856406069999608 1504013601.36
75 -0.0028037766100013073 0.05133142925999934 1504013602.37
76 -0.016579873259999545 -0.022888337259999503 1504013603.66
77 0.021303233769998542 -0.007014138210000631 1504013604.86
78 0.017875172320000132 0.037251139040000325 1504013605.98
79 -0.02134553536999917 0.008388793589999999 1504013607.37
80 -0.025485423079999237 0.024242495219999327 1504013608.4
81 0.011595389409999157 -0.01548478660999919 1504013609.57
82 0.022044287230000847 0.037926466930000124 1504013610.67
83 -0.02734368983000124 0.046588837819999895 1504013612.06
84 0.0034984643800015647 -0.027380677340000048 1504013613.19
85 0.011662574899999001 0.023147677259999888 1504013614.58
86 -0.03345183527999929 0.012606648760000283 1504013615.9
87 -0.006926878790000757 -0.07864755850000016 1504013616.97
88 -0.02877061919999946 0.1121282192600006 1504013620.83
89 -0.0033161439599993514 -0.001021125140001189 1504013621.3
90 -0.07115926776000059 -0.04548817179000064 1504013622.07
91 -0.013421392719999758 0.07503847428000032 1504013623.28
92 -0.019719210780001717 -0.09566795195000033 1504013624.48
93 0.010687726020000454 -0.07696517155999949 1504013625.68
94 -0.06312465269999912 0.03619122653999973 1504013626.94
95 0.010108719419999801 0.05533067588000051 1504013628.08
96 -0.04680476100999975 0.02881375764000005 1504013629.29
97 -0.04737701360000024 -0.09046462312000081 1504013630.6
98 0.04593243607000019 0.049579645910000636 1504013631.74
99 0.02222557630999944 0.003559567049999046 1504013633.0
100 -0.11279773579000008 -0.000991803529998947 1504013634.2
101 -0.04508411052999861 0.024060159430000283 1504013635.47
102 -0.008655715630000671 -0.05490986515999907 1504013636.54
103 -0.04894232600000059 0.021054356429999643 1504013637.79
104 -0.0405295073099996 -0.023570959960000692 1504013638.98
105 -0.011584629080001463 -0.017766905289999357 1504013640.2
106 -0.012740945959999195 0.02903843225999836 1504013641.4
107 -0.014884004000000672 -0.07039063593999906 1504013642.6
108 -0.056543725599999206 0.039775193609999704 1504013643.81
109 0.023471853220000227 -0.005466635649998608 1504013644.98
110 -0.06524225181999999 0.023548471759999856 1504013646.25
111 -0.011332360169999056 -0.07969907599000159 1504013647.45
112 -0.057354043700001966 0.001823246989999916 1504013650.81
113 -0.0035568696099987918 -0.004783174999998252 1504013651.19
114 -0.043771349569999174 -0.04015418640000057 1504013652.13
115 -0.0733150821300006 -0.03443734950000099 1504013653.44
116 -0.00011691792000156909 0.04204166390000097 1504013654.72
117 0.024217737960001706 -0.053556543300000925 1504013655.93
118 -0.07517406444000052 -0.00036615589999833276 1504013657.1
119 -0.02513309957000054 -0.07427688020000112 1504013658.51
120 -0.01462581913999994 0.039368169500001216 1504013659.53
121 0.004045587990001209 -0.021755330700001352 1504013660.73
122 -0.04626405100000053 0.00041159030000059715 1504013661.98
123 0.024095333130000007 -0.02086381900000056 1504013663.23
124 -0.06993890946999937 -0.01708587459999933 1504013664.31
125 -0.021137660720000895 0.007091491000000616 1504013665.51
126 -0.06689529689000029 -0.03596334560000081 1504013666.82
127 0.03755321169000059 -0.00995264270000007 1504013668.09
128 -0.04279130497000061 -0.0071761216000005845 1504013669.25
129 0.014155030870000473 -0.03984867039999962 1504013670.43
130 -0.05623627685999999 -0.012495791900001052 1504013671.63
131 -0.05402758385999995 -0.0254117931999982 1504013672.73
132 -0.03799541271000084 -0.018526578700001295 1504013673.96
133 0.018724509400001033 -0.036041133099999456 1504013675.42
134 -0.07876472321000083 -0.02818728739999976 1504013676.44
135 -0.016469692710000317 -0.025961543699999368 1504013677.76
136 -0.08959946564999921 -0.09884378240000125 1504013683.16
137 -0.004243587729999554 -0.0083943172000005 1504013683.75
138 0.00923343700999979 -0.12323387389999851 1504013684.55
139 -0.023639776470000484 0.019555709000000476 1504013685.67
140 -0.05440838876999887 -0.09487211400000106 1504013686.93
141 -0.040432831320001306 -0.04272557679999878 1504013688.13
142 0.01880102770000036 -0.0459455085000009 1504013689.33
143 -0.06506171973000008 -0.020017968800001285 1504013690.56
144 0.06028961216000006 0.007790072900002443 1504013691.72
145 -0.03827972577999983 -0.09195442910000295 1504013692.94
146 0.01791105841000018 -0.06128773629999884 1504013694.13
147 -0.03885344948000036 -0.06383042329999888 1504013695.4
148 -0.003212366790000587 -0.031133676500001428 1504013696.49


# Displacement mean 2d values
-1.416646227170002 -0.30930291036000046