# SLAM - pose_x pose_y orientation time
0 4.00555471669 12.9251547167 3.1110547166968936 1504013833.24
1 4.00567531424 12.9253623429 3.1109246857580826 1504013834.03
2 3.99480097452 12.9427628953 3.108457810986482 1504013834.48
3 4.00391935242 12.9381062108 3.108116589588219 1504013834.89
4 4.000785008 12.9333369283 3.109333162529409 1504013835.25
5 4.00082122064 12.9348559168 3.109292684242532 1504013835.54
6 4.00109353779 12.9336281406 3.1095321663844384 1504013836.03
7 3.99922642366 12.9441862743 3.107849493457753 1504013836.53
8 4.00090845214 12.9288417121 3.109237380657749 1504013840.08
9 4.00075700561 12.9287467782 3.109388675396623 1504013840.42
10 4.00112886211 12.9369868026 3.1084583525970553 1504013840.84
11 4.00074309668 12.9352099562 3.1093047082695344 1504013841.19
12 4.00081086965 12.9354776534 3.1094584015096793 1504013841.44
13 4.00080180315 12.9352159784 3.1091427953140105 1504013841.79
14 4.00421178084 12.933107641 3.110544977301633 1504013845.23
15 4.00439967944 12.9331075556 3.1104570786807773 1504013845.76
16 4.00358858159 12.927212396 3.1117996486685455 1504013846.18
17 4.03682465441 12.9507240065 3.1083381912508186 1504013846.72
18 4.01878472713 12.9422519669 3.109421816319325 1504013847.08
19 4.00066423479 12.9337471282 3.1089827022307515 1504013850.5
20 4.00089423559 12.9338668474 3.1091124478780423 1504013850.97
21 4.00077228612 12.9338459128 3.109513209595488 1504013851.4
22 4.00107686757 12.9432801076 3.1096724502075808 1504013851.88
23 4.00087176615 12.9353654861 3.1094524461495654 1504013852.29
24 4.00255279587 12.9321467542 3.109721107526212 1504013856.97
25 4.00265293507 12.9322133016 3.1098211489786314 1504013857.29
26 4.00098437475 12.9355239476 3.1096274500344103 1504013857.63
27 3.99984581562 12.9333024071 3.1098271436784666 1504013861.77
28 4.0000568895 12.9338467721 3.109373632909945 1504013862.3
29 4.00356139625 12.9363713942 3.1093170669634214 1504013862.73
30 4.00150705346 12.9336706367 3.1089043930247655 1504013866.41
31 4.00188221274 12.933968755 3.108641352236629 1504013866.76
32 4.00214174857 12.9358281617 3.1087309582781852 1504013867.06
33 4.00063046468 12.9329832478 3.1102255634258547 1504013867.3
34 4.00069696288 12.9300584083 3.1100157367666807 1504013867.72
35 4.25542022491 12.9257078521 3.0963841231707496 1504013871.19
36 4.3261355485 12.9205874963 3.0865507055475305 1504013871.92
37 4.36742207989 12.9117626683 3.078995409491193 1504013872.44
38 4.39181942381 12.9324295546 3.096798115635841 1504013873.11
39 4.75899503012 12.8922124573 2.965968757597551 1504013877.04
40 4.81136605659 12.878591737 2.9499780177422563 1504013877.69
41 4.85026196262 12.9128398287 2.9468009812912834 1504013878.18
42 4.88440679451 12.9059443154 2.9460841254190173 1504013878.87
43 5.20513133289 12.8380678089 2.843155412359909 1504013882.6
44 5.26768927712 12.8187226229 2.8232127155904356 1504013883.32
45 5.33359591393 12.8415217505 2.797104140531108 1504013883.9
46 5.64420276979 12.7214375527 2.6829959816132734 1504013887.71
47 5.70192336142 12.6924634081 2.6652664350981055 1504013888.41
48 5.79464324553 12.729804021 2.660500656844968 1504013889.12
49 5.82538663747 12.6943909706 2.6357281503695846 1504013889.69
50 6.16574435706 12.545576334 2.5679340779612825 1504013893.8
51 6.22045047535 12.5094627382 2.5547521297197453 1504013894.51
52 6.2757508446 12.5469568248 2.5551316925459218 1504013895.14
53 6.64775012518 12.3825301907 2.4996344046300822 1504013898.91
54 6.71148139379 12.334460411 2.4867055156910487 1504013899.76
55 6.75527374937 12.25954662 2.4439450162821768 1504013900.3
56 7.02734153873 12.0191644157 2.4137078673556243 1504013904.02
57 7.08567046069 11.9692851991 2.4051361856685314 1504013904.77
58 7.13632469304 11.9504284955 2.38340422026756 1504013905.39
59 7.44728343019 11.6294874558 2.3537736893553767 1504013909.95
60 7.48681597514 11.5893345333 2.3487445160297185 1504013910.49
61 7.75090927941 11.3254746314 2.304778657175755 1504013914.34
62 7.78563649995 11.2869022057 2.3002091276532495 1504013914.87
63 7.80377691447 11.1831487562 2.278564215138937 1504013915.4
64 7.84255824015 11.1717262311 2.253143096770743 1504013915.96
65 8.10677688357 10.9620784918 2.2449385362429877 1504013919.98
66 8.15522861028 10.8991844969 2.2343410285354377 1504013920.79
67 8.24907411464 10.8742404895 2.2539511146979523 1504013921.24
68 8.49890569838 10.5992214687 2.2054654380982353 1504013925.39
69 8.53166790573 10.5542994646 2.197017134992603 1504013925.98
70 8.5347882815 10.4730393657 2.177175761567525 1504013926.57
71 8.758457628 10.1337160516 2.0914796093425796 1504013930.83
72 8.80582927484 10.0507257137 2.0743161369305243 1504013931.8
73 9.0270221465 9.73610996379 1.9981150623993171 1504013936.03
74 9.08315401943 9.66141797433 1.9904436590475285 1504013936.87
75 9.1731409172 9.58995908831 1.9904550828732546 1504013937.54
76 9.30721847479 9.22417327263 1.9277817647245752 1504013942.15
77 9.33237583165 9.15679422382 1.9192576419680554 1504013942.89
78 9.52299031563 8.71648606256 1.9003730558747123 1504013947.14
79 9.54509475095 8.65152171327 1.8967830204873235 1504013947.81
80 9.65480717363 8.26090368152 1.8477452423494336 1504013952.19
81 9.67677422367 8.18672368708 1.8428555287024444 1504013952.98
82 9.90226152658 8.28046020806 1.8855086937133507 1504013953.64
83 10.0117285009 7.90592283398 1.8564985549889008 1504013958.0
84 10.0314697427 7.83979124227 1.8578338300589001 1504013958.66
85 9.86481046302 7.21288788496 1.8082102045639228 1504013962.83
86 9.88107819496 7.14480326162 1.8113683782293788 1504013963.53
87 9.92019253116 7.06420601617 1.852396590132199 1504013964.25
88 10.2043928976 6.75551931928 1.9339384598598504 1504013968.57
89 10.2254839774 6.70028155859 1.940164861228882 1504013969.17
90 10.1055437052 6.20505286259 1.881796730095656 1504013973.07
91 10.1293496665 6.13242303958 1.890851141352624 1504013973.85
92 10.1155979485 6.0718696915 1.928314326289481 1504013974.58
93 10.2352763218 5.73376067508 1.9744789632396784 1504013978.4
94 10.261168774 5.67371653996 1.9863041871001081 1504013979.08
95 10.2563669434 5.59233660938 2.0224906839873102 1504013979.9
96 10.4176460829 5.23916941773 2.1022734430464878 1504013984.12
97 10.4501799124 5.18263729095 2.1173146361382624 1504013984.83
98 10.9781806717 5.07672775673 2.2541443002710273 1504013989.03
99 11.0113716544 5.03647497542 2.2651751435088903 1504013989.64
100 10.9931990875 4.93858136983 2.2923481819286664 1504013990.21
101 11.2333920502 4.68682395004 2.3952673894185232 1504013994.23
102 11.0818911653 4.475812245 2.3933922169902386 1504013994.98
103 10.9266223254 4.27136397768 2.390099139060181 1504013995.64
104 11.184339582 4.08256459643 2.4932668229495385 1504013999.89
105 11.2372565487 4.0434965311 2.51304605790595 1504014000.6
106 11.2344682334 3.9042829602 2.5340017199146296 1504014001.28
107 11.8373448518 3.91119531917 2.694660584410891 1504014005.41
108 11.8920415138 3.88581939361 2.715294892470703 1504014006.11
109 11.8886947695 3.76514707998 2.7214906843949405 1504014006.78
110 12.2331772955 3.61807631911 2.8568120509928003 1504014011.18
111 12.301969924 3.59677861937 2.8776633167954975 1504014012.0
112 12.6609604142 3.34346067193 2.992326951566361 1504014016.75
113 12.7294690056 3.3327347213 3.010457264040124 1504014017.54
114 13.0744841181 3.19257087153 3.104190332926529 1504014021.56
115 13.1400007785 3.15846538238 3.1092245170226565 1504014022.32
116 13.1736510335 3.06479769474 3.102275010664879 1504014022.86
117 13.5398423052 3.04641956219 -3.1404507731484066 1504014026.96
118 13.6094597629 3.04743499626 -3.1372402187137993 1504014027.72
119 13.6902491307 2.95777872827 3.14042604143148 1504014028.33
120 14.0756470954 2.95895125306 -3.128874812289918 1504014032.3
121 14.1369243424 2.96016450208 -3.1298681964708073 1504014032.9
122 14.2215873618 2.97112087058 -3.073563336786275 1504014033.42
123 14.1759194058 2.67232182605 3.1102909129861853 1504014037.48
124 14.2270016708 2.66985730065 3.109324808057159 1504014038.0
125 14.5743189413 2.913999948 -3.112451022126017 1504014038.79
126 15.0748395414 2.91870524751 -3.1116852511674433 1504014043.98
127 15.6543374901 2.97069787846 -3.124545549783884 1504014048.13
128 15.7167454629 2.97589673257 -3.126085141159543 1504014048.72
129 15.7840086157 2.94482435521 3.122945253116674 1504014049.38
130 16.1803285245 2.91052546539 3.0913010424538965 1504014053.34
131 16.2946811727 2.90830534651 3.130070546802691 1504014054.2
132 16.3551182924 2.90668902383 3.1304566507563854 1504014054.79
133 16.7365729879 2.87116000408 3.1221087401412446 1504014058.92
134 16.8021368345 2.86956933681 3.12331938072576 1504014059.58
135 16.9190800879 2.87038723449 3.1211085020174765 1504014060.37
136 16.9332395689 2.52292047526 3.074029492901559 1504014064.54
137 16.9586937917 2.52183053885 3.073129492893911 1504014065.36
138 16.9994451854 2.53285033128 3.0699241446019294 1504014066.08
139 16.9625757583 2.55887480827 3.0860518138099033 1504014070.28
140 16.9626798054 2.5587750946 3.08595558569246 1504014070.99
141 16.956112004 2.34347742868 3.0686347815698207 1504014071.58
142 16.9530839826 2.34804281209 3.068602054953377 1504014075.49
143 16.9529868718 2.34824170243 3.0687188295580135 1504014076.11
144 16.952905196 2.34644056344 3.068610789924857 1504014076.66
145 16.9544545427 2.35737263253 3.068639632241238 1504014077.18
146 16.9530191434 2.34811842017 3.068730845975381 1504014081.11
147 16.9529182444 2.34805726554 3.0686717463692883 1504014081.4
148 16.9544746415 2.3480143188 3.068708474886081 1504014081.83
149 16.9545936106 2.34810778501 3.068741177469341 1504014082.28
150 16.9545456793 2.34821525951 3.068659875582193 1504014086.16
151 16.9545118987 2.34813920691 3.068703743577731 1504014086.56
152 16.9544772204 2.34832555425 3.0686940010276733 1504014086.95
153 16.954730026 2.34852136362 3.068688000184279 1504014087.38
154 16.9467550001 2.34812356624 3.0686390701579525 1504014091.45
155 16.9467564635 2.34822355553 3.0685646843474053 1504014092.0
156 16.954549465 2.34814908526 3.0686148061892653 1504014092.38
157 16.9544795883 2.34833338627 3.068632300252676 1504014092.84
158 16.9532222699 2.3483352382 3.068573523480136 1504014096.85
159 16.9530430575 2.34808676589 3.0684979834135415 1504014097.26
160 16.9530354099 2.34823332768 3.0685824416937346 1504014097.7
161 16.9529746944 2.34817989758 3.06848292558542 1504014098.17
162 16.9546313498 2.34817817976 3.0683774063124227 1504014102.19
163 16.954532843 2.34827965098 3.0684314728427386 1504014102.65
164 16.9531121228 2.34825470815 3.0683606303647326 1504014103.02
165 16.9545344013 2.34822144629 3.068364556762137 1504014103.54
166 16.9545092677 2.34820049831 3.068289214790413 1504014104.46


# GT - pose_x pose_y orientation time
0 4.0055 12.9251 3.111 1504013833.2288852
1 4.0056 12.9254 3.111 1504013834.0059247
2 4.0059 12.9256 3.1113 1504013834.4871488
3 4.0056 12.9255 3.111 1504013834.9104187
4 4.0057 12.9255 3.1109 1504013835.270249
5 4.0058 12.9254 3.1108 1504013835.5661669
6 4.0059 12.9258 3.1111 1504013836.0473237
7 4.0056 12.9254 3.111 1504013836.5287652
8 4.0058 12.9256 3.1108 1504013840.0707724
9 4.0056 12.9255 3.111 1504013840.4253743
10 4.0059 12.9259 3.1111 1504013840.8472648
11 4.0057 12.9256 3.111 1504013841.2091413
12 4.0058 12.926 3.1112 1504013841.4494576
13 4.0057 12.9256 3.111 1504013841.8076649
14 4.0056 12.9256 3.111 1504013845.2255063
15 4.0058 12.9256 3.1109 1504013845.767062
16 4.0059 12.9258 3.1113 1504013846.1901202
17 4.0056 12.9256 3.111 1504013846.7256618
18 4.0059 12.9259 3.1113 1504013847.0863128
19 4.0055 12.9258 3.1111 1504013850.5089755
20 4.0058 12.926 3.1113 1504013850.9899528
21 4.0056 12.9259 3.1111 1504013851.4075603
22 4.0059 12.9261 3.1113 1504013851.8860874
23 4.0056 12.9258 3.111 1504013852.3117619
24 4.0058 12.9259 3.1113 1504013856.9876933
25 4.0058 12.9259 3.1113 1504013857.2899342
26 4.0057 12.9261 3.1112 1504013857.647377
27 4.0047 12.924 3.1117 1504013861.787642
28 4.0048 12.9245 3.1112 1504013862.3276138
29 4.005 12.9254 3.1113 1504013862.7458134
30 4.0043 12.924 3.1114 1504013866.4068513
31 4.0047 12.9243 3.1111 1504013866.76815
32 4.0049 12.9246 3.1112 1504013867.0680044
33 4.0049 12.9249 3.1112 1504013867.306951
34 4.005 12.9251 3.1111 1504013867.725122
35 4.2596 12.9177 3.0973 1504013871.2064772
36 4.3295 12.9128 3.0877 1504013871.9271364
37 4.3815 12.9099 3.0785 1504013872.4679747
38 4.4524 12.9094 3.06 1504013873.128544
39 4.7975 12.8646 2.9656 1504013877.0294905
40 4.8508 12.8505 2.9496 1504013877.687128
41 4.8923 12.8418 2.9362 1504013878.1682363
42 4.9535 12.8291 2.9176 1504013878.885767
43 5.2609 12.7409 2.8181 1504013882.6085792
44 5.3231 12.7199 2.7981 1504013883.3266048
45 5.3741 12.7008 2.7811 1504013883.9266903
46 5.68 12.5666 2.6786 1504013887.7088332
47 5.7393 12.5365 2.6604 1504013888.4263005
48 5.7969 12.5055 2.6427 1504013889.1496425
49 5.8392 12.4823 2.6303 1504013889.6876001
50 6.1703 12.278 2.5449 1504013893.8315465
51 6.2196 12.2439 2.5326 1504013894.48695
52 6.2716 12.2064 2.5205 1504013895.1477566
53 6.566 11.9898 2.4617 1504013898.929036
54 6.627 11.941 2.4498 1504013899.7655582
55 6.668 11.9076 2.4424 1504013900.3118634
56 6.946 11.6647 2.3954 1504013904.0269823
57 7.0012 11.6155 2.3866 1504013904.7464821
58 7.0419 11.5749 2.3833 1504013905.4073832
59 7.3628 11.2571 2.3476 1504013909.9682355
60 7.4025 11.2162 2.3424 1504013910.5054946
61 7.6637 10.9359 2.307 1504013914.3471599
62 7.6994 10.8965 2.3022 1504013914.8886828
63 7.7339 10.857 2.2981 1504013915.4281468
64 7.7696 10.8152 2.2931 1504013915.9666407
65 8.0218 10.5161 2.2504 1504013919.9893577
66 8.0688 10.4557 2.2401 1504013920.7664113
67 8.0972 10.4192 2.2339 1504013921.247915
68 8.3336 10.0961 2.1754 1504013925.386558
69 8.3657 10.0492 2.1669 1504013925.9924374
70 8.3976 10.0008 2.1575 1504013926.584642
71 8.618 9.6526 2.089 1504013930.8485384
72 8.6648 9.5702 2.0721 1504013931.8052592
73 8.8495 9.2112 2.0059 1504013936.0055194
74 8.8819 9.1401 1.9948 1504013936.846903
75 8.9116 9.074 1.9859 1504013937.5651684
76 9.0804 8.6669 1.9305 1504013942.1270335
77 9.1074 8.5954 1.9213 1504013942.905776
78 9.2404 8.1881 1.8836 1504013947.1652446
79 9.2613 8.1236 1.88 1504013947.8284173
80 9.3877 7.7135 1.858 1504013952.2046099
81 9.4101 7.6406 1.8531 1504013952.9881976
82 9.4297 7.5771 1.8498 1504013953.6451657
83 9.5474 7.1511 1.8431 1504013958.0285244
84 9.5657 7.0858 1.8447 1504013958.6843467
85 9.6756 6.6931 1.8583 1504013962.82787
86 9.6956 6.6248 1.8616 1504013963.543951
87 9.7149 6.5561 1.8649 1504013964.268405
88 9.8433 6.141 1.9007 1504013968.5863075
89 9.8624 6.085 1.9071 1504013969.1896605
90 10.0017 5.73 1.9517 1504013973.0842555
91 10.0306 5.6592 1.9607 1504013973.8672972
92 10.0573 5.5951 1.9686 1504013974.5837479
93 10.2109 5.2569 2.0221 1504013978.4267359
94 10.2388 5.1997 2.0336 1504013979.0851178
95 10.2741 5.1283 2.0494 1504013979.9255085
96 10.4642 4.7831 2.142 1504013984.1241002
97 10.4996 4.7268 2.1575 1504013984.8461509
98 10.7281 4.408 2.2405 1504013989.0433486
99 10.7601 4.3681 2.2513 1504013989.6462839
100 10.7951 4.3254 2.2635 1504013990.1854086
101 11.0455 4.0476 2.3528 1504013994.2047954
102 11.0955 3.9965 2.3715 1504013994.9861283
103 11.1395 3.9531 2.3871 1504013995.6447213
104 11.4321 3.7026 2.4981 1504013999.907942
105 11.4855 3.6636 2.5182 1504014000.6285074
106 11.5311 3.6311 2.5357 1504014001.2859766
107 11.8343 3.4419 2.6537 1504014005.4279385
108 11.885 3.4159 2.6734 1504014006.0851946
109 11.9418 3.3848 2.694 1504014006.802833
110 12.2935 3.2416 2.8219 1504014011.187171
111 12.3628 3.2173 2.8434 1504014012.0260243
112 12.7823 3.1083 2.9602 1504014016.7649531
113 12.8497 3.0955 2.9781 1504014017.5440717
114 13.2422 3.0414 3.0486 1504014021.565853
115 13.3152 3.0342 3.0584 1504014022.3433456
116 13.3686 3.029 3.0647 1504014022.884139
117 13.7722 3.0068 3.1027 1504014026.9650173
118 13.8445 3.0051 3.1062 1504014027.7473283
119 13.9028 3.003 3.1079 1504014028.3458
120 14.3036 2.9913 3.1084 1504014032.30584
121 14.3647 2.9897 3.1074 1504014032.9064653
122 14.4194 2.9883 3.1073 1504014033.443956
123 14.8158 2.972 3.1009 1504014037.4652388
124 14.8682 2.969 3.1 1504014038.005403
125 14.9442 2.9652 3.0981 1504014038.7867181
126 15.4675 2.9377 3.092 1504014044.0057878
127 15.8781 2.9164 3.0888 1504014048.14461
128 15.9408 2.9172 3.0882 1504014048.7446098
129 16.0005 2.9115 3.0872 1504014049.4023185
130 16.404 2.8864 3.0799 1504014053.3632243
131 16.4899 2.8787 3.0793 1504014054.2029452
132 16.5508 2.874 3.0797 1504014054.8027258
133 16.9576 2.846 3.0873 1504014058.9468858
134 17.0219 2.8422 3.0886 1504014059.602733
135 17.1002 2.8386 3.0899 1504014060.3875062
136 17.5607 2.8203 3.0838 1504014064.5234303
137 17.589 2.8193 3.0829 1504014065.363492
138 17.5866 2.8193 3.0832 1504014066.083438
139 17.5866 2.8195 3.0833 1504014070.2816918
140 17.5867 2.8194 3.0832 1504014071.0037441
141 17.5866 2.8195 3.0832 1504014071.6039486
142 17.5867 2.8194 3.0832 1504014075.504932
143 17.5866 2.8196 3.0833 1504014076.105138
144 17.5865 2.8194 3.0832 1504014076.642354
145 17.5865 2.8194 3.0832 1504014077.1863842
146 17.5866 2.8195 3.0833 1504014081.0840492
147 17.5865 2.8195 3.0832 1504014081.3813133
148 17.5865 2.8194 3.0832 1504014081.80095
149 17.5866 2.8195 3.0833 1504014082.2839355
150 17.5865 2.8196 3.0832 1504014086.181303
151 17.5865 2.8195 3.0833 1504014086.5441766
152 17.5865 2.8197 3.0833 1504014086.9640574
153 17.5868 2.8199 3.0833 1504014087.3836575
154 17.5867 2.8195 3.0833 1504014091.4611335
155 17.5867 2.8196 3.0832 1504014092.005031
156 17.5867 2.8195 3.0833 1504014092.3627477
157 17.5866 2.8197 3.0833 1504014092.8400972
158 17.5869 2.8198 3.0833 1504014096.8675063
159 17.5867 2.8195 3.0832 1504014097.2815757
160 17.5867 2.8197 3.0833 1504014097.700245
161 17.5866 2.8196 3.0833 1504014098.1828377
162 17.5867 2.8196 3.0832 1504014102.200714
163 17.5866 2.8197 3.0832 1504014102.6235752
164 17.5867 2.8196 3.0832 1504014103.0444925
165 17.5866 2.8196 3.0833 1504014103.5222824
166 17.5866 2.8196 3.0832 1504014104.4223223


# Displacement and sum and time
0 0 0 1504013834.03
0 -0.0004085042421081224 -0.0004085042421081224 1504013834.03

1 0 0 1504013834.48
1 -0.008692393455862483 -0.009100897697970605 1504013834.48

2 0 0 1504013834.89
2 -0.00012950084195448102 -0.009230398539925086 1504013834.89

3 0 0 1504013835.25
3 0.004136135879958055 -0.005094262659967031 1504013835.25

4 0 0 1504013835.54
4 0.00018699297667685658 -0.004907269683290174 1504013835.54

5 0 0 1504013836.03
5 -0.00019012245839812418 -0.005097392141688298 1504013836.03

6 0 0 1504013836.53
6 -0.004972113639510492 -0.010069505781198789 1504013836.53

7 0 0 1504013840.08
7 0.00498849476223784 -0.005081011018960949 1504013840.08

8 0 0 1504013840.42
8 -0.00015301209054598396 -0.005234023109506933 1504013840.42

9 0 0 1504013840.84
9 -0.003236854537947662 -0.008470877647454595 1504013840.84

10 0 0 1504013841.19
10 0.00297306402834279 -0.005497813619111805 1504013841.19

11 0 0 1504013841.44
11 -0.00014547697657221493 -0.00564329059568402 1504013841.44

12 0 0 1504013841.79
12 -0.0003631875750227558 -0.006006478170706776 1504013841.79

13 0 0 1504013845.23
13 0.004405084631310562 -0.001601393539396214 1504013845.23

14 0 0 1504013845.76
14 3.801760381877807e-05 -0.001563375935577436 1504013845.76

15 0 0 1504013846.18
15 0.0029611709490671616 0.0013977950134897257 1504013846.18

16 0 0 1504013846.72
16 -0.009932011398168794 -0.008534216384679069 1504013846.72

17 0 0 1504013847.08
17 0.002461830758388782 -0.006072385626290287 1504013847.08

18 0 0 1504013850.5
18 -0.000751199064031873 -0.006823584690322159 1504013850.5

19 0 0 1504013850.97
19 -0.00022071055835371373 -0.007044295248675873 1504013850.97

20 0 0 1504013851.4
20 0.0018873485980847608 -0.005156946650591112 1504013851.4

21 0 0 1504013851.88
21 -0.00012804939361357715 -0.0052849960442046895 1504013851.88

22 0 0 1504013852.29
22 0.00025131466365511967 -0.00503368138054957 1504013852.29

23 0 0 1504013856.97
23 -9.845318890018702e-05 -0.005132134569449757 1504013856.97

24 0 0 1504013857.29
24 0.0003142894919755098 -0.004817845077474248 1504013857.29

25 0 0 1504013857.63
25 -0.0002943639148147171 -0.005112208992288965 1504013857.63

26 0 0 1504013861.77
26 -0.0009434402416583248 -0.006055649233947289 1504013861.77

27 0 0 1504013862.3
27 0.00014605022808297482 -0.005909599005864314 1504013862.3

28 0 0 1504013862.73
28 -0.0004918664274004598 -0.006401465433264774 1504013862.73

29 0 0 1504013866.41
29 -0.0016106126793688248 -0.0080120781126336 1504013866.41

30 0 0 1504013866.76
30 0.00011611078847398033 -0.00789596732415962 1504013866.76

31 0 0 1504013867.06
31 -3.2653583489874365e-05 -0.007928620907649495 1504013867.06

32 0 0 1504013867.3
32 0.004695440551935721 -0.003233180355713774 1504013867.3

33 0 0 1504013867.72
33 -0.00034503062562839075 -0.0035782109813421647 1504013867.72

34 0 0 1504013871.19
34 0.0005290014899865872 -0.0030492094913555775 1504013871.19

35 0 0 1504013871.92
35 -0.0007333030903226463 -0.003782512581678224 1504013871.92

36 0 0 1504013872.44
36 0.00516698982673942 0.0013844772450611964 1504013872.44

37 0 0 1504013873.11
37 0.11404831492945565 0.11543279217451685 1504013873.11

38 0 0 1504013877.04
38 -0.11444620358808327 0.0009865885864335788 1504013877.04

39 0 0 1504013877.69
39 2.9091602575824493e-05 0.0010156801890094033 1504013877.69

40 0 0 1504013878.18
40 0.03211638718354074 0.033132067372550145 1504013878.18

41 0 0 1504013878.87
41 0.05618155421477539 0.08931362158732553 1504013878.87

42 0 0 1504013882.6
42 -0.010771619757760253 0.07854200182956528 1504013882.6

43 0 0 1504013883.32
43 0.0001800234080488322 0.07872202523761411 1504013883.32

44 0 0 1504013883.9
44 -0.028615432491054825 0.050106592746559285 1504013883.9

45 0 0 1504013887.71
45 -0.03646810677797241 0.013638485968586876 1504013887.71

46 0 0 1504013888.41
46 0.0014779732118035474 0.015116459180390424 1504013888.41

47 0 0 1504013889.12
47 0.040634056019845044 0.05575051520023547 1504013889.12

48 0 0 1504013889.69
48 -0.03886937544955683 0.01688113975067864 1504013889.69

49 0 0 1504013893.8
49 0.05531065278171157 0.07219179253239022 1504013893.8

50 0 0 1504013894.51
50 -0.0027707221164590123 0.06942107041593121 1504013894.51

51 0 0 1504013895.14
51 0.039205702894727544 0.10862677331065876 1504013895.14

52 0 0 1504013898.91
52 0.010375776020521366 0.11900254933118012 1504013898.91

53 0 0 1504013899.76
53 -0.0032323499322282137 0.11577019939895192 1504013899.76

54 0 0 1504013900.3
54 -0.11108828517017809 0.004681914228773829 1504013900.3

55 0 0 1504013904.02
55 0.05266204978556294 0.057343964014336765 1504013904.02

56 0 0 1504013904.77
56 0.0007172831345087678 0.05806124714884553 1504013904.77

57 0 0 1504013905.39
57 -0.05790572709491393 0.0001555200539316015 1504013905.39

58 0 0 1504013909.95
58 0.019067799497476667 0.01922331955140827 1504013909.95

59 0 0 1504013910.49
59 0.0005366678251489052 0.019759987376557174 1504013910.49

60 0 0 1504013914.34
60 -0.02691043924729862 -0.007150451870741446 1504013914.34

61 0 0 1504013914.87
61 0.0007240443589659612 -0.006426407511775485 1504013914.87

62 0 0 1504013915.4
62 -0.055118968262838575 -0.06154537577461406 1504013915.4

63 0 0 1504013915.96
63 -0.06415483544360635 -0.12570021121822042 1504013915.96

64 0 0 1504013919.98
64 0.10837061922835482 -0.017329591989865598 1504013919.98

65 0 0 1504013920.79
65 -0.0009346480284253972 -0.018264240018290995 1504013920.79

66 0 0 1504013921.24
66 0.08108477707667464 0.06282053705838364 1504013921.24

67 0 0 1504013925.39
67 0.031460924825002734 0.09428146188338637 1504013925.39

68 0 0 1504013925.98
68 0.0001624105835585643 0.09444387246694494 1504013925.98

69 0 0 1504013926.57
69 -0.0328025420456131 0.06164133042133184 1504013926.57

70 0 0 1504013930.83
70 -0.05402330549989992 0.007618024921431918 1504013930.83

71 0 0 1504013931.8
71 -0.0008277229941360542 0.006790301927295864 1504013931.8

72 0 0 1504013936.03
72 -0.031419302275245004 -0.02462900034794914 1504013936.03

73 0 0 1504013936.87
73 0.010771254042143803 -0.013857746305805337 1504013936.87

74 0 0 1504013937.54
74 0.027996063623925732 0.014138317318120396 1504013937.54

75 0 0 1504013942.15
75 -0.022849802863112806 -0.00871148554499241 1504013942.15

76 0 0 1504013942.89
76 0.002123330982846179 -0.006588154562146231 1504013942.89

77 0 0 1504013947.14
77 0.05911036610340478 0.05252221154125855 1504013947.14

78 0 0 1504013947.81
78 3.130475377543032e-05 0.05255351629503398 1504013947.81

79 0 0 1504013952.19
79 -0.08494168516738626 -0.03238816887235228 1504013952.19

80 0 0 1504013952.98
80 3.231553105135024e-05 -0.032355853341300936 1504013952.98

81 0 0 1504013953.64
81 0.1443661256074624 0.11201027226616146 1504013953.64

82 0 0 1504013958.0
82 -0.07008936791730053 0.041920904348860935 1504013958.0

83 0 0 1504013958.66
83 -0.000831657895312388 0.04108924645354855 1504013958.66

84 0 0 1504013962.83
84 -0.19862287738833334 -0.15753363093478479 1504013962.83

85 0 0 1504013963.53
85 -0.0004455605706885236 -0.15797919150547332 1504013963.53

86 0 0 1504013964.25
86 0.1185266733469788 -0.039452518158494515 1504013964.25

87 0 0 1504013968.57
87 0.1437023218978506 0.10424980373935608 1504013968.57

88 0 0 1504013969.17
88 -0.0005453761837233527 0.10370442755563272 1504013969.17

89 0 0 1504013973.07
89 -0.3234839243220133 -0.21977949676638056 1504013973.07

90 0 0 1504013973.85
90 0.00017093800516336174 -0.2196085587612172 1504013973.85

91 0 0 1504013974.58
91 0.09287548461434691 -0.1267330741468703 1504013974.58

92 0 0 1504013978.4
92 -0.023044722668674356 -0.14977779681554465 1504013978.4

93 0 0 1504013979.08
93 0.0010217208906986228 -0.14875607592484602 1504013979.08

94 0 0 1504013979.9
94 0.06404606885326519 -0.08471000707158083 1504013979.9

95 0 0 1504013984.12
95 -0.04026654997897822 -0.12497655705055905 1504013984.12

96 0 0 1504013984.83
96 -0.001441384412297915 -0.12641794146285695 1504013984.83

97 0 0 1504013989.03
97 0.16911087738470093 0.04269293592184398 1504013989.03

98 0 0 1504013989.64
98 0.0007252154202007227 0.0434181513420447 1504013989.64

99 0 0 1504013990.21
99 0.04703918750148648 0.09045733884353119 1504013990.21

100 0 0 1504013994.23
100 0.042786002197850226 0.1332433410413814 1504013994.23

101 0 0 1504013994.98
101 -0.0646388105470434 0.06860453049433801 1504013994.98

102 0 0 1504013995.64
102 -0.05935435482876901 0.009250175665569002 1504013995.64

103 0 0 1504013999.89
103 -0.024605946753786412 -0.01535577108821741 1504013999.89

104 0 0 1504014000.6
104 -0.001007713104466977 -0.016363484192684387 1504014000.6

105 0 0 1504014001.28
105 0.010856282379758692 -0.005507201812925695 1504014001.28

106 0 0 1504014005.41
106 0.13401677531193634 0.12850957349901065 1504014005.41

107 0 0 1504014006.11
107 0.0029352153368960993 0.13144478883590677 1504014006.11

108 0 0 1504014006.78
108 -0.04525215427159488 0.08619263456431189 1504014006.78

109 0 0 1504014011.18
109 0.023314910783433562 0.10950754534774546 1504014011.18

110 0 0 1504014012.0
110 -0.0020380585883793823 0.10746948675936607 1504014012.0

111 0 0 1504014016.75
111 -0.006711589309239596 0.10075789745012648 1504014016.75

112 0 0 1504014017.54
112 0.0007235479756040539 0.10148144542573054 1504014017.54

113 0 0 1504014021.56
113 0.07298883853387514 0.17447028395960568 1504014021.56

114 0 0 1504014022.32
114 -0.014972252231966843 0.15949803172763882 1504014022.32

115 0 0 1504014022.86
115 -0.04162455183728661 0.11787347989035221 1504014022.86

116 0 0 1504014026.96
116 -0.8819260601010535 -0.7640525802107012 1504014026.96

117 0 0 1504014027.72
117 -0.0009093200618514267 -0.7649619002725526 1504014027.72

118 0 0 1504014028.33
118 0.8669735755110598 0.10201167523850718 1504014028.33

119 0 0 1504014032.3
119 -0.8476043799834013 -0.7455927047448941 1504014032.3

120 0 0 1504014032.9
120 2.0784208715863856e-05 -0.7455719205361783 1504014032.9

121 0 0 1504014033.42
121 0.1772010928116906 -0.5683708277244877 1504014033.42

122 0 0 1504014037.48
122 0.5977013533993992 0.029330525674911567 1504014037.48

123 0 0 1504014038.0
123 -0.00020767475939496068 0.029122850915516606 1504014038.0

124 0 0 1504014038.79
124 -0.6907602928054241 -0.6616374418899075 1504014038.79

125 0 0 1504014043.98
125 0.021569455604685504 -0.640067986285222 1504014043.98

126 0 0 1504014048.13
126 -0.03034872316489371 -0.6704167094501157 1504014048.13

127 0 0 1504014048.72
127 -0.00295181336314636 -0.673368522813262 1504014048.72

128 0 0 1504014049.38
128 0.7854936498323207 0.11212512701905875 1504014049.38

129 0 0 1504014053.34
129 -0.07647959337562298 0.03564553364343577 1504014053.34

130 0 0 1504014054.2
130 0.12368294563764419 0.15932847928107996 1504014054.2

131 0 0 1504014054.79
131 -4.365571698773988e-05 0.1592848235640922 1504014054.79

132 0 0 1504014058.92
132 -0.05010183882863296 0.10918298473545926 1504014058.92

133 0 0 1504014059.58
133 -0.0002807308832151554 0.1089022538522441 1504014059.58

134 0 0 1504014060.37
134 -0.011029750757589257 0.09787250309465484 1504014060.37

135 0 0 1504014064.54
135 -0.12873935398995542 -0.030866850895300585 1504014064.54

136 0 0 1504014065.36
136 -2.4027228557460534e-11 -0.030866850919327813 1504014065.36

137 0 0 1504014066.08
137 -0.011012376442362828 -0.04187922736169064 1504014066.08

138 0 0 1504014070.28
138 0.050352407837938956 0.008473180476248315 1504014070.28

139 0 0 1504014070.99
139 1.184971852974669e-05 0.008485030194778063 1504014070.99

140 0 0 1504014071.58
140 -0.05441491098595164 -0.04592988079117358 1504014071.58

141 0 0 1504014075.49
141 -0.00010281369779711515 -0.04603269448897069 1504014075.49

142 0 0 1504014076.11
142 5.26989746941372e-05 -0.045979995514276555 1504014076.11

143 0 0 1504014076.66
143 -2.5257252462150624e-05 -0.046005252766738704 1504014076.66

144 0 0 1504014077.18
144 9.061080925508059e-05 -0.045914641957483626 1504014077.18

145 0 0 1504014081.11
145 -2.760286826914267e-05 -0.04594224482575277 1504014081.11

146 0 0 1504014081.4
146 0.00012849237702794702 -0.04581375244872483 1504014081.4

147 0 0 1504014081.83
147 0.00011538603853356209 -0.04569836641019127 1504014081.83

148 0 0 1504014082.28
148 -0.00021142107003507515 -0.045909787480226345 1504014082.28

149 0 0 1504014086.16
149 5.874185397127896e-05 -0.04585104562625507 1504014086.16

150 0 0 1504014086.56
150 -0.00017634389284865466 -0.04602738951910372 1504014086.56

151 0 0 1504014086.95
151 -3.0607123688852624e-05 -0.04605799664279257 1504014086.95

152 0 0 1504014087.38
152 -1.885220552254215e-05 -0.046076848848315116 1504014087.38

153 0 0 1504014091.45
153 -0.000153718211247808 -0.046230567059562924 1504014091.45

154 0 0 1504014092.0
154 8.046934941185698e-05 -0.046150097710151064 1504014092.0

155 0 0 1504014092.38
155 -0.00015669685518635547 -0.04630679456533742 1504014092.38

156 0 0 1504014092.84
156 5.495922109275116e-05 -0.04625183534424467 1504014092.84

157 0 0 1504014096.85
157 -0.00018465267681395123 -0.046436488021058625 1504014096.85

158 0 0 1504014097.26
158 7.684314709365377e-05 -0.04635964487396497 1504014097.26

159 0 0 1504014097.7
159 -4.8825752768774514e-05 -0.04640847062673374 1504014097.7

160 0 0 1504014098.17
160 -0.0003126390747956949 -0.046721109701529435 1504014098.17

161 0 0 1504014102.19
161 -1.733930750147676e-05 -0.04673844900903091 1504014102.19

162 0 0 1504014102.65
162 0.00016985501444558905 -0.04656859399458532 1504014102.65

163 0 0 1504014103.02
163 -0.00022255820846586876 -0.04679115220305119 1504014103.02

164 0 0 1504014103.54
164 -0.00030182412411706663 -0.04709297632716826 1504014103.54

165 0 0 1504014104.46
165 7.746548048285528e-05 -0.047015510846685406 1504014104.46



# Displacement abs and sum and time
0 0 0 1504013834.03
0 0.0004085042421081224 0.0004085042421081224 1504013834.03

1 0 0 1504013834.48
1 0.008692393455862483 0.009100897697970605 1504013834.48

2 0 0 1504013834.89
2 0.00012950084195448102 0.009230398539925086 1504013834.89

3 0 0 1504013835.25
3 0.004136135879958055 0.013366534419883142 1504013835.25

4 0 0 1504013835.54
4 0.00018699297667685658 0.013553527396559998 1504013835.54

5 0 0 1504013836.03
5 0.00019012245839812418 0.013743649854958122 1504013836.03

6 0 0 1504013836.53
6 0.004972113639510492 0.018715763494468615 1504013836.53

7 0 0 1504013840.08
7 0.00498849476223784 0.023704258256706454 1504013840.08

8 0 0 1504013840.42
8 0.00015301209054598396 0.02385727034725244 1504013840.42

9 0 0 1504013840.84
9 0.003236854537947662 0.0270941248852001 1504013840.84

10 0 0 1504013841.19
10 0.00297306402834279 0.030067188913542892 1504013841.19

11 0 0 1504013841.44
11 0.00014547697657221493 0.030212665890115106 1504013841.44

12 0 0 1504013841.79
12 0.0003631875750227558 0.030575853465137862 1504013841.79

13 0 0 1504013845.23
13 0.004405084631310562 0.03498093809644842 1504013845.23

14 0 0 1504013845.76
14 3.801760381877807e-05 0.0350189557002672 1504013845.76

15 0 0 1504013846.18
15 0.0029611709490671616 0.03798012664933437 1504013846.18

16 0 0 1504013846.72
16 0.009932011398168794 0.04791213804750316 1504013846.72

17 0 0 1504013847.08
17 0.002461830758388782 0.05037396880589194 1504013847.08

18 0 0 1504013850.5
18 0.000751199064031873 0.05112516786992381 1504013850.5

19 0 0 1504013850.97
19 0.00022071055835371373 0.05134587842827753 1504013850.97

20 0 0 1504013851.4
20 0.0018873485980847608 0.05323322702636229 1504013851.4

21 0 0 1504013851.88
21 0.00012804939361357715 0.053361276419975866 1504013851.88

22 0 0 1504013852.29
22 0.00025131466365511967 0.053612591083630985 1504013852.29

23 0 0 1504013856.97
23 9.845318890018702e-05 0.05371104427253117 1504013856.97

24 0 0 1504013857.29
24 0.0003142894919755098 0.05402533376450668 1504013857.29

25 0 0 1504013857.63
25 0.0002943639148147171 0.0543196976793214 1504013857.63

26 0 0 1504013861.77
26 0.0009434402416583248 0.05526313792097972 1504013861.77

27 0 0 1504013862.3
27 0.00014605022808297482 0.0554091881490627 1504013862.3

28 0 0 1504013862.73
28 0.0004918664274004598 0.05590105457646316 1504013862.73

29 0 0 1504013866.41
29 0.0016106126793688248 0.05751166725583198 1504013866.41

30 0 0 1504013866.76
30 0.00011611078847398033 0.057627778044305966 1504013866.76

31 0 0 1504013867.06
31 3.2653583489874365e-05 0.05766043162779584 1504013867.06

32 0 0 1504013867.3
32 0.004695440551935721 0.06235587217973156 1504013867.3

33 0 0 1504013867.72
33 0.00034503062562839075 0.06270090280535995 1504013867.72

34 0 0 1504013871.19
34 0.0005290014899865872 0.06322990429534653 1504013871.19

35 0 0 1504013871.92
35 0.0007333030903226463 0.06396320738566917 1504013871.92

36 0 0 1504013872.44
36 0.00516698982673942 0.0691301972124086 1504013872.44

37 0 0 1504013873.11
37 0.11404831492945565 0.18317851214186426 1504013873.11

38 0 0 1504013877.04
38 0.11444620358808327 0.29762471572994753 1504013877.04

39 0 0 1504013877.69
39 2.9091602575824493e-05 0.29765380733252333 1504013877.69

40 0 0 1504013878.18
40 0.03211638718354074 0.3297701945160641 1504013878.18

41 0 0 1504013878.87
41 0.05618155421477539 0.3859517487308395 1504013878.87

42 0 0 1504013882.6
42 0.010771619757760253 0.39672336848859974 1504013882.6

43 0 0 1504013883.32
43 0.0001800234080488322 0.3969033918966486 1504013883.32

44 0 0 1504013883.9
44 0.028615432491054825 0.4255188243877034 1504013883.9

45 0 0 1504013887.71
45 0.03646810677797241 0.4619869311656758 1504013887.71

46 0 0 1504013888.41
46 0.0014779732118035474 0.46346490437747934 1504013888.41

47 0 0 1504013889.12
47 0.040634056019845044 0.5040989603973244 1504013889.12

48 0 0 1504013889.69
48 0.03886937544955683 0.5429683358468812 1504013889.69

49 0 0 1504013893.8
49 0.05531065278171157 0.5982789886285927 1504013893.8

50 0 0 1504013894.51
50 0.0027707221164590123 0.6010497107450518 1504013894.51

51 0 0 1504013895.14
51 0.039205702894727544 0.6402554136397793 1504013895.14

52 0 0 1504013898.91
52 0.010375776020521366 0.6506311896603008 1504013898.91

53 0 0 1504013899.76
53 0.0032323499322282137 0.653863539592529 1504013899.76

54 0 0 1504013900.3
54 0.11108828517017809 0.7649518247627071 1504013900.3

55 0 0 1504013904.02
55 0.05266204978556294 0.81761387454827 1504013904.02

56 0 0 1504013904.77
56 0.0007172831345087678 0.8183311576827788 1504013904.77

57 0 0 1504013905.39
57 0.05790572709491393 0.8762368847776927 1504013905.39

58 0 0 1504013909.95
58 0.019067799497476667 0.8953046842751693 1504013909.95

59 0 0 1504013910.49
59 0.0005366678251489052 0.8958413521003182 1504013910.49

60 0 0 1504013914.34
60 0.02691043924729862 0.9227517913476169 1504013914.34

61 0 0 1504013914.87
61 0.0007240443589659612 0.9234758357065829 1504013914.87

62 0 0 1504013915.4
62 0.055118968262838575 0.9785948039694214 1504013915.4

63 0 0 1504013915.96
63 0.06415483544360635 1.0427496394130278 1504013915.96

64 0 0 1504013919.98
64 0.10837061922835482 1.1511202586413827 1504013919.98

65 0 0 1504013920.79
65 0.0009346480284253972 1.152054906669808 1504013920.79

66 0 0 1504013921.24
66 0.08108477707667464 1.2331396837464828 1504013921.24

67 0 0 1504013925.39
67 0.031460924825002734 1.2646006085714854 1504013925.39

68 0 0 1504013925.98
68 0.0001624105835585643 1.2647630191550439 1504013925.98

69 0 0 1504013926.57
69 0.0328025420456131 1.297565561200657 1504013926.57

70 0 0 1504013930.83
70 0.05402330549989992 1.351588866700557 1504013930.83

71 0 0 1504013931.8
71 0.0008277229941360542 1.352416589694693 1504013931.8

72 0 0 1504013936.03
72 0.031419302275245004 1.3838358919699378 1504013936.03

73 0 0 1504013936.87
73 0.010771254042143803 1.3946071460120817 1504013936.87

74 0 0 1504013937.54
74 0.027996063623925732 1.4226032096360075 1504013937.54

75 0 0 1504013942.15
75 0.022849802863112806 1.4454530124991203 1504013942.15

76 0 0 1504013942.89
76 0.002123330982846179 1.4475763434819664 1504013942.89

77 0 0 1504013947.14
77 0.05911036610340478 1.506686709585371 1504013947.14

78 0 0 1504013947.81
78 3.130475377543032e-05 1.5067180143391465 1504013947.81

79 0 0 1504013952.19
79 0.08494168516738626 1.5916596995065329 1504013952.19

80 0 0 1504013952.98
80 3.231553105135024e-05 1.5916920150375842 1504013952.98

81 0 0 1504013953.64
81 0.1443661256074624 1.7360581406450466 1504013953.64

82 0 0 1504013958.0
82 0.07008936791730053 1.806147508562347 1504013958.0

83 0 0 1504013958.66
83 0.000831657895312388 1.8069791664576595 1504013958.66

84 0 0 1504013962.83
84 0.19862287738833334 2.0056020438459927 1504013962.83

85 0 0 1504013963.53
85 0.0004455605706885236 2.0060476044166813 1504013963.53

86 0 0 1504013964.25
86 0.1185266733469788 2.12457427776366 1504013964.25

87 0 0 1504013968.57
87 0.1437023218978506 2.268276599661511 1504013968.57

88 0 0 1504013969.17
88 0.0005453761837233527 2.2688219758452344 1504013969.17

89 0 0 1504013973.07
89 0.3234839243220133 2.5923059001672475 1504013973.07

90 0 0 1504013973.85
90 0.00017093800516336174 2.592476838172411 1504013973.85

91 0 0 1504013974.58
91 0.09287548461434691 2.685352322786758 1504013974.58

92 0 0 1504013978.4
92 0.023044722668674356 2.7083970454554325 1504013978.4

93 0 0 1504013979.08
93 0.0010217208906986228 2.709418766346131 1504013979.08

94 0 0 1504013979.9
94 0.06404606885326519 2.773464835199396 1504013979.9

95 0 0 1504013984.12
95 0.04026654997897822 2.8137313851783743 1504013984.12

96 0 0 1504013984.83
96 0.001441384412297915 2.815172769590672 1504013984.83

97 0 0 1504013989.03
97 0.16911087738470093 2.984283646975373 1504013989.03

98 0 0 1504013989.64
98 0.0007252154202007227 2.9850088623955737 1504013989.64

99 0 0 1504013990.21
99 0.04703918750148648 3.0320480498970603 1504013990.21

100 0 0 1504013994.23
100 0.042786002197850226 3.0748340520949107 1504013994.23

101 0 0 1504013994.98
101 0.0646388105470434 3.139472862641954 1504013994.98

102 0 0 1504013995.64
102 0.05935435482876901 3.198827217470723 1504013995.64

103 0 0 1504013999.89
103 0.024605946753786412 3.223433164224509 1504013999.89

104 0 0 1504014000.6
104 0.001007713104466977 3.224440877328976 1504014000.6

105 0 0 1504014001.28
105 0.010856282379758692 3.2352971597087348 1504014001.28

106 0 0 1504014005.41
106 0.13401677531193634 3.369313935020671 1504014005.41

107 0 0 1504014006.11
107 0.0029352153368960993 3.3722491503575673 1504014006.11

108 0 0 1504014006.78
108 0.04525215427159488 3.417501304629162 1504014006.78

109 0 0 1504014011.18
109 0.023314910783433562 3.4408162154125956 1504014011.18

110 0 0 1504014012.0
110 0.0020380585883793823 3.442854274000975 1504014012.0

111 0 0 1504014016.75
111 0.006711589309239596 3.4495658633102146 1504014016.75

112 0 0 1504014017.54
112 0.0007235479756040539 3.450289411285819 1504014017.54

113 0 0 1504014021.56
113 0.07298883853387514 3.523278249819694 1504014021.56

114 0 0 1504014022.32
114 0.014972252231966843 3.538250502051661 1504014022.32

115 0 0 1504014022.86
115 0.04162455183728661 3.5798750538889474 1504014022.86

116 0 0 1504014026.96
116 0.8819260601010535 4.461801113990001 1504014026.96

117 0 0 1504014027.72
117 0.0009093200618514267 4.462710434051853 1504014027.72

118 0 0 1504014028.33
118 0.8669735755110598 5.3296840095629125 1504014028.33

119 0 0 1504014032.3
119 0.8476043799834013 6.177288389546314 1504014032.3

120 0 0 1504014032.9
120 2.0784208715863856e-05 6.17730917375503 1504014032.9

121 0 0 1504014033.42
121 0.1772010928116906 6.354510266566721 1504014033.42

122 0 0 1504014037.48
122 0.5977013533993992 6.95221161996612 1504014037.48

123 0 0 1504014038.0
123 0.00020767475939496068 6.952419294725515 1504014038.0

124 0 0 1504014038.79
124 0.6907602928054241 7.643179587530939 1504014038.79

125 0 0 1504014043.98
125 0.021569455604685504 7.664749043135625 1504014043.98

126 0 0 1504014048.13
126 0.03034872316489371 7.695097766300519 1504014048.13

127 0 0 1504014048.72
127 0.00295181336314636 7.698049579663665 1504014048.72

128 0 0 1504014049.38
128 0.7854936498323207 8.483543229495986 1504014049.38

129 0 0 1504014053.34
129 0.07647959337562298 8.560022822871609 1504014053.34

130 0 0 1504014054.2
130 0.12368294563764419 8.683705768509252 1504014054.2

131 0 0 1504014054.79
131 4.365571698773988e-05 8.68374942422624 1504014054.79

132 0 0 1504014058.92
132 0.05010183882863296 8.733851263054873 1504014058.92

133 0 0 1504014059.58
133 0.0002807308832151554 8.734131993938089 1504014059.58

134 0 0 1504014060.37
134 0.011029750757589257 8.745161744695679 1504014060.37

135 0 0 1504014064.54
135 0.12873935398995542 8.873901098685634 1504014064.54

136 0 0 1504014065.36
136 2.4027228557460534e-11 8.873901098709661 1504014065.36

137 0 0 1504014066.08
137 0.011012376442362828 8.884913475152024 1504014066.08

138 0 0 1504014070.28
138 0.050352407837938956 8.935265882989963 1504014070.28

139 0 0 1504014070.99
139 1.184971852974669e-05 8.935277732708492 1504014070.99

140 0 0 1504014071.58
140 0.05441491098595164 8.989692643694443 1504014071.58

141 0 0 1504014075.49
141 0.00010281369779711515 8.98979545739224 1504014075.49

142 0 0 1504014076.11
142 5.26989746941372e-05 8.989848156366934 1504014076.11

143 0 0 1504014076.66
143 2.5257252462150624e-05 8.989873413619396 1504014076.66

144 0 0 1504014077.18
144 9.061080925508059e-05 8.989964024428652 1504014077.18

145 0 0 1504014081.11
145 2.760286826914267e-05 8.98999162729692 1504014081.11

146 0 0 1504014081.4
146 0.00012849237702794702 8.990120119673948 1504014081.4

147 0 0 1504014081.83
147 0.00011538603853356209 8.990235505712482 1504014081.83

148 0 0 1504014082.28
148 0.00021142107003507515 8.990446926782518 1504014082.28

149 0 0 1504014086.16
149 5.874185397127896e-05 8.990505668636489 1504014086.16

150 0 0 1504014086.56
150 0.00017634389284865466 8.990682012529337 1504014086.56

151 0 0 1504014086.95
151 3.0607123688852624e-05 8.990712619653026 1504014086.95

152 0 0 1504014087.38
152 1.885220552254215e-05 8.990731471858549 1504014087.38

153 0 0 1504014091.45
153 0.000153718211247808 8.990885190069797 1504014091.45

154 0 0 1504014092.0
154 8.046934941185698e-05 8.990965659419208 1504014092.0

155 0 0 1504014092.38
155 0.00015669685518635547 8.991122356274394 1504014092.38

156 0 0 1504014092.84
156 5.495922109275116e-05 8.991177315495486 1504014092.84

157 0 0 1504014096.85
157 0.00018465267681395123 8.991361968172301 1504014096.85

158 0 0 1504014097.26
158 7.684314709365377e-05 8.991438811319394 1504014097.26

159 0 0 1504014097.7
159 4.8825752768774514e-05 8.991487637072163 1504014097.7

160 0 0 1504014098.17
160 0.0003126390747956949 8.991800276146959 1504014098.17

161 0 0 1504014102.19
161 1.733930750147676e-05 8.99181761545446 1504014102.19

162 0 0 1504014102.65
162 0.00016985501444558905 8.991987470468906 1504014102.65

163 0 0 1504014103.02
163 0.00022255820846586876 8.992210028677372 1504014103.02

164 0 0 1504014103.54
164 0.00030182412411706663 8.992511852801488 1504014103.54

165 0 0 1504014104.46
165 7.746548048285528e-05 8.992589318281972 1504014104.46



# Distance slam gt + time
0 7.738109215693567e-05 1504013833.24
1 8.420387121267257e-05 1504013834.03
2 0.020439015183820675 1504013834.48
3 0.01271774850444008 1504013834.89
4 0.009250653573634582 1504013835.25
5 0.010686561956218244 1504013835.54
6 0.009185960169166204 1504013836.03
7 0.019838008403986793 1504013836.53
8 0.00586821419223625 1504013840.08
9 0.005830622894818358 1504013840.42
10 0.01206983631441399 1504013840.84
11 0.01081305454946712 1504013841.19
12 0.010710617891597336 1504013841.44
13 0.010791634397561863 1504013841.79
14 0.007634908370181895 1504013845.23
15 0.007637034028852624 1504013845.76
16 0.0027087852493136743 1504013846.18
17 0.04007735951426929 1504013846.72
18 0.02081833361999158 1504013847.08
19 0.009302766889128695 1504013850.5
20 0.009271127895854674 1504013850.97
21 0.009297545457396554 1504013851.4
22 0.017844290503824526 1504013851.88
23 0.010670272708303702 1504013852.29
24 0.0070403318598698346 1504013856.97
25 0.007054204049088674 1504013857.29
26 0.01053792720918063 1504013857.63
27 0.010492753873467158 1504013861.77
28 0.010481376145553 1504013862.3
29 0.011065309369435285 1504013862.73
30 0.010065871276680538 1504013866.41
31 0.01007098546780001 1504013866.76
32 0.011561987982715077 1504013867.06
33 0.009141544007711845 1504013867.3
34 0.00656520687607076 1504013867.72
35 0.00903306233004428 1504013871.19
36 0.008483197069404381 1504013871.92
37 0.014200611529767562 1504013872.44
38 0.06481023527643423 1504013873.11
39 0.04738228048125196 1504013877.04
40 0.04841674896706981 1504013877.69
41 0.0825460710663298 1504013878.18
42 0.10333885936170306 1504013878.87
43 0.112034491642766 1504013882.6
44 0.11329721535377427 1504013883.32
45 0.14643494136356425 1504013883.9
46 0.15892170845052306 1504013887.71
47 0.16037954289031717 1504013888.41
48 0.22431537347561872 1504013889.12
49 0.21254032274943824 1504013889.69
50 0.2676151124272991 1504013893.8
51 0.26556410003726527 1504013894.51
52 0.340582119948701 1504013895.14
53 0.40114845837196494 1504013898.91
54 0.40242788288212533 1504013899.76
55 0.36260602678185266 1504013900.3
56 0.3636776978596668 1504013904.02
57 0.3637296053820844 1504013904.77
58 0.3872178632090629 1504013905.39
59 0.38185058231442526 1504013909.95
60 0.38254223767424417 1504013910.49
61 0.3992165475599146 1504013914.34
62 0.39981322656842183 1504013914.87
63 0.33355028758292943 1504013915.4
64 0.36391463046730416 1504013915.96
65 0.45400207696603306 1504013919.98
66 0.45182784737727083 1504013920.79
67 0.4797161596007408 1504013921.24
68 0.5295820863508737 1504013925.39
69 0.5316679554680793 1504013925.98
70 0.4917627914936848 1504013926.57
71 0.5011995614229536 1504013930.83
72 0.5007935881067083 1504013931.8
73 0.5541160371113493 1504013936.03
74 0.5588162584394487 1504013936.87
75 0.5784612624709655 1504013937.54
76 0.6016644587258029 1504013942.15
77 0.604795502103868 1504013942.89
78 0.5992070740533051 1504013947.14
79 0.5993669960956348 1504013947.81
80 0.6090952575305906 1504013952.19
81 0.6077550683950332 1504013952.98
82 0.8473664960840884 1504013953.64
83 0.8862045291272446 1504013958.0
84 0.88625292475381 1504013958.66
85 0.5531546299792062 1504013962.83
86 0.5520919786603119 1504013963.53
87 0.5480116303676664 1504013964.25
88 0.7127566726909819 1504013968.57
89 0.7144238034846994 1504013969.17
90 0.486270230802398 1504013973.07
91 0.4834165303578221 1504013973.85
92 0.48032071528543646 1504013974.58
93 0.4774833070404144 1504013978.4
94 0.4745440361082556 1504013979.08
95 0.464375318186987 1504013979.9
96 0.45843928822248114 1504013984.12
97 0.45850843054302337 1504013984.83
98 0.7139587908129305 1504013989.03
99 0.7140466035719227 1504013989.64
100 0.6443870271621921 1504013990.21
101 0.6662662236922263 1504013994.23
102 0.4795053999579483 1504013994.98
103 0.3828953693005426 1504013995.64
104 0.45360590744361773 1504013999.89
105 0.4538129410397511 1504014000.6
106 0.403260876728542 1504014001.28
107 0.4693051967721603 1504014005.41
108 0.4699721474804495 1504014006.11
109 0.38403654351607075 1504014006.78
110 0.3812784383214041 1504014011.18
111 0.3843231982396163 1504014012.0
112 0.26462017440982194 1504014016.75
113 0.26596203677348684 1504014017.54
114 0.22579027756002784 1504014021.56
115 0.21479444236817283 1504014022.32
116 0.1982084117491395 1504014022.86
117 0.23571128110656236 1504014026.96
118 0.23882245489978177 1504014027.72
119 0.21730815782446802 1504014028.33
120 0.23023676540501567 1504014032.3
121 0.2296825980184267 1504014032.9
122 0.1985572016303446 1504014033.42
123 0.7065792119612283 1504014037.48
124 0.7075462189449363 1504014038.0
125 0.3734078774073146 1504014038.79
126 0.3931196209426829 1504014043.98
127 0.23025620608792433 1504014048.13
128 0.23161550468284478 1504014048.72
129 0.2190411653691887 1504014049.38
130 0.22496881346673783 1504014053.34
131 0.19745092320463917 1504014054.2
132 0.19839330373833095 1504014054.79
133 0.22245441304491706 1504014058.92
134 0.22146089837259933 1504014059.58
135 0.18388814762141287 1504014060.37
136 0.6943638630651711 1504014064.54
137 0.6969748894604401 1504014065.36
138 0.6533025248824316 1504014066.08
139 0.6762630736581424 1504014070.28
140 0.6762592288341658 1504014070.99
141 0.7900079755965758 1504014071.58
142 0.7897131479849261 1504014075.49
143 0.7897114922017271 1504014076.11
144 0.7906535298643476 1504014076.66
145 0.7829117117433018 1504014077.18
146 0.7896994970575952 1504014081.11
147 0.7897367237911014 1504014081.4
148 0.7884545099290405 1504014081.83
149 0.7884432107613103 1504014082.28
150 0.7883970046989165 1504014086.16
151 0.7884097649364904 1504014086.56
152 0.7884457254874488 1504014086.95
153 0.7884860625704357 1504014087.38
154 0.7948115155188088 1504014091.45
155 0.7948103436099105 1504014092.0
156 0.7885340726481146 1504014092.38
157 0.7885193082144947 1504014092.84
158 0.7898268716901318 1504014096.85
159 0.7897794363444125 1504014097.26
160 0.7898174699606839 1504014097.7
161 0.7897581534003781 1504014098.17
162 0.7885108186727977 1504014102.19
163 0.7885087421380967 1504014102.65
164 0.7896834696788101 1504014103.02
165 0.7884825058032192 1504014103.54
166 0.7885151768058306 1504014104.46


# Displacement mean and std deviation
-0.00028322596895593617 0.15850101599350067

# Displacement mean absolute value and std deviation
0.05417222480892754 0.14895644446338147

# Distance to GT
0.7885151768058306

# Orientation to GT
0.0468436132736942