# SLAM - pose_x pose_y orientation time
0 4.10587 12.9168 3.10921 1504013869.788131
1 4.21243 12.9023 3.1026 1504013870.796702
2 4.31153 12.8889 3.0904 1504013871.80531
3 4.41788 12.8672 3.07077 1504013872.914737
4 4.52866 12.8371 3.04288 1504013874.125063
5 4.62319 12.8057 3.01643 1504013875.0327628
6 4.72587 12.7614 2.98462 1504013876.343955
7 4.82324 12.7185 2.95367 1504013877.5542521
8 4.91505 12.6759 2.9233 1504013878.663689
9 5.01843 12.6243 2.88954 1504013879.974874
10 5.1149 12.5716 2.85646 1504013881.185162
11 5.20968 12.5128 2.82368 1504013882.3954601
12 5.30386 12.4524 2.78995 1504013883.605748
13 5.39396 12.388 2.75635 1504013884.816053
14 5.48368 12.3221 2.72296 1504013886.026359
15 5.57276 12.2536 2.69031 1504013887.236673
16 5.65933 12.1809 2.65944 1504013888.44698
17 5.73844 12.1151 2.63351 1504013889.55642
18 5.81743 12.0474 2.60912 1504013890.665865
19 5.89902 11.9754 2.58548 1504013891.77529
20 5.97846 11.9027 2.56264 1504013892.884778
21 6.05365 11.8301 2.54156 1504013893.9942038
22 6.12997 11.7553 2.52166 1504013895.103648
23 6.20714 11.6814 2.50316 1504013896.213099
24 6.28344 11.6092 2.48629 1504013897.322527
25 6.36556 11.5315 2.46863 1504013898.431975
26 6.44001 11.4568 2.4528 1504013899.541417
27 6.51762 11.3746 2.43662 1504013900.650899
28 6.58695 11.301 2.42314 1504013901.6594381
29 6.6594 11.218 2.40906 1504013902.7688901
30 6.73603 11.1349 2.39705 1504013903.878322
31 6.80177 11.0602 2.38735 1504013904.886931
32 6.87494 10.978 2.37808 1504013905.996387
33 6.94745 10.8979 2.37004 1504013907.105827
34 7.01399 10.8204 2.36238 1504013908.1143968
35 7.07762 10.7424 2.35428 1504013909.122988
36 7.14765 10.6588 2.34469 1504013910.2324271
37 7.214 10.5771 2.33483 1504013911.241007
38 7.27613 10.4961 2.32526 1504013912.249616
39 7.33631 10.4163 2.31658 1504013913.258178
40 7.40228 10.3272 2.30651 1504013914.367693
41 7.46501 10.2391 2.29734 1504013915.477087
42 7.53037 10.1529 2.28769 1504013916.586536
43 7.5942 10.0656 2.27687 1504013917.695968
44 7.65525 9.97377 2.26452 1504013918.805423
45 7.71136 9.8896 2.25249 1504013919.8140092
46 7.76954 9.7965 2.23832 1504013920.923439
47 7.8256 9.70002 2.22301 1504013922.03289
48 7.87763 9.60589 2.20717 1504013923.142357
49 7.92986 9.51153 2.19145 1504013924.251785
50 7.98019 9.41652 2.17581 1504013925.361245
51 8.02868 9.31949 2.15932 1504013926.470666
52 8.07708 9.22158 2.14236 1504013927.580116
53 8.12267 9.12581 2.12514 1504013928.68957
54 8.16669 9.02535 2.10621 1504013929.798995
55 8.20768 8.92781 2.08776 1504013930.90843
56 8.24669 8.83269 2.06965 1504013931.9170198
57 8.28082 8.74023 2.05283 1504013932.925629
58 8.31367 8.63879 2.03499 1504013934.03506
59 8.3506 8.52982 2.01658 1504013935.245364
60 8.38438 8.4326 2.00174 1504013936.2539678
61 8.41771 8.33326 1.98782 1504013937.363405
62 8.44945 8.2337 1.975 1504013938.4728582
63 8.4815 8.12844 1.96131 1504013939.582299
64 8.50982 8.02116 1.94749 1504013940.6917162
65 8.53828 7.9168 1.93405 1504013941.801173
66 8.56476 7.81107 1.92021 1504013942.910629
67 8.58981 7.70525 1.90837 1504013943.919208
68 8.6113 7.60476 1.89846 1504013944.9278002
69 8.63496 7.50023 1.8899 1504013946.037245
70 8.65996 7.39311 1.88281 1504013947.146677
71 8.68319 7.29724 1.87782 1504013948.1552541
72 8.70805 7.1923 1.87253 1504013949.2647638
73 8.73326 7.08808 1.86739 1504013950.374188
74 8.75856 6.99087 1.86204 1504013951.382752
75 8.78322 6.89268 1.85633 1504013952.391325
76 8.80637 6.79283 1.8506 1504013953.399924
77 8.82942 6.68881 1.84566 1504013954.509347
78 8.85649 6.58904 1.84305 1504013955.517948
79 8.87818 6.48856 1.84168 1504013956.526539
80 8.90315 6.38644 1.8424 1504013957.535132
81 8.92665 6.29105 1.84464 1504013958.543694
82 8.95561 6.18419 1.8472 1504013959.653153
83 8.98499 6.08216 1.85088 1504013960.76262
84 9.01187 5.98565 1.85423 1504013961.771181
85 9.0409 5.88011 1.85891 1504013962.88063
86 9.07068 5.77622 1.86411 1504013963.990068
87 9.10025 5.67973 1.86968 1504013964.99868
88 9.13577 5.57316 1.87749 1504013966.108108
89 9.17095 5.47442 1.88655 1504013967.116711
90 9.20649 5.38055 1.89597 1504013968.1252859
91 9.24711 5.27601 1.90782 1504013969.234735
92 9.29005 5.18689 1.9192 1504013970.243296
93 9.33518 5.09656 1.93128 1504013971.251895
94 9.38262 5.00064 1.94402 1504013972.361342
95 9.42714 4.90414 1.95684 1504013973.4707851
96 9.47466 4.80966 1.96951 1504013974.580222
97 9.52788 4.7131 1.98347 1504013975.6896892
98 9.57787 4.62037 1.99773 1504013976.799111
99 9.63044 4.53004 2.01398 1504013977.908579
100 9.68585 4.43753 2.0328 1504013979.017993
101 9.74366 4.34924 2.05403 1504013980.12747
102 9.80523 4.26576 2.07768 1504013981.236894
103 9.86623 4.18415 2.10222 1504013982.346329
104 9.92864 4.10446 2.12747 1504013983.455782
105 9.99524 4.02404 2.15193 1504013984.5652192
106 10.0655 3.94684 2.17508 1504013985.674678
107 10.1388 3.86228 2.19865 1504013986.8849752
108 10.214 3.78767 2.2209 1504013987.994399
109 10.2863 3.71548 2.242 1504013989.103873
110 10.3594 3.6438 2.26427 1504013990.213313
111 10.439 3.57592 2.28836 1504013991.322765
112 10.5204 3.50989 2.31337 1504013992.432203
113 10.6003 3.44598 2.33807 1504013993.541673
114 10.6839 3.38315 2.36369 1504013994.651126
115 10.7671 3.3243 2.3902 1504013995.760551
116 10.8526 3.26712 2.41858 1504013996.8699908
117 10.9506 3.21522 2.4493 1504013997.979425
118 11.0345 3.16833 2.47783 1504013999.088869
119 11.1297 3.12169 2.5093 1504014000.2991848
120 11.2236 3.07895 2.54193 1504014001.5094872
121 11.3253 3.03883 2.57649 1504014002.7198021
122 11.4225 3.00667 2.60991 1504014003.930091
123 11.5224 2.97325 2.64471 1504014005.1403809
124 11.6169 2.94698 2.67759 1504014006.249826
125 11.7248 2.92353 2.71586 1504014007.560978
126 11.8349 2.90318 2.75382 1504014008.771301
127 11.9381 2.88695 2.78875 1504014009.981587
128 12.0447 2.87074 2.8216 1504014011.191885
129 12.1529 2.85495 2.8527 1504014012.40221
130 12.2621 2.84208 2.88334 1504014013.51166
131 12.366 2.83114 2.91205 1504014014.721948
132 12.4715 2.82496 2.94029 1504014015.9322681
133 12.5766 2.82241 2.9672 1504014017.041713
134 12.688 2.81903 2.99352 1504014018.252001
135 12.7883 2.82043 3.01414 1504014019.260583
136 12.8965 2.81498 3.03232 1504014020.370039
137 13.0019 2.80837 3.04723 1504014021.3786292
138 13.1055 2.80768 3.06081 1504014022.488054
139 13.2128 2.80663 3.07336 1504014023.5975208
140 13.3143 2.80612 3.084 1504014024.606092
141 13.4207 2.80525 3.09417 1504014025.715541
142 13.5298 2.80583 3.10228 1504014026.7241101
143 13.6284 2.80445 3.10744 1504014027.833575
144 13.7275 2.80131 3.11002 1504014028.8421729
145 13.8377 2.7985 3.11158 1504014029.9516082
146 13.9396 2.79071 3.11133 1504014030.960224
147 14.0394 2.78618 3.11036 1504014031.9687848
148 14.1446 2.77972 3.10902 1504014032.97735
149 14.2499 2.77701 3.10726 1504014033.985961
150 14.3595 2.77027 3.10606 1504014035.095405
151 14.4596 2.76177 3.10483 1504014036.103967
152 14.5535 2.75439 3.10339 1504014037.1125708
153 14.6586 2.74354 3.10107 1504014038.222006
154 14.7735 2.73423 3.09874 1504014039.331449
155 14.8708 2.72632 3.09677 1504014040.340032
156 14.9718 2.7155 3.09533 1504014041.34863
157 15.0811 2.70637 3.09423 1504014042.4580832
158 15.1823 2.69629 3.09374 1504014043.466665
159 15.2925 2.68753 3.09309 1504014044.576115
160 15.4054 2.68012 3.09232 1504014045.6855412
161 15.5135 2.67322 3.0915 1504014046.794988
162 15.6149 2.66573 3.09027 1504014047.803586
163 15.7083 2.65942 3.08896 1504014048.812166
164 15.8169 2.65246 3.0875 1504014049.921601
165 15.9336 2.63923 3.08493 1504014051.031052
166 16.0416 2.62941 3.08285 1504014051.9388008
167 16.1431 2.61499 3.08062 1504014053.0482152
168 16.2444 2.60311 3.07998 1504014054.056809
169 16.3479 2.59382 3.08039 1504014055.0653849
170 16.455 2.58303 3.08195 1504014056.1748328
171 16.5653 2.57464 3.08433 1504014057.284275
172 16.6692 2.56661 3.08656 1504014058.292865
173 16.7685 2.55926 3.08858 1504014059.402314
174 16.8815 2.55265 3.09007 1504014060.511771
175 16.9916 2.54545 3.09024 1504014061.621194
176 17.0989 2.53901 3.08899 1504014062.629785
177 17.1988 2.5336 3.08708 1504014063.638388
178 17.3031 2.52391 3.08451 1504014064.344411


# GT - pose_x pose_y orientation time
0 4.109 12.9205 3.1091 1504013869.76827
1 4.2162 12.9209 3.1016 1504013870.7879686
2 4.3178 12.9134 3.0893 1504013871.80807
3 4.4219 12.9071 3.0701 1504013872.887032
4 4.5304 12.8978 3.043 1504013874.1491282
5 4.6305 12.8855 3.0155 1504013875.0489817
6 4.7396 12.87 2.9833 1504013876.3684816
7 4.8407 12.8528 2.9523 1504013877.5668974
8 4.9371 12.833 2.9217 1504013878.6460166
9 5.041 12.8056 2.8888 1504013879.967206
10 5.1416 12.7786 2.8568 1504013881.1684422
11 5.2412 12.7477 2.8244 1504013882.3673058
12 5.3483 12.7104 2.7893 1504013883.6257734
13 5.4489 12.6712 2.7557 1504013884.827564
14 5.5463 12.6296 2.7226 1504013886.0295007
15 5.6425 12.5852 2.6911 1504013887.2275124
16 5.7393 12.5365 2.6604 1504013888.4263005
17 5.8302 12.4876 2.6333 1504013889.5675743
18 5.9165 12.4381 2.6093 1504013890.6479487
19 6.0089 12.3826 2.5846 1504013891.786573
20 6.0954 12.3279 2.5628 1504013892.87045
21 6.1827 12.2693 2.5418 1504013894.010147
22 6.267 12.21 2.5215 1504013895.0869498
23 6.3565 12.1454 2.5027 1504013896.2287827
24 6.4375 12.0868 2.4867 1504013897.3105142
25 6.5278 12.0186 2.4685 1504013898.4472566
26 6.6088 11.9558 2.4535 1504013899.5251598
27 6.6959 11.8852 2.4364 1504013900.6673417
28 6.7741 11.8196 2.4227 1504013901.6869764
29 6.853 11.7489 2.4094 1504013902.7645934
30 6.9322 11.677 2.3969 1504013903.8474813
31 7.0081 11.6086 2.3884 1504013904.8706212
32 7.0865 11.5313 2.3788 1504013906.0050397
33 7.162 11.4593 2.3707 1504013907.0874896
34 7.2337 11.3872 2.3627 1504013908.1079707
35 7.3091 11.3095 2.3539 1504013909.125176
36 7.38 11.2394 2.3451 1504013910.2071204
37 7.4525 11.1643 2.3355 1504013911.226901
38 7.5229 11.0893 2.3262 1504013912.2444375
39 7.5932 11.0139 2.3165 1504013913.2724855
40 7.6637 10.9359 2.307 1504013914.3471599
41 7.7376 10.8529 2.2972 1504013915.485147
42 7.8068 10.7716 2.2878 1504013916.5680814
43 7.8781 10.6887 2.2768 1504013917.7068443
44 7.9471 10.6073 2.2651 1504013918.7877421
45 8.011 10.5292 2.2526 1504013919.806613
46 8.0796 10.4418 2.2378 1504013920.951109
47 8.1445 10.3575 2.2228 1504013922.0249925
48 8.2099 10.2695 2.2066 1504013923.166102
49 8.2707 10.1858 2.1914 1504013924.2481184
50 8.3336 10.0961 2.1754 1504013925.386558
51 8.3911 10.01 2.1598 1504013926.4674258
52 8.4524 9.9191 2.1421 1504013927.608491
53 8.5082 9.8329 2.1248 1504013928.6861212
54 8.5676 9.7367 2.106 1504013929.8275394
55 8.6202 9.6482 2.088 1504013930.9080172
56 8.6714 9.5593 2.0701 1504013931.9264412
57 8.7217 9.4698 2.0522 1504013932.9487362
58 8.77 9.378 2.0347 1504013934.0280383
59 8.816 9.2801 2.0179 1504013935.2271295
60 8.8595 9.1899 2.0025 1504013936.2452912
61 8.9039 9.0914 1.9876 1504013937.387128
62 8.9463 8.9972 1.9753 1504013938.4699283
63 8.9912 8.894 1.9613 1504013939.6044173
64 9.0306 8.7973 1.9479 1504013940.686437
65 9.0707 8.6931 1.9341 1504013941.8305492
66 9.1074 8.5954 1.9213 1504013942.905776
67 9.1441 8.4906 1.909 1504013943.9255438
68 9.1772 8.3908 1.899 1504013944.9509249
69 9.2077 8.2934 1.8903 1504013946.0249305
70 9.2404 8.1881 1.8836 1504013947.1652446
71 9.2694 8.0974 1.8786 1504013948.126969
72 9.3017 7.9918 1.8736 1504013949.26718
73 9.3331 7.8918 1.8685 1504013950.3455439
74 9.3624 7.7951 1.8629 1504013951.36719
75 9.3935 7.6979 1.8567 1504013952.387052
76 9.423 7.5988 1.8516 1504013953.4063406
77 9.4525 7.4984 1.846 1504013954.4870753
78 9.4798 7.3981 1.8435 1504013955.5071445
79 9.5051 7.3 1.8411 1504013956.5264492
80 9.5349 7.1956 1.8415 1504013957.5463002
81 9.5623 7.097 1.8444 1504013958.5654383
82 9.5905 6.9948 1.8476 1504013959.64757
83 9.6214 6.888 1.8508 1504013960.7900562
84 9.6476 6.7942 1.8544 1504013961.7471352
85 9.6774 6.6875 1.8584 1504013962.8870606
86 9.7068 6.5847 1.8634 1504013963.9659095
87 9.736 6.4867 1.8698 1504013964.9843547
88 9.7683 6.38 1.8772 1504013966.1266606
89 9.798 6.2793 1.8867 1504013967.1469817
90 9.8276 6.1867 1.8957 1504013968.1053457
91 9.8641 6.0801 1.9074 1504013969.2459345
92 9.9003 5.9855 1.9197 1504013970.2659607
93 9.9365 5.8938 1.9303 1504013971.2237554
94 9.9776 5.7928 1.9438 1504013972.3667526
95 10.015 5.6972 1.9553 1504013973.445634
96 10.0573 5.5951 1.9686 1504013974.5837479
97 10.1009 5.4985 1.9829 1504013975.6687312
98 10.1462 5.3986 1.9967 1504013976.8057303
99 10.1886 5.3039 2.0129 1504013977.883862
100 10.2369 5.2038 2.0327 1504013979.028318
101 10.2821 5.1126 2.0526 1504013980.1061654
102 10.3326 5.0154 2.0771 1504013981.2442815
103 10.3797 4.9287 2.1012 1504013982.3242815
104 10.4329 4.8353 2.1272 1504013983.4676144
105 10.485 4.75 2.1508 1504013984.5479774
106 10.5454 4.6602 2.1742 1504013985.6840782
107 10.6057 4.5712 2.1979 1504013986.8854227
108 10.6671 4.4866 2.2198 1504013987.9656086
109 10.7313 4.404 2.2416 1504013989.1064568
110 10.7951 4.3254 2.2635 1504013990.1854086
111 10.8648 4.2436 2.2879 1504013991.326848
112 10.9316 4.1693 2.3121 1504013992.4036384
113 11.0023 4.0923 2.3375 1504013993.545239
114 11.0713 4.0208 2.3629 1504013994.629684
115 11.1469 3.9458 2.3908 1504013995.7652612
116 11.2185 3.8783 2.4176 1504013996.844172
117 11.2982 3.8075 2.4497 1504013997.990142
118 11.3744 3.7472 2.4768 1504013999.0651374
119 11.4639 3.679 2.5103 1504014000.3230162
120 11.5478 3.6195 2.5424 1504014001.523655
121 11.6358 3.5606 2.5769 1504014002.7274184
122 11.7214 3.5065 2.6096 1504014003.9251108
123 11.8108 3.4548 2.6446 1504014005.1230593
124 11.9032 3.4044 2.6789 1504014006.2636428
125 11.9997 3.3579 2.717 1504014007.5896037
126 12.0986 3.3152 2.7544 1504014008.7885218
127 12.194 3.2777 2.7889 1504014009.9869413
128 12.2935 3.2416 2.8219 1504014011.187171
129 12.3945 3.2072 2.8524 1504014012.3887768
130 12.4979 3.1744 2.8841 1504014013.5256019
131 12.601 3.1476 2.9122 1504014014.7229385
132 12.7038 3.1232 2.9399 1504014015.9239717
133 12.8079 3.1034 2.9671 1504014017.0673409
134 12.9159 3.0859 2.9923 1504014018.265119
135 13.0162 3.0697 3.0141 1504014019.282961
136 13.1167 3.0576 3.03 1504014020.3658533
137 13.2252 3.0432 3.0466 1504014021.384948
138 13.3278 3.0332 3.0596 1504014022.4657803
139 13.4408 3.0242 3.0724 1504014023.6061933
140 13.5426 3.0172 3.0838 1504014024.6281075
141 13.6473 3.0118 3.0929 1504014025.7027268
142 13.7506 3.0075 3.1012 1504014026.726654
143 13.851 3.0048 3.106 1504014027.804638
144 13.9519 3.0015 3.1089 1504014028.8228135
145 14.0633 2.9994 3.1104 1504014029.9650903
146 14.1665 2.9958 3.1103 1504014030.9851859
147 14.2656 2.9923 3.1093 1504014031.9450173
148 14.3693 2.9895 3.1082 1504014032.9665961
149 14.4758 2.9868 3.1064 1504014033.9873612
150 14.5867 2.9831 3.1051 1504014035.1242025
151 14.6838 2.9794 3.1035 1504014036.0866058
152 14.7877 2.9725 3.1014 1504014037.1056519
153 14.8963 2.9666 3.0982 1504014038.2443652
154 14.9982 2.9624 3.0973 1504014039.3268936
155 15.103 2.958 3.0956 1504014040.3427808
156 15.2079 2.9519 3.0943 1504014041.363768
157 15.3118 2.9463 3.0935 1504014042.4455574
158 15.4133 2.9403 3.0932 1504014043.4622362
159 15.5259 2.9347 3.0915 1504014044.6037092
160 15.6336 2.928 3.0915 1504014045.685413
161 15.7467 2.9221 3.0903 1504014046.8234966
162 15.8428 2.9176 3.0894 1504014047.783177
163 15.9468 2.9158 3.0873 1504014048.80505
164 16.0566 2.9084 3.086 1504014049.9426186
165 16.1638 2.9036 3.0839 1504014051.0254188
166 16.269 2.8965 3.0821 1504014051.9252307
167 16.3735 2.8888 3.0801 1504014053.062242
168 16.4776 2.8803 3.0797 1504014054.0841887
169 16.5758 2.8725 3.0798 1504014055.0444994
170 16.6869 2.864 3.0816 1504014056.18257
171 16.79 2.8568 3.0819 1504014057.266754
172 16.8934 2.8509 3.0863 1504014058.2840886
173 17.0048 2.8431 3.0882 1504014059.425353
174 17.1112 2.8382 3.0901 1504014060.504922
175 17.2243 2.8329 3.0907 1504014061.6457653
176 17.3235 2.8296 3.0894 1504014062.6023958
177 17.4265 2.8258 3.0874 1504014063.623438
178 17.53 2.8214 3.085 1504014064.343082


# Displacement and sum and time
0 -0.0003412622701405438 -0.0003412622701405438 1504013870.796702
1 0.0018745947921437744 0.0015333325220032307 1504013871.80531
2 -0.0042508342106724745 -0.002717501688669244 1504013872.914737
3 -0.0058985795114634 -0.008616081200132644 1504013874.125063
4 0.0012442244408790715 -0.007371856759253573 1504013875.0327628
5 -0.0016332102924010022 -0.009005067051654575 1504013876.343955
6 -0.0038490547453627205 -0.012854121797017296 1504013877.5542521
7 -0.0027994401533957824 -0.015653561950413078 1504013878.663689
8 -0.0080899571666804 -0.02374351911709348 1504013879.974874
9 -0.005765854504984597 -0.029509373622078075 1504013881.185162
10 -0.0072547097058974774 -0.03676408332797555 1504013882.3954601
11 0.0015254220770988813 -0.03523866125087667 1504013883.605748
12 -0.0027815431931878937 -0.038020204444064565 1504013884.816053
13 -0.005409703927851964 -0.04342990837191653 1504013886.026359
14 -0.0064202576880774825 -0.04985016605999401 1504013887.236673
15 -0.004686949328852857 -0.05453711538884687 1504013888.44698
16 0.0003201485939416243 -0.054216966794905244 1504013889.55642
17 -0.004543863811671933 -0.05876083060657718 1504013890.665865
18 -0.001029155649428709 -0.059789986256005886 1504013891.77529
19 -0.005340518632726651 -0.06513050488873254 1504013892.884778
20 0.0006245914089426235 -0.06450591347978991 1504013893.9942038
21 -0.0037955402061857213 -0.06830145368597564 1504013895.103648
22 0.003530841823062958 -0.06477061186291268 1504013896.213099
23 -0.005070574325803795 -0.06984118618871647 1504013897.322527
24 0.00010762215091218719 -0.06973356403780429 1504013898.431975
25 -0.0029720028468835646 -0.07270556688468785 1504013899.541417
26 -0.0009298895697763265 -0.07363545645446418 1504013900.650899
27 0.0009596802368643242 -0.07267577621759985 1504013901.6594381
28 -0.00423063797364015 -0.07690641419124 1504013902.7688901
29 -0.006070331643369287 -0.08297674583460929 1504013903.878322
30 0.0026652576732553446 -0.08031148816135394 1504013904.886931
31 5.069820156099192e-05 -0.08026078995979295 1504013905.996387
32 -0.0037173358130027506 -0.0839781257727957 1504013907.105827
33 -0.0004637311920731302 -0.08444185696486883 1504013908.1143968
34 0.00760856839562811 -0.07683328856924072 1504013909.122988
35 -0.009352108761985153 -0.08618539733122588 1504013910.2324271
36 -0.0008631850781531253 -0.087048582409379 1504013911.241007
37 0.0007807957422015649 -0.08626778666717744 1504013912.249616
38 0.0031402055051281685 -0.08312758116204927 1504013913.258178
39 -0.005724916609475272 -0.08885249777152454 1504013914.367693
40 0.002980387271502377 -0.08587211050002216 1504013915.477087
41 -0.0014145294468904113 -0.08728663994691258 1504013916.586536
42 0.001197945412873408 -0.08608869453403917 1504013917.695968
43 -0.003562016575752336 -0.0896507111097915 1504013918.805423
44 -0.00024794145741682816 -0.08989865256720833 1504013919.8140092
45 0.0013228148552618668 -0.08857583771194646 1504013920.923439
46 -0.005196120642245089 -0.09377195835419155 1504013922.03289
47 0.0020883761696706554 -0.0916835821845209 1504013923.142357
48 -0.004398675573497601 -0.0960822577580185 1504013924.251785
49 0.002038439494001551 -0.09404381826401695 1504013925.361245
50 -0.004936834834253556 -0.0989806530982705 1504013926.470666
51 0.00041840845077889544 -0.09856224464749161 1504013927.580116
52 -0.003383253887314641 -0.10194549853480625 1504013928.68957
53 0.0033798164347332016 -0.09856568210007305 1504013929.798995
54 -0.0028513028442593846 -0.10141698494433243 1504013930.90843
55 -0.0002188163725417025 -0.10163580131687414 1504013931.9170198
56 0.00410801019606917 -0.09752779112080497 1504013932.925629
57 -0.0028953860024910766 -0.10042317712329604 1504013934.03506
58 -0.006889316374641907 -0.10731249349793795 1504013935.245364
59 -0.00278006069409463 -0.11009255419203258 1504013936.2539678
60 0.0032622097020977014 -0.10683034448993488 1504013937.363405
61 -0.001194522835502948 -0.10802486732543783 1504013938.4728582
62 0.0025132123728236477 -0.10551165495261418 1504013939.582299
63 -0.0065364109368474255 -0.1120480658894616 1504013940.6917162
64 0.0034786015567683376 -0.10856946433269327 1504013941.801173
65 -0.004629912270877612 -0.11319937660357088 1504013942.910629
66 0.002295678306235144 -0.11090369829733573 1504013943.919208
67 0.00238369754401814 -0.1085200007533176 1504013944.9278002
68 -0.005110479725239717 -0.11363048047855731 1504013946.037245
69 0.00026189880283616906 -0.11336858167572114 1504013947.146677
70 -0.0034208898488726214 -0.11678947152459376 1504013948.1552541
71 0.002584949384558985 -0.11420452214003478 1504013949.2647638
72 -0.002411777832829684 -0.11661629997286446 1504013950.374188
73 0.0005931112895264101 -0.11602318868333805 1504013951.382752
74 0.0008148728593687093 -0.11520831582396934 1504013952.391325
75 0.0008990699924371487 -0.1143092458315322 1504013953.399924
76 -0.001899037552263949 -0.11620828338379614 1504013954.509347
77 0.0005717669131737463 -0.1156365164706224 1504013955.517948
78 -0.0014844688974509218 -0.11712098536807332 1504013956.526539
79 0.0034413227667556 -0.11367966260131772 1504013957.535132
80 0.004094249605091138 -0.10958541299622658 1504013958.543694
81 -0.0046954402233963105 -0.11428085321962289 1504013959.653153
82 0.005004436461634593 -0.1092764167579883 1504013960.76262
83 -0.00279305571649284 -0.11206947247448114 1504013961.771181
84 0.0013235268196669092 -0.11074594565481423 1504013962.88063
85 -0.0011524919659249705 -0.1118984376207392 1504013963.990068
86 0.0013384142028012996 -0.1105600234179379 1504013964.99868
87 -0.0008518419817303696 -0.11141186539966827 1504013966.108108
88 0.00016853470706935936 -0.11124333069259891 1504013967.116711
89 -0.0031568058363666412 -0.11440013652896555 1504013968.1252859
90 0.0005213449579653806 -0.11387879157100017 1504013969.234735
91 0.00236436831771257 -0.1115144232532876 1504013970.243296
92 -0.0023897001966401987 -0.1139041234499278 1504013971.251895
93 0.0020319596421034675 -0.11187216380782433 1504013972.361342
94 -0.003619206290653973 -0.1154913700984783 1504013973.4707851
95 0.0047582421651228834 -0.11073312793335542 1504013974.580222
96 -0.004271584044894694 -0.11500471197825012 1504013975.6896892
97 0.004344581608880918 -0.1106601303693692 1504013976.799111
98 -0.000755087393882789 -0.11141521776325199 1504013977.908579
99 0.0033086890189548274 -0.10810652874429716 1504013979.017993
100 -0.00374611206147972 -0.11185264080577688 1504013980.12747
101 0.005806456499239665 -0.10604618430653721 1504013981.236894
102 -0.0032205113575958233 -0.10926669566413304 1504013982.346329
103 0.0062685259993409265 -0.10299816966479211 1504013983.455782
104 -0.004464638234254886 -0.107462807899047 1504013984.5652192
105 0.0038375378879926952 -0.1036252700110543 1504013985.674678
106 -0.004403570949843713 -0.10802884096089801 1504013986.8849752
107 -0.0013996227613207457 -0.10942846372221876 1504013987.994399
108 0.002445598004091845 -0.10698286571812692 1504013989.103873
109 -0.0011454622079356408 -0.10812832792606256 1504013990.213313
110 0.002854930385444737 -0.10527339754061782 1504013991.322765
111 -0.004900131164540286 -0.1101735287051581 1504013992.432203
112 0.0022189567468781507 -0.10795457195827995 1504013993.541673
113 -0.0052138227365579465 -0.1131683946948379 1504013994.651126
114 0.00458154637016539 -0.10858684832467251 1504013995.760551
115 -0.00445689610647601 -0.11304374443114852 1504013996.8699908
116 -0.004289101924863314 -0.11733284635601184 1504013997.979425
117 0.001058779646134017 -0.11627406670987782 1504013999.088869
118 0.0065122983691209 -0.10976176834075692 1504014000.2991848
119 -0.0003128616875171103 -0.11007463002827403 1504014001.5094872
120 -0.0034350643702243944 -0.11350969439849842 1504014002.7198021
121 -0.0011192789705218031 -0.11462897336902023 1504014003.930091
122 -0.0020691576664368244 -0.11669813103545705 1504014005.1403809
123 0.007168249668885449 -0.1095298813665716 1504014006.249826
124 -0.0032997124081614593 -0.11282959377473306 1504014007.560978
125 -0.004240686880645689 -0.11707028065537875 1504014008.771301
126 -0.001962771779142322 -0.11903305243452107 1504014009.981587
127 -0.0019790353123952387 -0.12101208774691631 1504014011.191885
128 -0.00264855854590397 -0.12366064629282028 1504014012.40221
129 -0.001478147741686156 -0.12513879403450645 1504014013.51166
130 0.002051919687081863 -0.12308687434742459 1504014014.721948
131 -2.4805890812676368e-05 -0.12311168023823726 1504014015.9322681
132 0.0008353379450863063 -0.12227634229315096 1504014017.041713
133 -0.0020426270009130526 -0.12431896929406401 1504014018.252001
134 0.0012900821500189258 -0.12302888714404508 1504014019.260583
135 -0.007111383216512029 -0.13014027036055711 1504014020.370039
136 0.003844340110900471 -0.12629593024965663 1504014021.3786292
137 -0.0005161202135118281 -0.12681205046316846 1504014022.488054
138 0.006052703145477845 -0.12075934731769061 1504014023.5975208
139 0.0005391028896500477 -0.12022024442804057 1504014024.606092
140 -0.0015643942714148873 -0.12178463869945545 1504014025.715541
141 -0.005712083817447394 -0.12749672251690286 1504014026.7241101
142 0.0018266414913911955 -0.12567008102551167 1504014027.833575
143 0.0018042166658430725 -0.12386586435966859 1504014028.8421729
144 0.0011839713753075687 -0.12268189298436102 1504014029.9516082
145 0.0010654423857325568 -0.12161645059862847 1504014030.960224
146 -0.0007409702244185884 -0.12235742082304706 1504014031.9687848
147 -0.001660363016379257 -0.12401778383942631 1504014032.97735
148 0.0011993533571854481 -0.12281843048224086 1504014033.985961
149 0.001154657973174919 -0.12166377250906595 1504014035.095405
150 -0.003289772126659221 -0.12495354463572517 1504014036.103967
151 0.00993929617222264 -0.11501424846350253 1504014037.1125708
152 0.0031015832790772663 -0.11191266518442526 1504014038.222006
153 -0.013290044816159932 -0.1252027100005852 1504014039.331449
154 0.007271333636839114 -0.11793137636374608 1504014040.340032
155 0.003499296754354342 -0.11443207960939174 1504014041.34863
156 -0.00562985383414559 -0.12006193344353733 1504014042.4580832
157 -2.3583677098329425e-05 -0.12008551712063566 1504014043.466665
158 0.0021915420584793233 -0.11789397506215633 1504014044.576115
159 -0.005234708346732911 -0.12312868340888924 1504014045.6855412
160 0.0049337968869751225 -0.11819488652191412 1504014046.794988
161 -0.005470950096886168 -0.12366583661880029 1504014047.803586
162 0.010402670129334782 -0.11326316648946551 1504014048.812166
163 0.0012262808779959639 -0.11203688561146954 1504014049.921601
164 -0.010140123663645681 -0.12217700927511523 1504014051.031052
165 -0.0030062082979579324 -0.12518321757307316 1504014051.9388008
166 0.0022641000432199465 -0.12291911752985321 1504014053.0482152
167 0.00245220851520446 -0.12046690901464875 1504014054.056809
168 -0.005406802729547244 -0.12587371174419598 1504014055.0653849
169 0.003782525448819754 -0.12209118629537623 1504014056.1748328
170 -0.007267532979053887 -0.1293587192744301 1504014057.284275
171 -0.000641650608990435 -0.13000036988342054 1504014058.292865
172 0.01210109109323107 -0.11789927879018947 1504014059.402314
173 -0.0066803935918337 -0.12457967238202317 1504014060.511771
174 0.002888942856287019 -0.12169072952573615 1504014061.621194
175 -0.008238212353565755 -0.1299289418793019 1504014062.629785
176 0.003023693506569433 -0.12690524837273248 1504014063.638388
177 -0.001155673640751989 -0.12806092201348446 1504014064.344411


# Displacement abs and sum and time
0 0.0003412622701405438 0.0003412622701405438 1504013870.796702 NDTFuser
1 0.0018745947921437744 0.0022158570622843182 1504013871.80531 NDTFuser
2 0.0042508342106724745 0.006466691272956793 1504013872.914737 NDTFuser
3 0.0058985795114634 0.012365270784420193 1504013874.125063 NDTFuser
4 0.0012442244408790715 0.013609495225299265 1504013875.0327628 NDTFuser
5 0.0016332102924010022 0.015242705517700267 1504013876.343955 NDTFuser
6 0.0038490547453627205 0.019091760263062987 1504013877.5542521 NDTFuser
7 0.0027994401533957824 0.02189120041645877 1504013878.663689 NDTFuser
8 0.0080899571666804 0.02998115758313917 1504013879.974874 NDTFuser
9 0.005765854504984597 0.03574701208812377 1504013881.185162 NDTFuser
10 0.0072547097058974774 0.043001721794021244 1504013882.3954601 NDTFuser
11 0.0015254220770988813 0.044527143871120126 1504013883.605748 NDTFuser
12 0.0027815431931878937 0.04730868706430802 1504013884.816053 NDTFuser
13 0.005409703927851964 0.05271839099215998 1504013886.026359 NDTFuser
14 0.0064202576880774825 0.059138648680237466 1504013887.236673 NDTFuser
15 0.004686949328852857 0.06382559800909032 1504013888.44698 NDTFuser
16 0.0003201485939416243 0.06414574660303195 1504013889.55642 NDTFuser
17 0.004543863811671933 0.06868961041470388 1504013890.665865 NDTFuser
18 0.001029155649428709 0.06971876606413259 1504013891.77529 NDTFuser
19 0.005340518632726651 0.07505928469685924 1504013892.884778 NDTFuser
20 0.0006245914089426235 0.07568387610580186 1504013893.9942038 NDTFuser
21 0.0037955402061857213 0.07947941631198759 1504013895.103648 NDTFuser
22 0.003530841823062958 0.08301025813505054 1504013896.213099 NDTFuser
23 0.005070574325803795 0.08808083246085434 1504013897.322527 NDTFuser
24 0.00010762215091218719 0.08818845461176653 1504013898.431975 NDTFuser
25 0.0029720028468835646 0.09116045745865009 1504013899.541417 NDTFuser
26 0.0009298895697763265 0.09209034702842642 1504013900.650899 NDTFuser
27 0.0009596802368643242 0.09305002726529074 1504013901.6594381 NDTFuser
28 0.00423063797364015 0.09728066523893089 1504013902.7688901 NDTFuser
29 0.006070331643369287 0.10335099688230018 1504013903.878322 NDTFuser
30 0.0026652576732553446 0.10601625455555552 1504013904.886931 NDTFuser
31 5.069820156099192e-05 0.10606695275711651 1504013905.996387 NDTFuser
32 0.0037173358130027506 0.10978428857011927 1504013907.105827 NDTFuser
33 0.0004637311920731302 0.1102480197621924 1504013908.1143968 NDTFuser
34 0.00760856839562811 0.1178565881578205 1504013909.122988 NDTFuser
35 0.009352108761985153 0.12720869691980566 1504013910.2324271 NDTFuser
36 0.0008631850781531253 0.12807188199795877 1504013911.241007 NDTFuser
37 0.0007807957422015649 0.12885267774016035 1504013912.249616 NDTFuser
38 0.0031402055051281685 0.13199288324528852 1504013913.258178 NDTFuser
39 0.005724916609475272 0.1377177998547638 1504013914.367693 NDTFuser
40 0.002980387271502377 0.14069818712626617 1504013915.477087 NDTFuser
41 0.0014145294468904113 0.14211271657315658 1504013916.586536 NDTFuser
42 0.001197945412873408 0.14331066198602999 1504013917.695968 NDTFuser
43 0.003562016575752336 0.14687267856178232 1504013918.805423 NDTFuser
44 0.00024794145741682816 0.14712062001919915 1504013919.8140092 NDTFuser
45 0.0013228148552618668 0.14844343487446102 1504013920.923439 NDTFuser
46 0.005196120642245089 0.1536395555167061 1504013922.03289 NDTFuser
47 0.0020883761696706554 0.15572793168637677 1504013923.142357 NDTFuser
48 0.004398675573497601 0.16012660725987438 1504013924.251785 NDTFuser
49 0.002038439494001551 0.16216504675387594 1504013925.361245 NDTFuser
50 0.004936834834253556 0.1671018815881295 1504013926.470666 NDTFuser
51 0.00041840845077889544 0.1675202900389084 1504013927.580116 NDTFuser
52 0.003383253887314641 0.17090354392622303 1504013928.68957 NDTFuser
53 0.0033798164347332016 0.17428336036095624 1504013929.798995 NDTFuser
54 0.0028513028442593846 0.17713466320521562 1504013930.90843 NDTFuser
55 0.0002188163725417025 0.17735347957775732 1504013931.9170198 NDTFuser
56 0.00410801019606917 0.18146148977382648 1504013932.925629 NDTFuser
57 0.0028953860024910766 0.18435687577631754 1504013934.03506 NDTFuser
58 0.006889316374641907 0.19124619215095945 1504013935.245364 NDTFuser
59 0.00278006069409463 0.1940262528450541 1504013936.2539678 NDTFuser
60 0.0032622097020977014 0.1972884625471518 1504013937.363405 NDTFuser
61 0.001194522835502948 0.19848298538265474 1504013938.4728582 NDTFuser
62 0.0025132123728236477 0.2009961977554784 1504013939.582299 NDTFuser
63 0.0065364109368474255 0.20753260869232582 1504013940.6917162 NDTFuser
64 0.0034786015567683376 0.21101121024909414 1504013941.801173 NDTFuser
65 0.004629912270877612 0.21564112251997175 1504013942.910629 NDTFuser
66 0.002295678306235144 0.2179368008262069 1504013943.919208 NDTFuser
67 0.00238369754401814 0.22032049837022505 1504013944.9278002 NDTFuser
68 0.005110479725239717 0.22543097809546475 1504013946.037245 NDTFuser
69 0.00026189880283616906 0.22569287689830092 1504013947.146677 NDTFuser
70 0.0034208898488726214 0.22911376674717354 1504013948.1552541 NDTFuser
71 0.002584949384558985 0.23169871613173254 1504013949.2647638 NDTFuser
72 0.002411777832829684 0.23411049396456224 1504013950.374188 NDTFuser
73 0.0005931112895264101 0.23470360525408865 1504013951.382752 NDTFuser
74 0.0008148728593687093 0.23551847811345736 1504013952.391325 NDTFuser
75 0.0008990699924371487 0.2364175481058945 1504013953.399924 NDTFuser
76 0.001899037552263949 0.23831658565815844 1504013954.509347 NDTFuser
77 0.0005717669131737463 0.23888835257133217 1504013955.517948 NDTFuser
78 0.0014844688974509218 0.24037282146878308 1504013956.526539 NDTFuser
79 0.0034413227667556 0.24381414423553868 1504013957.535132 NDTFuser
80 0.004094249605091138 0.24790839384062982 1504013958.543694 NDTFuser
81 0.0046954402233963105 0.25260383406402614 1504013959.653153 NDTFuser
82 0.005004436461634593 0.2576082705256607 1504013960.76262 NDTFuser
83 0.00279305571649284 0.26040132624215356 1504013961.771181 NDTFuser
84 0.0013235268196669092 0.2617248530618205 1504013962.88063 NDTFuser
85 0.0011524919659249705 0.26287734502774546 1504013963.990068 NDTFuser
86 0.0013384142028012996 0.26421575923054674 1504013964.99868 NDTFuser
87 0.0008518419817303696 0.2650676012122771 1504013966.108108 NDTFuser
88 0.00016853470706935936 0.26523613591934647 1504013967.116711 NDTFuser
89 0.0031568058363666412 0.2683929417557131 1504013968.1252859 NDTFuser
90 0.0005213449579653806 0.26891428671367845 1504013969.234735 NDTFuser
91 0.00236436831771257 0.27127865503139104 1504013970.243296 NDTFuser
92 0.0023897001966401987 0.27366835522803123 1504013971.251895 NDTFuser
93 0.0020319596421034675 0.2757003148701347 1504013972.361342 NDTFuser
94 0.003619206290653973 0.2793195211607887 1504013973.4707851 NDTFuser
95 0.0047582421651228834 0.28407776332591156 1504013974.580222 NDTFuser
96 0.004271584044894694 0.28834934737080625 1504013975.6896892 NDTFuser
97 0.004344581608880918 0.29269392897968716 1504013976.799111 NDTFuser
98 0.000755087393882789 0.29344901637356996 1504013977.908579 NDTFuser
99 0.0033086890189548274 0.2967577053925248 1504013979.017993 NDTFuser
100 0.00374611206147972 0.3005038174540045 1504013980.12747 NDTFuser
101 0.005806456499239665 0.30631027395324417 1504013981.236894 NDTFuser
102 0.0032205113575958233 0.30953078531084 1504013982.346329 NDTFuser
103 0.0062685259993409265 0.3157993113101809 1504013983.455782 NDTFuser
104 0.004464638234254886 0.3202639495444358 1504013984.5652192 NDTFuser
105 0.0038375378879926952 0.3241014874324285 1504013985.674678 NDTFuser
106 0.004403570949843713 0.32850505838227223 1504013986.8849752 NDTFuser
107 0.0013996227613207457 0.32990468114359295 1504013987.994399 NDTFuser
108 0.002445598004091845 0.3323502791476848 1504013989.103873 NDTFuser
109 0.0011454622079356408 0.33349574135562043 1504013990.213313 NDTFuser
110 0.002854930385444737 0.33635067174106514 1504013991.322765 NDTFuser
111 0.004900131164540286 0.34125080290560544 1504013992.432203 NDTFuser
112 0.0022189567468781507 0.3434697596524836 1504013993.541673 NDTFuser
113 0.0052138227365579465 0.34868358238904157 1504013994.651126 NDTFuser
114 0.00458154637016539 0.35326512875920696 1504013995.760551 NDTFuser
115 0.00445689610647601 0.35772202486568294 1504013996.8699908 NDTFuser
116 0.004289101924863314 0.36201112679054626 1504013997.979425 NDTFuser
117 0.001058779646134017 0.36306990643668025 1504013999.088869 NDTFuser
118 0.0065122983691209 0.3695822048058012 1504014000.2991848 NDTFuser
119 0.0003128616875171103 0.36989506649331827 1504014001.5094872 NDTFuser
120 0.0034350643702243944 0.37333013086354266 1504014002.7198021 NDTFuser
121 0.0011192789705218031 0.3744494098340645 1504014003.930091 NDTFuser
122 0.0020691576664368244 0.37651856750050133 1504014005.1403809 NDTFuser
123 0.007168249668885449 0.3836868171693868 1504014006.249826 NDTFuser
124 0.0032997124081614593 0.38698652957754825 1504014007.560978 NDTFuser
125 0.004240686880645689 0.3912272164581939 1504014008.771301 NDTFuser
126 0.001962771779142322 0.39318998823733625 1504014009.981587 NDTFuser
127 0.0019790353123952387 0.3951690235497315 1504014011.191885 NDTFuser
128 0.00264855854590397 0.39781758209563545 1504014012.40221 NDTFuser
129 0.001478147741686156 0.3992957298373216 1504014013.51166 NDTFuser
130 0.002051919687081863 0.40134764952440344 1504014014.721948 NDTFuser
131 2.4805890812676368e-05 0.4013724554152161 1504014015.9322681 NDTFuser
132 0.0008353379450863063 0.40220779336030243 1504014017.041713 NDTFuser
133 0.0020426270009130526 0.4042504203612155 1504014018.252001 NDTFuser
134 0.0012900821500189258 0.4055405025112344 1504014019.260583 NDTFuser
135 0.007111383216512029 0.41265188572774647 1504014020.370039 NDTFuser
136 0.003844340110900471 0.4164962258386469 1504014021.3786292 NDTFuser
137 0.0005161202135118281 0.41701234605215876 1504014022.488054 NDTFuser
138 0.006052703145477845 0.4230650491976366 1504014023.5975208 NDTFuser
139 0.0005391028896500477 0.42360415208728663 1504014024.606092 NDTFuser
140 0.0015643942714148873 0.4251685463587015 1504014025.715541 NDTFuser
141 0.005712083817447394 0.43088063017614886 1504014026.7241101 NDTFuser
142 0.0018266414913911955 0.4327072716675401 1504014027.833575 NDTFuser
143 0.0018042166658430725 0.43451148833338316 1504014028.8421729 NDTFuser
144 0.0011839713753075687 0.4356954597086907 1504014029.9516082 NDTFuser
145 0.0010654423857325568 0.4367609020944233 1504014030.960224 NDTFuser
146 0.0007409702244185884 0.4375018723188419 1504014031.9687848 NDTFuser
147 0.001660363016379257 0.43916223533522114 1504014032.97735 NDTFuser
148 0.0011993533571854481 0.4403615886924066 1504014033.985961 NDTFuser
149 0.001154657973174919 0.44151624666558154 1504014035.095405 NDTFuser
150 0.003289772126659221 0.44480601879224074 1504014036.103967 NDTFuser
151 0.00993929617222264 0.45474531496446335 1504014037.1125708 NDTFuser
152 0.0031015832790772663 0.45784689824354063 1504014038.222006 NDTFuser
153 0.013290044816159932 0.47113694305970055 1504014039.331449 NDTFuser
154 0.007271333636839114 0.4784082766965397 1504014040.340032 NDTFuser
155 0.003499296754354342 0.481907573450894 1504014041.34863 NDTFuser
156 0.00562985383414559 0.4875374272850396 1504014042.4580832 NDTFuser
157 2.3583677098329425e-05 0.48756101096213794 1504014043.466665 NDTFuser
158 0.0021915420584793233 0.48975255302061727 1504014044.576115 NDTFuser
159 0.005234708346732911 0.49498726136735016 1504014045.6855412 NDTFuser
160 0.0049337968869751225 0.4999210582543253 1504014046.794988 NDTFuser
161 0.005470950096886168 0.5053920083512115 1504014047.803586 NDTFuser
162 0.010402670129334782 0.5157946784805463 1504014048.812166 NDTFuser
163 0.0012262808779959639 0.5170209593585422 1504014049.921601 NDTFuser
164 0.010140123663645681 0.5271610830221879 1504014051.031052 NDTFuser
165 0.0030062082979579324 0.5301672913201458 1504014051.9388008 NDTFuser
166 0.0022641000432199465 0.5324313913633658 1504014053.0482152 NDTFuser
167 0.00245220851520446 0.5348835998785703 1504014054.056809 NDTFuser
168 0.005406802729547244 0.5402904026081174 1504014055.0653849 NDTFuser
169 0.003782525448819754 0.5440729280569372 1504014056.1748328 NDTFuser
170 0.007267532979053887 0.5513404610359911 1504014057.284275 NDTFuser
171 0.000641650608990435 0.5519821116449816 1504014058.292865 NDTFuser
172 0.01210109109323107 0.5640832027382127 1504014059.402314 NDTFuser
173 0.0066803935918337 0.5707635963300464 1504014060.511771 NDTFuser
174 0.002888942856287019 0.5736525391863334 1504014061.621194 NDTFuser
175 0.008238212353565755 0.5818907515398992 1504014062.629785 NDTFuser
176 0.003023693506569433 0.5849144450464686 1504014063.638388 NDTFuser
177 0.001155673640751989 0.5860701186872206 1504014064.344411 NDTFuser


# Distance slam gt + time
0 0.0048463285072309755 1504013869.788131
1 0.018978221729128594 1504013870.796702
2 0.025289580858527186 1504013871.80531
3 0.040101999950126525 1504013872.914737
4 0.060724933923389963 1504013874.125063
5 0.08013411321029315 1504013875.0327628
6 0.10946448236756903 1504013876.343955
7 0.13543020933307273 1504013877.5542521
8 0.15863988306853968 1504013878.663689
9 0.18269946606380677 1504013879.974874
10 0.2087148533286511 1504013881.185162
11 0.23700531723993 1504013882.3954601
12 0.26179937662263353 1504013883.605748
13 0.2884798842207208 1504013884.816053
14 0.31381127194541547 1504013886.026359
15 0.338854286677917 1504013887.236673
16 0.36448122160133384 1504013888.44698
17 0.3836354357981029 1504013889.55642
18 0.4030649512175434 1504013890.665865
19 0.42176469079333745 1504013891.77529
20 0.4409875322500627 1504013892.884778
21 0.45776690848072393 1504013893.9942038
22 0.4748992639497357 1504013895.103648
23 0.4874468274591602 1504013896.213099
24 0.5018328841357457 1504013897.322527
25 0.5134084413018545 1504013898.431975
26 0.5267742059934222 1504013899.541417
27 0.5408291027672236 1504013900.650899
28 0.5513357257606287 1504013901.6594381
29 0.5650980180464278 1504013902.7688901
30 0.5765024535073544 1504013903.878322
31 0.5859305666203111 1504013904.886931
32 0.5923668825989518 1504013905.996387
33 0.6010005511644735 1504013907.105827
34 0.6078936782859324 1504013908.1143968
35 0.6125237957826619 1504013909.122988
36 0.6253661987187992 1504013910.2324271
37 0.6337871014780917 1504013911.241007
38 0.6424808735674543 1504013912.249616
39 0.6504753893115404 1504013913.258178
40 0.6624621546926291 1504013914.367693
41 0.6716068404207918 1504013915.477087
42 0.6776453607160596 1504013916.586536
43 0.6847282818753736 1504013917.695968
44 0.6975218157161829 1504013918.805423
45 0.7063089193830128 1504013919.8140092
46 0.7159254804796379 1504013920.923439
47 0.7307374086496463 1504013922.03289
48 0.7421466061365504 1504013923.142357
49 0.7555209715818615 1504013924.251785
50 0.7659814648540784 1504013925.361245
51 0.7798412123631322 1504013926.470666
52 0.7920853822663321 1504013927.580116
53 0.805363054156324 1504013928.68957
54 0.8165461717502587 1504013929.798995
55 0.8301412545464782 1504013930.90843
56 0.8416297738317021 1504013931.9170198
57 0.8524362494051966 1504013932.925629
58 0.868716578062143 1504013934.03506
59 0.8829027343937712 1504013935.245364
60 0.8940035259438291 1504013936.2539678
61 0.9006425349160465 1504013937.363405
62 0.9109292906148085 1504013938.4728582
63 0.919715283987387 1504013939.582299
64 0.9346684481675842 1504013940.6917162
65 0.9413356183636093 1504013941.801173
66 0.9537461499266984 1504013942.910629
67 0.9612554429494796 1504013943.919208
68 0.9685564989199135 1504013944.9278002
69 0.9783403071017781 1504013946.037245
70 0.9843371849625512 1504013947.146677
71 0.9919164227393351 1504013948.1552541
72 0.9958014724331345 1504013949.2647638
73 1.002882776798964 1504013950.374188
74 1.0056881417715928 1504013951.382752
75 1.010356831421453 1504013952.391325
76 1.0148005704570726 1504013953.399924
77 1.0215990673938578 1504013954.509347
78 1.0213194601592583 1504013955.517948
79 1.0254089720691937 1504013956.526539
80 1.0265709756758172 1504013957.535132
81 1.0264532746306578 1504013958.543694
82 1.0296474562684064 1504013959.653153
83 1.0268377640601263 1504013960.76262
84 1.0285454464436665 1504013961.771181
85 1.0281103355671508 1504013962.88063
86 1.0287315319362964 1504013963.990068
87 1.0273162333965131 1504013964.99868
88 1.0252243591038985 1504013966.108108
89 1.0203055997592096 1504013967.116711
90 1.0176715848445408 1504013968.1252859
91 1.013527201509659 1504013969.234735
92 1.0050786012049002 1504013970.243296
93 0.998587682679894 1504013971.251895
94 0.9907162388898254 1504013972.361342
95 0.9871795901455827 1504013973.4707851
96 0.9779495708879882 1504013974.580222
97 0.9722165810147447 1504013975.6896892
98 0.9636601692505502 1504013976.799111
99 0.9541498232458039 1504013977.908579
100 0.9438356930101768 1504013979.017993
101 0.9341499468500756 1504013980.12747
102 0.9165583704816613 1504013981.236894
103 0.9044369206307317 1504013982.346329
104 0.8879218733649937 1504013983.455782
105 0.8757184360283836 1504013984.5652192
106 0.8597595591791931 1504013985.674678
107 0.8488599274320827 1504013986.8849752
108 0.8329482306242085 1504013987.994399
109 0.8198077764939771 1504013989.103873
110 0.8089580026181823 1504013990.213313
111 0.7918978610906839 1504013991.322765
112 0.7771145270164489 1504013992.432203
113 0.7611396339700089 1504013993.541673
114 0.7461074202150796 1504013994.651126
115 0.7283613732207393 1504013995.760551
116 0.7123368602002847 1504013996.8699908
117 0.6867469391267792 1504013997.979425
118 0.671284207247571 1504013999.088869
119 0.6498338834656133 1504014000.2991848
120 0.6303173347608337 1504014001.5094872
121 0.6071689903972367 1504014002.7198021
122 0.582384099113291 1504014003.930091
123 0.5613064782273589 1504014005.1403809
124 0.5396301941144512 1504014006.249826
125 0.5140499070129283 1504014007.560978
126 0.48918112228498767 1504014008.771301
127 0.4670871144658135 1504014009.981587
128 0.44658546729601445 1504014011.191885
129 0.42714239136381654 1504014012.40221
130 0.40747787964501764 1504014013.51166
131 0.39417246428435443 1504014014.721948
132 0.37803490262143724 1504014015.9322681
133 0.3639437732672459 1504014017.041713
134 0.35093875092386134 1504014018.252001
135 0.33774834255699915 1504014019.260583
136 0.327646920327355 1504014020.370039
137 0.32404940811549104 1504014021.3786292
138 0.3166647444853946 1504014022.488054
139 0.3151518759265123 1504014023.5975208
140 0.3109270917755485 1504014024.606092
141 0.3066112563165282 1504014025.715541
142 0.29903750416962793 1504014026.7241101
143 0.2994843610274177 1504014027.833575
144 0.300718133972663 1504014028.8421729
145 0.30208636182389953 1504014029.9516082
146 0.30585211802438045 1504014030.960224
147 0.30602597013978977 1504014031.9687848
148 0.3074048444641042 1504014032.97735
149 0.30828988647050953 1504014033.985961
150 0.3113140679442544 1504014035.095405
151 0.3124555278755682 1504014036.103967
152 0.3200337671246581 1504014037.1125708
153 0.32597093980905756 1504014038.222006
154 0.32023684812963066 1504014039.331449
155 0.3280128997463369 1504014040.340032
156 0.3341080214541403 1504014041.34863
157 0.3328496581040758 1504014042.4580832
158 0.33600875003487646 1504014043.466665
159 0.33995377465178944 1504014044.576115
160 0.33692689770927997 1504014045.6855412
161 0.3410623028128437 1504014046.794988
162 0.3396717634717377 1504014047.803586
163 0.3501613262483453 1504014048.812166
164 0.35065848570938574 1504014049.921601
165 0.35054748166261185 1504014051.031052
166 0.3507817385497708 1504014051.9388008
167 0.3578492365508128 1504014053.0482152
168 0.36223823114077847 1504014054.056809
169 0.36000132277534874 1504014055.0653849
170 0.36430996541407074 1504014056.1748328
171 0.3606998136955427 1504014057.284275
172 0.3620586197012855 1504014058.292865
173 0.36932754514116606 1504014059.402314
174 0.36647086173391824 1504014060.511771
175 0.3698334659005326 1504014061.621194
176 0.36727061970704844 1504014062.629785
177 0.3704431535337118 1504014063.638388
178 0.374144237026311 1504014064.344411


# Displacement mean and std deviation
-0.0007194433820982272 0.004034585617277707

# Displacement mean absolute value and std deviation
0.0032925287566697788 0.00244023242124426

# Distance to GT
0.374144237026311

# Orientation to GT
0.0015393804002593174

# Displacement 2d (x and y ) and time
0 0.0006399999999997519 0.014899999999999025 1504013870.796702
1 0.002500000000000391 0.00590000000000046 1504013871.80531
2 -0.0022500000000000853 0.015399999999999636 1504013872.914737
3 -0.0022799999999998377 0.020800000000001262 1504013874.125063
4 0.005569999999999631 0.019099999999999895 1504013875.0327628
5 0.0064200000000012025 0.028799999999998604 1504013876.343955
6 0.003729999999999123 0.0257000000000005 1504013877.5542521
7 0.004590000000000316 0.022800000000000153 1504013878.663689
8 0.0005199999999998539 0.024200000000000443 1504013879.974874
9 0.004130000000000855 0.0257000000000005 1504013881.185162
10 0.004819999999999602 0.027899999999998926 1504013882.3954601
11 0.012919999999999376 0.023099999999999454 1504013883.605748
12 0.010500000000000398 0.025200000000001666 1504013884.816053
13 0.007679999999999687 0.024299999999998434 1504013886.026359
14 0.007120000000000459 0.024100000000000676 1504013887.236673
15 0.010229999999999961 0.02400000000000091 1504013888.44698
16 0.011789999999999523 0.016899999999999693 1504013889.55642
17 0.007310000000000372 0.018200000000000216 1504013890.665865
18 0.01080999999999932 0.01649999999999885 1504013891.77529
19 0.007060000000000066 0.018000000000000682 1504013892.884778
20 0.012109999999999843 0.013999999999999346 1504013893.9942038
21 0.007980000000000764 0.01550000000000118 1504013895.103648
22 0.012329999999999508 0.009299999999999642 1504013896.213099
23 0.004700000000000593 0.013600000000000279 1504013897.322527
24 0.00817999999999941 0.009499999999999176 1504013898.431975
25 0.006549999999999834 0.011900000000000688 1504013899.541417
26 0.009490000000000443 0.01159999999999961 1504013900.650899
27 0.008869999999999933 0.007999999999999119 1504013901.6594381
28 0.006450000000000067 0.012300000000001532 1504013902.7688901
29 0.002569999999999517 0.011199999999998766 1504013903.878322
30 0.010159999999999947 0.006299999999999528 1504013904.886931
31 0.005230000000000956 0.004900000000001015 1504013905.996387
32 0.002989999999999604 0.008100000000000662 1504013907.105827
33 0.005160000000000053 0.005399999999999849 1504013908.1143968
34 0.01177000000000028 0.0002999999999993008 1504013909.122988
35 0.0008699999999999264 0.013500000000000512 1504013910.2324271
36 0.00614999999999899 0.006600000000000605 1504013911.241007
37 0.008270000000000444 0.005999999999998451 1504013912.249616
38 0.010120000000000573 0.004400000000000404 1504013913.258178
39 0.004529999999999923 0.011100000000000776 1504013914.367693
40 0.011169999999999014 0.005099999999998772 1504013915.477087
41 0.003840000000001176 0.004899999999999238 1504013916.586536
42 0.007469999999999644 0.00440000000000218 1504013917.695968
43 0.007950000000000124 0.010429999999999495 1504013918.805423
44 0.0077899999999990754 0.006069999999999354 1504013919.8140092
45 0.010419999999999874 0.0057000000000009265 1504013920.923439
46 0.008840000000001957 0.01217999999999897 1504013922.03289
47 0.013369999999998328 0.006130000000000635 1504013923.142357
48 0.008570000000000633 0.01065999999999967 1504013924.251785
49 0.012570000000000192 0.005309999999999704 1504013925.361245
50 0.009009999999999962 0.010930000000000106 1504013926.470666
51 0.012900000000000134 0.007010000000001071 1504013927.580116
52 0.010210000000000719 0.009570000000000078 1504013928.68957
53 0.015380000000000393 0.004260000000000375 1504013929.798995
54 0.011609999999999232 0.009039999999998827 1504013930.90843
55 0.012190000000000367 0.0062200000000007805 1504013931.9170198
56 0.016169999999998907 0.0029599999999980753 1504013932.925629
57 0.01544999999999952 0.009640000000000981 1504013934.03506
58 0.009070000000001244 0.011069999999998359 1504013935.245364
59 0.009719999999999729 0.007020000000000692 1504013936.2539678
60 0.011070000000000135 0.0008400000000019503 1504013937.363405
61 0.01065999999999967 0.005359999999997811 1504013938.4728582
62 0.012849999999998474 0.002060000000001949 1504013939.582299
63 0.011080000000001533 0.010579999999999146 1504013940.6917162
64 0.011639999999999873 0.00015999999999927184 1504013941.801173
65 0.01022000000000034 0.008030000000000648 1504013942.910629
66 0.011649999999999494 0.001020000000000465 1504013943.919208
67 0.011609999999999232 0.0006900000000005235 1504013944.9278002
68 0.006840000000002178 0.0071299999999991925 1504013946.037245
69 0.007699999999998042 0.0018200000000003769 1504013947.146677
70 0.005770000000000053 0.005169999999999675 1504013948.1552541
71 0.007440000000000779 -0.0006600000000007711 1504013949.2647638
72 0.00619000000000014 0.004220000000001001 1504013950.374188
73 0.0039999999999995595 0.0005099999999993443 1504013951.382752
74 0.006439999999999557 0.0009899999999998244 1504013952.391325
75 0.006350000000001188 0.0007500000000000284 1504013953.399924
76 0.006449999999999179 0.0036200000000006227 1504013954.509347
77 0.00022999999999839815 -0.0005299999999994753 1504013955.517948
78 0.0036100000000018895 0.0023799999999996047 1504013956.526539
79 0.004830000000000112 -0.002280000000000726 1504013957.535132
80 0.0038999999999997925 -0.003209999999999269 1504013958.543694
81 -0.0007599999999996498 0.004659999999999442 1504013959.653153
82 0.0015199999999992997 -0.004769999999999719 1504013960.76262
83 -0.0006799999999991257 0.0027100000000004343 1504013961.771181
84 0.0007699999999992713 -0.001160000000000494 1504013962.88063
85 -0.0003799999999998249 0.0010899999999995913 1504013963.990068
86 -0.0003700000000002035 -0.0015099999999996783 1504013964.99868
87 -0.0032200000000006668 -0.0001299999999995194 1504013966.108108
88 -0.005479999999998597 -0.001960000000000406 1504013967.116711
89 -0.0059400000000007225 0.0012699999999998823 1504013968.1252859
90 -0.004119999999998569 -0.002060000000000173 1504013969.234735
91 -0.006740000000002411 -0.005479999999999485 1504013970.243296
92 -0.008929999999997662 -0.0013700000000005375 1504013971.251895
93 -0.00633999999999979 -0.005079999999999529 1504013972.361342
94 -0.007120000000000459 0.0008999999999996788 1504013973.4707851
95 -0.005220000000001335 -0.007619999999999294 1504013974.580222
96 -0.009619999999999962 -4.000000000026205e-05 1504013975.6896892
97 -0.004690000000000083 -0.007170000000000343 1504013976.799111
98 -0.010170000000000456 -0.004369999999999763 1504013977.908579
99 -0.0071099999999990615 -0.0075899999999995416 1504013979.017993
100 -0.012610000000000454 -0.0029100000000008563 1504013980.12747
101 -0.011070000000000135 -0.013720000000000176 1504013981.236894
102 -0.01389999999999958 -0.005089999999999151 1504013982.346329
103 -0.009209999999999496 -0.013710000000000555 1504013983.455782
104 -0.014500000000001734 -0.0048799999999999955 1504013984.5652192
105 -0.009859999999997981 -0.012599999999999945 1504013985.674678
106 -0.0129999999999999 -0.0044399999999997775 1504013986.8849752
107 -0.013800000000001589 -0.009989999999999721 1504013987.994399
108 -0.008100000000000662 -0.010410000000000252 1504013989.103873
109 -0.009299999999999642 -0.006920000000000037 1504013990.213313
110 -0.009899999999998244 -0.013920000000000154 1504013991.322765
111 -0.0146000000000015 -0.00827 1504013992.432203
112 -0.009199999999999875 -0.013090000000000046 1504013993.541673
113 -0.014599999999997948 -0.008669999999999511 1504013994.651126
114 -0.007600000000000051 -0.01615000000000011 1504013995.760551
115 -0.013900000000001356 -0.010320000000000107 1504013996.8699908
116 -0.018299999999999983 -0.018899999999999917 1504013997.979425
117 -0.007699999999999818 -0.013410000000000366 1504013999.088869
118 -0.00569999999999915 -0.021560000000000024 1504014000.2991848
119 -0.009999999999999787 -0.016759999999999664 1504014001.5094872
120 -0.013700000000001822 -0.01878000000000002 1504014002.7198021
121 -0.01159999999999961 -0.021940000000000293 1504014003.930091
122 -0.010499999999998622 -0.018279999999999852 1504014005.1403809
123 -0.002100000000000435 -0.024129999999999985 1504014006.249826
124 -0.011400000000000077 -0.023050000000000015 1504014007.560978
125 -0.011200000000000543 -0.02234999999999987 1504014008.771301
126 -0.007799999999999585 -0.021270000000000344 1504014009.981587
127 -0.0071000000000012164 -0.01988999999999974 1504014011.191885
128 -0.007199999999999207 -0.018610000000000237 1504014012.40221
129 -0.0058000000000006935 -0.019930000000000003 1504014013.51166
130 -0.0007999999999981355 -0.01585999999999954 1504014014.721948
131 -0.0027000000000025892 -0.018219999999999903 1504014015.9322681
132 -0.0009999999999976694 -0.01725000000000021 1504014017.041713
133 -0.003400000000000958 -0.014120000000000132 1504014018.252001
134 0.0 -0.017599999999999838 1504014019.260583
135 -0.007699999999999818 -0.006650000000000045 1504014020.370039
136 0.0030999999999998806 -0.007789999999999964 1504014021.3786292
137 -0.0009999999999994458 -0.009310000000000151 1504014022.488054
138 0.00569999999999915 -0.007950000000000124 1504014023.5975208
139 0.0003000000000010772 -0.006489999999999885 1504014024.606092
140 -0.001700000000001367 -0.004529999999999923 1504014025.715541
141 -0.005799999999998917 -0.0048799999999999955 1504014026.7241101
142 0.001800000000001134 -0.00132000000000021 1504014027.833575
143 0.0017999999999993577 -0.00015999999999971593 1504014028.8421729
144 0.0011999999999989797 0.0007099999999997664 1504014029.9516082
145 0.0012999999999987466 0.00419000000000036 1504014030.960224
146 -0.000700000000000145 0.0010300000000000864 1504014031.9687848
147 -0.0014999999999982805 0.0036599999999995525 1504014032.97735
148 0.0011999999999989797 1.0000000000065512e-05 1504014033.985961
149 0.001300000000000523 0.0030399999999999316 1504014035.095405
150 -0.0030000000000001137 0.0048000000000003595 1504014036.103967
151 0.009999999999999787 0.00048000000000003595 1504014037.1125708
152 0.0035000000000007248 0.00495000000000001 1504014038.222006
153 -0.0129999999999999 0.005109999999999726 1504014039.331449
154 0.007500000000000284 0.003510000000000346 1504014040.340032
155 0.0038999999999997925 0.0047199999999998354 1504014041.34863
156 -0.005399999999999849 0.003529999999999589 1504014042.4580832
157 0.0002999999999993008 0.004080000000000528 1504014043.466665
158 0.0023999999999997357 0.0031599999999993855 1504014044.576115
159 -0.0052000000000003155 0.0007100000000002105 1504014045.6855412
160 0.005000000000000782 0.0009999999999998899 1504014046.794988
161 -0.005300000000000082 0.0029900000000004923 1504014047.803586
162 0.010600000000000165 0.004509999999999792 1504014048.812166
163 0.0011999999999989797 -0.000440000000000218 1504014049.921601
164 -0.009500000000000952 0.00843000000000016 1504014051.031052
165 -0.0027999999999988034 0.0027200000000000557 1504014051.9388008
166 0.0030000000000001137 0.006719999999999615 1504014053.0482152
167 0.00280000000000058 0.0033800000000003827 1504014054.056809
168 -0.005299999999998306 0.0014899999999999913 1504014055.0653849
169 0.004000000000001336 0.0022899999999999032 1504014056.1748328
170 -0.007200000000004536 0.0011899999999998023 1504014057.284275
171 -0.0004999999999988347 0.0021300000000006314 1504014058.292865
172 0.012100000000000222 -0.0004500000000002835 1504014059.402314
173 -0.006599999999998829 0.0017100000000001003 1504014060.511771
174 0.0030000000000001137 0.0018999999999995687 1504014061.621194
175 -0.008100000000002439 0.0031400000000001427 1504014062.629785
176 0.0031000000000034333 0.0016100000000003334 1504014063.638388
177 -0.0008000000000016882 0.005290000000000017 1504014064.344411


# Displacement mean 2d values
0.2237700000000009 0.29379