# SLAM - pose_x pose_y orientation time
0 17.5865009725 2.8195 3.0832990275254613 1504014239.3
1 17.2698177711 2.87933506048 3.1164384053319276 1504014283.25
2 17.2245966597 2.87966917655 3.1169010572100464 1504014283.68
3 17.0681638095 2.92560628435 -3.133231025018345 1504014284.96
4 16.9560655924 2.94054653559 -3.1307296575839896 1504014286.07
5 16.8420106538 2.90358567537 3.138862276809349 1504014287.23
6 16.7486485849 2.92039887873 3.138698481970012 1504014288.54
7 16.6477162609 2.95358421271 -3.1255493956428424 1504014289.76
8 16.5409074638 2.98263558563 -3.111984703904552 1504014290.93
9 16.3650056372 2.94408837493 3.138200877534881 1504014292.25
10 16.2955194535 2.99667024542 -3.1168422681852936 1504014293.36
11 16.1508309319 2.98946701324 -3.0950065727530616 1504014294.54
12 16.0351003812 2.98818419399 -3.0918753580017366 1504014295.75
13 15.9032674587 2.96373040636 -3.1204529106228014 1504014297.05
14 15.79858523 2.96010927083 -3.1215104904570397 1504014298.14
15 15.7111124537 2.98250192099 -3.1175247963284196 1504014299.48
16 15.6119018115 2.9791482478 -3.116594965502262 1504014300.46
17 15.4761169679 2.98304932213 -3.1207287723029165 1504014301.75
18 15.4288861829 2.97377415894 -3.120427932465384 1504014302.9
19 15.2258481112 3.0051917466 -3.1120930678198837 1504014304.21
20 15.1752311143 3.01189268261 -3.110591029943248 1504014305.32
21 15.018669248 3.00877313134 -3.1183788979117457 1504014306.5
22 14.8673029088 3.01194080328 -3.123761214700534 1504014307.75
23 14.8081855385 3.00853763219 -3.1165333819959375 1504014308.94
24 14.6910660107 3.00426998788 -3.1287468536852474 1504014310.03
25 14.4093695672 3.01826371525 -3.1258472040005434 1504014313.03
26 14.3798426312 3.01771120571 -3.128877866651016 1504014313.33
27 14.250978519 2.99898333754 3.123210764959418 1504014314.53
28 14.1184950358 3.00709422101 3.122566808575308 1504014315.73
29 14.057052232 2.98932639768 3.098847137378764 1504014316.94
30 13.9101739695 3.01356295679 3.094501501223432 1504014318.24
31 13.7710476047 2.96804098068 3.0489698065476603 1504014319.44
32 13.6523807345 2.96383118985 3.023473414764275 1504014320.78
33 13.5909549772 2.95099215666 2.9973195063484233 1504014321.85
34 13.4634035199 2.97918327575 3.00074330453508 1504014322.94
35 13.2861943175 2.93344075219 2.9714821993324323 1504014324.32
36 13.2345718424 3.02039061377 2.9780371597185504 1504014325.44
37 13.088878486 3.01717480868 2.930121426407458 1504014326.62
38 13.0238458349 3.05722787643 2.9256545340259423 1504014327.92
39 12.9700928918 3.00780793308 2.868730692693872 1504014329.01
40 12.8141790751 3.08617400182 2.851698336396543 1504014330.35
41 12.7554112982 3.11110385965 2.8369584769134 1504014331.45
42 12.604504939 3.08306540694 2.7645197138793383 1504014332.69
43 12.5559587127 3.05198053656 2.7337672609766304 1504014333.85
44 12.4694206398 3.11052833559 2.714644386895655 1504014334.73
45 12.3467920781 3.17221815356 2.675058241855389 1504014336.25
46 12.1925740128 3.17124333632 2.6278536358968916 1504014337.45
47 12.1303028328 3.13926865567 2.5978743013525762 1504014338.65
48 12.036652014 3.21283854231 2.547835906825709 1504014339.86
49 11.9086491411 3.20127918347 2.5025890586105093 1504014341.16
50 11.6925852729 3.32929174115 2.4257578422031147 1504014344.65
51 11.6181992753 3.34243371698 2.4068970278432498 1504014345.26
52 11.5461589669 3.40166518742 2.3848615036435707 1504014346.24
53 11.4682363162 3.45247606844 2.3502128479856665 1504014347.42
54 11.3660276335 3.55533440419 2.3401129047975666 1504014348.73
55 11.2688991165 3.65182966519 2.3170712950277137 1504014349.99
56 11.1992382687 3.68074811645 2.287744033032503 1504014351.16
57 11.1079046991 3.74474588805 2.2685295982110225 1504014352.33
58 11.0325236947 3.87112313136 2.2503883940275164 1504014353.7
59 10.9752267625 3.92330954161 2.2500251090495142 1504014354.72
60 10.8847042917 4.02143154297 2.2155982682461772 1504014355.91
61 10.7643853378 4.06699443613 2.1808794342953135 1504014357.25
62 10.6700913178 4.17418432469 2.1487203781892825 1504014358.43
63 10.6337353779 4.20262418535 2.1295509866680584 1504014359.8
64 10.5846902059 4.28545076138 2.1080288416779824 1504014360.84
65 10.4799019113 4.37140095003 2.0757098471074107 1504014362.05
66 10.433423689 4.43058756662 2.0631364889452177 1504014363.15
67 10.386490272 4.57252882743 2.0582334606176973 1504014364.33
68 10.2970143547 4.59073312992 1.9978680930392654 1504014365.65
69 10.2642916824 4.67900269375 1.996593859131979 1504014366.73
70 10.1825422993 4.8396555257 1.9744788421487351 1504014368.06
71 10.1257223912 4.91658296911 1.9502134697981843 1504014369.37
72 10.0728570643 4.98074913902 1.9228737429402518 1504014370.5
73 10.0285984648 5.10109643971 1.9117605459227538 1504014371.64
74 9.92162272207 5.39600804279 1.890460895226469 1504014374.84
75 9.90851595411 5.43329751949 1.8848199530882055 1504014375.23
76 9.82243175703 5.52174000071 1.8787243619649492 1504014376.03
77 9.83499617167 5.59096589224 1.8598801104829799 1504014377.34
78 9.71260372833 5.79643392608 1.8559929272402917 1504014378.53
79 9.77057493318 5.81365845661 1.8219081699580544 1504014379.73
80 9.7113236597 5.87636515855 1.8110449897502017 1504014380.94
81 9.68307327061 6.01876583117 1.8041919198847272 1504014382.15
82 9.64692753374 6.09829717543 1.7824533020565916 1504014383.41
83 9.61904106794 6.27072868247 1.7862768506994717 1504014384.52
84 9.58029370429 6.3316415432 1.7567779740742904 1504014385.71
85 9.55447797019 6.45154849486 1.7609159101843292 1504014386.95
86 9.42811167395 6.64507937971 1.7795578524020124 1504014388.22
87 9.42175636013 6.76166850561 1.796159334537059 1504014389.52
88 9.38949904142 6.84513117931 1.7857143575931054 1504014390.54
89 9.36961551876 7.00498891716 1.8037713376148843 1504014391.74
90 9.38699685212 7.07908139375 1.8361290250703226 1504014392.94
91 9.35381520763 7.22567444485 1.8412018033180402 1504014394.2
92 9.32304290724 7.36013704162 1.845647767910281 1504014395.43
93 9.27352047654 7.45736507067 1.8246429400289326 1504014396.6
94 9.26774124688 7.62801825593 1.833085885689346 1504014397.92
95 9.24481956488 7.69490576836 1.836170524235186 1504014399.02
96 9.21401072268 7.75502189427 1.841678224360427 1504014400.21
97 9.20914652437 7.92658712709 1.8489351114214552 1504014401.4
98 9.16428690552 7.99596819266 1.8551421277500977 1504014402.54
99 9.07322319633 8.35491666163 1.8816285897180949 1504014406.52
100 9.05782664098 8.40075558671 1.887685508411744 1504014406.99
101 9.11372374803 8.51342925931 1.9418598643482277 1504014407.77
102 9.09214265168 8.59622854257 1.9488842590142974 1504014409.01
103 9.04045072597 8.73553473988 1.959252656966966 1504014410.22
104 9.00392328606 8.8118095024 1.9811710679332268 1504014411.4
105 8.97772307176 8.8651109402 1.9958304360077677 1504014412.63
106 8.98928445354 8.98327353159 2.0409964700506262 1504014413.9
107 8.9371292698 9.09869262149 2.0441521810914143 1504014415.07
108 8.91623322422 9.23701128297 2.0804386565468236 1504014416.3
109 8.91564083143 9.34233003546 2.11558811483354 1504014417.36
110 8.89332050824 9.42996534499 2.1506565667697117 1504014418.62
111 8.84758701948 9.56501208665 2.1778073682112873 1504014419.89
112 8.80536687625 9.64400280002 2.2048493264526656 1504014421.01
113 8.71118139064 9.7246422241 2.2012517386939905 1504014422.3
114 8.68881730602 9.81225325186 2.227271860170122 1504014423.5
115 8.67847795888 9.91212078177 2.274323768598812 1504014424.6
116 8.62395196013 9.99531680867 2.291435971615024 1504014425.9
117 8.55179566387 10.1223839277 2.313010542037227 1504014427.15
118 8.48339228814 10.1995188867 2.3382139682803462 1504014428.31
119 8.44153836166 10.2777694667 2.362834237486701 1504014429.5
120 8.36282975118 10.4462075046 2.406606041471449 1504014430.81
121 8.30139698684 10.4805602975 2.407500775332052 1504014431.9
122 8.21829585596 10.6051242525 2.4496437858036817 1504014433.15
123 7.99007863901 10.8198682039 2.4993511986393813 1504014436.32
124 7.95600639358 10.8446249567 2.5070596111743595 1504014436.75
125 7.90787996204 10.9600632443 2.550362201872746 1504014437.8
126 7.81031161381 11.0213092575 2.5613208762172786 1504014439.11
127 7.73207904309 11.1262043014 2.577012643440634 1504014440.4
128 7.66453619687 11.1733631939 2.584535935097772 1504014441.5
129 7.74231496059 11.2750043571 2.5673537330164615 1504014442.8
130 7.77329529941 11.3391062816 2.5604584898352463 1504014443.94
131 7.3729850227 11.3272448934 2.6552535504864387 1504014445.15
132 7.63274593418 11.5218659969 2.6207898287292517 1504014446.48
133 7.54704212356 11.6224211346 2.6591291704865005 1504014447.54
134 7.4747121989 11.6412524841 2.6531241681124342 1504014448.69
135 7.26996816944 11.6807303814 2.699625069970165 1504014449.89
136 7.28108852606 11.7967993003 2.7327875667046087 1504014451.23
137 6.85418995756 11.746720247 2.7514491075386216 1504014452.41
138 6.74978852795 11.8324747023 2.7945256795125917 1504014453.54
139 7.00953080842 11.9731119448 2.760757810527438 1504014454.81
140 6.60302855937 11.921662828 2.823310048431482 1504014456.02
141 6.43748468871 11.9849363057 2.8617034386025284 1504014457.32
142 6.37221209268 12.0492901809 2.8564791967378786 1504014458.45
143 6.24418282218 12.0794498757 2.878191784446297 1504014459.61
144 6.49148682768 12.2346552908 2.8799950942516275 1504014460.79
145 5.98252213555 12.1202133116 2.9741896612487957 1504014462.12
146 5.96347788121 12.1885598984 2.9286432287335673 1504014463.33
147 5.54100639682 12.2403080441 3.046240198759284 1504014466.7
148 5.50877243476 12.2419628117 3.0525901905578405 1504014467.04
149 5.40397602598 12.2533827578 3.0613008116758595 1504014468.12
150 5.74003547883 12.5397663912 3.0336785337096677 1504014469.32
151 5.57226715072 12.5546127091 3.0230696496842535 1504014470.65
152 5.51274081486 12.5387994987 3.012073243014262 1504014471.61
153 5.81771668972 12.5714552291 3.0489651769047397 1504014556.25
154 5.85282008822 12.5674644531 3.045433962429269 1504014556.61
155 5.9037155839 12.552717029 3.0194840329469317 1504014557.82
156 6.0770635707 12.5202554451 3.021004889138095 1504014559.14
157 6.16060832009 12.5047637099 3.005343390985424 1504014560.02
158 6.2134597775 12.4209973078 2.9452112298510538 1504014561.31
159 6.390596044 12.3649274242 2.9271453484930094 1504014562.62
160 6.48681685535 12.3251259528 2.9089993985847338 1504014563.83
161 6.58644138252 12.3351426855 2.9159822805945455 1504014564.92
162 6.65610304806 12.2271990915 2.854574006007817 1504014566.16
163 6.79756089259 12.1730238702 2.8194395904172174 1504014567.36
164 6.87635836274 12.0967841085 2.79848602975005 1504014568.57
165 7.00546343193 12.0679990026 2.7771100962797606 1504014569.79
166 7.09702893085 12.0436344283 2.7745482025897292 1504014570.97
167 7.19865732111 11.9612213105 2.744712758835802 1504014572.17
168 7.24614905277 11.8680654381 2.7091227276968697 1504014573.05
169 7.36735024721 11.7778643789 2.6684399333129 1504014574.57
170 7.46243324227 11.6955369148 2.6495839203189004 1504014575.77
171 7.5680967596 11.5845622155 2.606973065754254 1504014577.09
172 7.6087302593 11.5158106791 2.5704540461548744 1504014578.29
173 7.72663891895 11.4474053415 2.5670677798251575 1504014579.45
174 7.78062735266 11.3782828349 2.544630884823032 1504014580.66
175 7.88949080149 11.3015227109 2.5337325879797636 1504014581.89
176 7.91929664559 11.2638501274 2.5189256634347146 1504014583.03
177 8.18580082744 10.9757406459 2.4333767690369896 1504014586.66
178 8.22165545265 10.9455447198 2.4253154976846285 1504014587.15
179 8.2771765481 10.8794026076 2.433658014202636 1504014588.28
180 8.33973314896 10.7213965695 2.3761254073332707 1504014589.68
181 8.38945504325 10.6878563752 2.379438201706837 1504014590.88
182 8.49969902663 10.5615887913 2.3613654306266634 1504014591.85
183 8.57951453333 10.5366784962 2.368566701846052 1504014593.05
184 8.66951583064 10.4267754143 2.3477387292075527 1504014594.25
185 8.71515320267 10.3095183358 2.323159085506598 1504014595.56
186 8.78609018319 10.2435477576 2.3062585008522096 1504014596.76
187 8.81587061578 10.1073138097 2.2486531818906905 1504014598.02
188 8.84955104678 10.038085192 2.232144704354679 1504014599.16
189 8.92362738683 9.89413930616 2.196311746544388 1504014600.28
190 8.96286301449 9.84732684063 2.194767972155564 1504014601.45
191 9.04694820557 9.74979286138 2.1785261172770993 1504014602.68
192 9.07213083796 9.61286166454 2.1357294515045337 1504014603.89
193 9.11531725849 9.57401776249 2.128908374571445 1504014605.1
194 9.18490353151 9.46897015033 2.106354618064739 1504014606.37
195 9.16702753055 9.39160655828 2.076200177603631 1504014607.55
196 9.19708085565 9.23128562313 2.031379017915706 1504014608.86
197 9.25261216366 9.11586143072 2.011537167841209 1504014610.05
198 9.29815426524 8.99283060025 1.9812033448655895 1504014611.26
199 9.33256026557 8.90354065472 1.9820930380233261 1504014612.36
200 9.3786742361 8.80057543901 1.9727271313272237 1504014613.62
201 9.3593731326 8.54181038957 1.8794239791329268 1504014616.87
202 9.37004695743 8.50907045045 1.874719393484721 1504014617.22
203 9.42940277821 8.38720690782 1.8711151748362453 1504014618.35
204 9.44469727464 8.26229385136 1.8468060982369476 1504014619.56
205 9.50429471434 8.20216916427 1.8813738428392839 1504014620.89
206 9.53932303507 8.09127287126 1.8678272870441441 1504014622.07
207 9.51333640821 7.9036197044 1.8304377213168663 1504014623.15
208 9.55208628274 7.79382122392 1.8287856257034645 1504014624.55
209 9.52227671719 7.60591347964 1.7927240834649436 1504014625.86
210 9.53330624452 7.52920428504 1.7938807564269523 1504014627.06
211 9.5597565637 7.41893710306 1.791424905294534 1504014628.15
212 9.52384280411 7.38139510016 1.7516077707448747 1504014629.16
213 9.54594193269 7.19584459379 1.76608109656481 1504014630.54
214 9.60156963112 7.13574890824 1.7726196319365901 1504014631.75
215 9.60358464252 6.98416390561 1.7657413943185816 1504014632.94
216 9.59164285269 6.8536391469 1.7326933656558832 1504014634.14
217 9.71352489524 6.76005816845 1.792246718915016 1504014635.39
218 9.66390259572 6.66249386136 1.7603494389664518 1504014636.66
219 9.68776549191 6.50077628634 1.7856719587982788 1504014637.86
220 9.69759170497 6.3780052391 1.786793488386428 1504014639.06
221 9.74300835262 6.32357155231 1.793631425810956 1504014640.15
222 9.77790901342 6.23335303228 1.812678402818238 1504014641.27
223 9.76222803694 6.06068304814 1.810555017360637 1504014642.6
224 9.77260486521 5.99283171405 1.7863617331819395 1504014643.74
225 9.8870946804 5.61728733992 1.8395778787673887 1504014647.28
226 9.90035933646 5.57032189461 1.8438237685705716 1504014647.75
227 9.99838641085 5.48647456655 1.8875755501032345 1504014648.96
228 10.0169952384 5.31785691566 1.8955042926015588 1504014650.22
229 10.0441174382 5.30412575206 1.9287011044115057 1504014651.37
230 10.0881525874 5.19234660677 1.940839606111115 1504014652.61
231 10.1367471067 5.04355508522 1.9197139778835837 1504014653.74
232 10.1863644366 4.97092250354 1.9471572035864644 1504014655.13
233 10.2360529932 4.94166614995 1.960930877279477 1504014656.29
234 10.1757189629 4.68551146936 1.932997137628818 1504014657.42
235 10.2422609811 4.6903089361 1.9644418781718564 1504014658.61
236 10.3314830655 4.63776949235 2.0153650091737445 1504014659.89
237 10.3936229582 4.42946139277 2.0222155152901746 1504014661.08
238 10.4586262992 4.39746520002 2.069683292151104 1504014662.27
239 10.4821113861 4.29833411589 2.089570284957264 1504014663.53
240 10.5052498601 4.21155067426 2.096740721235318 1504014664.69
241 10.6243929832 4.15961277294 2.1514745901110173 1504014665.89
242 10.7103196036 4.09995477897 2.1736755455532863 1504014667.2
243 10.7645607416 4.02355773704 2.201139630296922 1504014668.23
244 10.8927015168 3.97668381413 2.245510392674272 1504014669.41
245 10.9978956934 3.89595129292 2.2953067221988324 1504014670.73
246 11.0725246166 3.80742124971 2.3224793688620045 1504014672.0
247 11.1927485689 3.77619777183 2.3629765311437434 1504014673.1
248 11.228521829 3.67908834606 2.3666802176770863 1504014674.22
249 11.4888288367 3.52746849471 2.4877368370466906 1504014678.06
250 11.5200895029 3.50302149919 2.5022906436985335 1504014678.54
251 11.688470706 3.50570475489 2.573050693504196 1504014679.49
252 11.7767501642 3.52477268578 2.6218286362732948 1504014680.7
253 11.7981860959 3.52241776631 2.6226154982792425 1504014681.9
254 11.9413367777 3.44269741692 2.64632226060176 1504014683.22
255 12.1095728387 3.39588690544 2.7110109667943982 1504014684.42
256 12.1860032971 3.35402696072 2.7295049206947564 1504014685.54
257 12.2850762969 3.42836117815 2.797957909856104 1504014686.71
258 12.3859774033 3.37927448724 2.8353744959505565 1504014687.95
259 12.4191438044 3.4195160349 2.856659957922874 1504014689.11
260 12.5337470136 3.34468406956 2.880081647206176 1504014690.37
261 12.6186353459 3.41405775794 2.9311889602907533 1504014691.61
262 12.7610899124 3.33610875827 2.93189370066331 1504014692.71
263 12.9070871081 3.30503193837 2.9566591723622513 1504014694.01
264 12.972912933 3.32815072972 2.990584883688967 1504014695.22
265 13.0896063442 3.30544366922 3.0069037882216563 1504014696.41
266 13.132398624 3.40551599882 3.049137421109878 1504014697.61
267 13.288142877 3.41378509767 3.0752007863296322 1504014698.71
268 13.4145416631 3.33526014847 3.0808424253429596 1504014699.97
269 13.5166350819 3.31442183005 3.10728231035498 1504014701.15
270 13.6579319174 3.33868327971 3.1308792793200557 1504014702.43
271 13.688958689 3.41952499414 3.1327765443529048 1504014703.62
272 13.7361336152 3.47306545178 -3.121121846892204 1504014704.77
273 14.1547372744 3.56208958826 -3.0986365955534763 1504014708.83
274 14.1946256691 3.563191893 -3.098820141620732 1504014709.23
275 14.3374321154 3.56945199047 -3.1014828009526494 1504014710.38
276 14.446074715 3.61690154607 -3.0827595822249068 1504014711.85
277 14.5618000121 3.62331627197 -3.0853676508343204 1504014712.98
278 14.6813752643 3.61368174893 -3.085808273917112 1504014714.1
279 14.8028165341 3.55441139028 -3.1264593349340615 1504014715.19
280 14.9394799413 3.63205498408 -3.102381934439231 1504014716.53
281 15.0561148573 3.63676913477 -3.109557605518217 1504014717.72
282 15.1216517123 3.59780319125 -3.1327222675802275 1504014718.87
283 15.1676199629 3.64011564053 -3.1245191205946337 1504014720.01
284 15.3468867843 3.60193282525 -3.1336309782120138 1504014721.21
285 15.4161382982 3.58308230377 3.1362098213703695 1504014722.47
286 15.5864660512 3.54402112713 3.1232242142048343 1504014723.85
287 15.6915778634 3.54199360836 3.1145818386545217 1504014724.92
288 15.7719642049 3.52981809287 3.1049928112135987 1504014726.13
289 15.9202096244 3.49403762494 3.085350977529443 1504014727.18
290 15.9968693722 3.54726801874 3.095928727062663 1504014728.53
291 16.0661520504 3.51259678055 3.0723814189805396 1504014729.72
292 16.2319934487 3.48925475282 3.060114867779512 1504014730.92
293 16.3311914398 3.4425310142 3.04662505330158 1504014732.24
294 16.4384686808 3.43483933944 3.041666147751912 1504014733.32
295 16.5987297284 3.41429027257 3.016881738183389 1504014734.23
296 16.6531981779 3.40550689162 3.0131488715426418 1504014735.42
297 17.1882557544 3.26475585209 2.9828843211039118 1504014739.84
298 17.2542460829 3.25349567885 2.9805056020576184 1504014740.51
299 17.3157326346 3.23887022167 2.9828028267593076 1504014741.41
300 17.3595697142 3.22985443767 2.99097823936353 1504014742.73
301 17.5168325651 3.21936040673 2.9790878500226463 1504014743.82


# GT - pose_x pose_y orientation time
0 17.5865 2.8195 3.0833 1504014239.2988667
1 17.2106 2.8347 3.0859 1504014283.2793825
2 17.1667 2.8365 3.0866 1504014283.7005875
3 17.0408 2.842 3.0885 1504014284.9608102
4 16.9275 2.8462 3.092 1504014286.0978777
5 16.8168 2.8522 3.0964 1504014287.2388897
6 16.6919 2.859 3.1028 1504014288.5615988
7 16.5712 2.8632 3.1092 1504014289.7604632
8 16.4508 2.8673 3.1159 1504014290.9598756
9 16.3173 2.873 3.1232 1504014292.2781153
10 16.1988 2.8795 3.1284 1504014293.3602698
11 16.0961 2.8803 3.1342 1504014294.5623994
12 15.9666 2.8789 3.1399 1504014295.7581177
13 15.8352 2.8763 -3.13859 1504014297.0774045
14 15.7291 2.874 -3.13589 1504014298.1588786
15 15.5946 2.8719 -3.13419 1504014299.4813745
16 15.4975 2.8702 -3.13319 1504014300.4373283
17 15.3686 2.8692 -3.13359 1504014301.7571251
18 15.2541 2.8717 -3.13459 1504014302.9010086
19 15.1211 2.8723 -3.13529 1504014304.223524
20 15.0168 2.8716 -3.13439 1504014305.2990036
21 14.8929 2.8702 -3.13359 1504014306.4979615
22 14.7721 2.8706 -3.13379 1504014307.7594419
23 14.6536 2.8711 -3.13469 1504014308.9612126
24 14.5504 2.8715 -3.13749 1504014310.038177
25 14.2522 2.8717 3.1258 1504014313.0376492
26 14.2215 2.872 3.1228 1504014313.3407836
27 14.0948 2.8744 3.1104 1504014314.5405838
28 13.9744 2.8795 3.0985 1504014315.7424536
29 13.8577 2.8851 3.0857 1504014316.944868
30 13.7311 2.893 3.0714 1504014318.2601721
31 13.618 2.8999 3.0565 1504014319.4584653
32 13.4901 2.9119 3.0368 1504014320.7816062
33 13.388 2.9229 3.0189 1504014321.8617506
34 13.2836 2.9378 2.9996 1504014322.942114
35 13.1553 2.958 2.9747 1504014324.3180296
36 13.044 2.9796 2.9513 1504014325.458634
37 12.9401 3.0015 2.9281 1504014326.6009145
38 12.8188 3.0279 2.8989 1504014327.920268
39 12.7251 3.0523 2.8749 1504014328.9966898
40 12.6034 3.0886 2.8408 1504014330.380372
41 12.5136 3.119 2.8138 1504014331.4620602
42 12.4072 3.1609 2.7811 1504014332.719747
43 12.3121 3.1989 2.7528 1504014333.8572278
44 12.2451 3.2289 2.7323 1504014334.7046227
45 12.1207 3.2875 2.6938 1504014336.261848
46 12.0263 3.3352 2.6639 1504014337.4590945
47 11.9298 3.3873 2.6318 1504014338.65692
48 11.8356 3.4411 2.5988 1504014339.8589993
49 11.7374 3.5047 2.5639 1504014341.1818616
50 11.4854 3.6866 2.4795 1504014344.658175
51 11.4414 3.7216 2.4661 1504014345.260675
52 11.3714 3.7787 2.4454 1504014346.220344
53 11.2852 3.8516 2.4203 1504014347.4233375
54 11.1945 3.9326 2.3955 1504014348.7393677
55 11.1046 4.0204 2.3694 1504014349.997736
56 11.0258 4.0999 2.3469 1504014351.1370997
57 10.9486 4.1821 2.3257 1504014352.339351
58 10.8581 4.2814 2.3018 1504014353.7193296
59 10.7956 4.3488 2.2871 1504014354.7368693
60 10.7137 4.4457 2.2668 1504014355.9377766
61 10.6398 4.5347 2.2477 1504014357.2620804
62 10.5707 4.6244 2.2265 1504014358.399941
63 10.495 4.7254 2.2005 1504014359.7792234
64 10.4381 4.8075 2.1782 1504014360.860839
65 10.375 4.9039 2.1529 1504014362.0616174
66 10.323 4.9888 2.1321 1504014363.1391554
67 10.2655 5.0857 2.1107 1504014364.3380532
68 10.2042 5.1927 2.0893 1504014365.6603212
69 10.1546 5.2818 2.072 1504014366.7390213
70 10.0958 5.3966 2.051 1504014368.0631032
71 10.0385 5.5074 2.0314 1504014369.378302
72 9.9885 5.6083 2.0126 1504014370.5163074
73 9.9416 5.7078 1.9954 1504014371.6609745
74 9.8172 5.9902 1.9494 1504014374.8395207
75 9.8008 6.0294 1.9433 1504014375.2593074
76 9.7719 6.1 1.9341 1504014376.0393784
77 9.7228 6.2256 1.9182 1504014377.3590496
78 9.6827 6.3397 1.9068 1504014378.5561297
79 9.6458 6.455 1.896 1504014379.7571278
80 9.609 6.5688 1.8873 1504014380.9615312
81 9.5754 6.6778 1.88 1504014382.157793
82 9.5398 6.7975 1.8734 1504014383.4192367
83 9.5093 6.9004 1.8676 1504014384.497527
84 9.4769 7.013 1.8625 1504014385.6997194
85 9.4401 7.1316 1.8585 1504014386.9587517
86 9.4075 7.2489 1.8551 1504014388.2196927
87 9.3671 7.3897 1.8518 1504014389.537064
88 9.3345 7.4882 1.8472 1504014390.561606
89 9.3057 7.5945 1.8508 1504014391.7586234
90 9.2726 7.7108 1.8531 1504014392.9562476
91 9.2358 7.8329 1.8538 1504014394.2195153
92 9.2017 7.9463 1.8564 1504014395.4227362
93 9.1686 8.0586 1.8606 1504014396.6208792
94 9.1339 8.1823 1.8657 1504014397.9371033
95 9.1037 8.286 1.8715 1504014399.0199
96 9.0707 8.397 1.8789 1504014400.2214863
97 9.0341 8.5145 1.8882 1504014401.421114
98 8.9963 8.6298 1.8993 1504014402.5557752
99 8.8603 8.9966 1.9381 1504014406.5187626
100 8.8423 9.0416 1.9442 1504014406.997395
101 8.8148 9.1068 1.9532 1504014407.7777205
102 8.7692 9.2147 1.9704 1504014409.0363932
103 8.7232 9.3191 1.9906 1504014410.2367249
104 8.6778 9.4152 2.0112 1504014411.3798435
105 8.6305 9.512 2.0371 1504014412.637814
106 8.5663 9.6247 2.0646 1504014413.9001431
107 8.5123 9.719 2.0901 1504014415.0980034
108 8.4539 9.8166 2.1181 1504014416.300495
109 8.4024 9.8978 2.1419 1504014417.37821
110 8.3366 9.9944 2.1728 1504014418.635597
111 8.2705 10.0879 2.2028 1504014419.8997464
112 8.213 10.1643 2.2286 1504014420.9805691
113 8.1373 10.2585 2.2606 1504014422.3020387
114 8.0675 10.341 2.2899 1504014423.5002356
115 8.0004 10.4152 2.3152 1504014424.576058
116 7.9172 10.5023 2.3464 1504014425.9009736
117 7.8329 10.5845 2.3749 1504014427.158585
118 7.7559 10.6566 2.3991 1504014428.2991364
119 7.672 10.7298 2.4232 1504014429.498858
120 7.5814 10.8079 2.449 1504014430.817213
121 7.4997 10.8743 2.472 1504014431.9022298
122 7.4051 10.9486 2.4962 1504014433.1566133
123 7.155 11.1237 2.5563 1504014436.3370104
124 7.1202 11.1462 2.5638 1504014436.758898
125 7.0396 11.197 2.5799 1504014437.7758322
126 6.9278 11.2645 2.6014 1504014439.0984383
127 6.8197 11.3276 2.6211 1504014440.4167066
128 6.7302 11.3826 2.6361 1504014441.5009246
129 6.6228 11.436 2.6593 1504014442.8167655
130 6.5209 11.4848 2.6801 1504014443.9551566
131 6.4198 11.5312 2.7 1504014445.1567764
132 6.3043 11.5825 2.7187 1504014446.4796665
133 6.2099 11.6247 2.7373 1504014447.5569916
134 6.1088 11.6668 2.7571 1504014448.698675
135 6.0051 11.7084 2.7789 1504014449.900283
136 5.8892 11.7523 2.8052 1504014451.2190592
137 5.7824 11.7882 2.8307 1504014452.4172316
138 5.6768 11.819 2.8564 1504014453.5553184
139 5.5625 11.8506 2.8829 1504014454.8170543
140 5.4522 11.878 2.9077 1504014456.019926
141 5.3348 11.9037 2.9341 1504014457.34053
142 5.2274 11.9249 2.9571 1504014458.475536
143 5.1215 11.9433 2.9804 1504014459.616865
144 5.0107 11.9596 3.0052 1504014460.8195262
145 4.8868 11.9751 3.0313 1504014462.1405516
146 4.778 11.9842 3.0541 1504014463.3375077
147 4.4574 12.011 3.1121 1504014466.6988804
148 4.4236 12.0105 3.1186 1504014467.0572724
149 4.3155 12.0134 3.1353 1504014468.1377397
150 4.2007 12.0176 -3.13489 1504014469.3372755
151 4.0555 12.0103 -3.12679 1504014470.6570024
152 3.9919 12.0077 -3.12579 1504014471.615813
153 4.3233 12.0114 -3.13579 1504014556.2746992
154 4.3585 12.0109 -3.13909 1504014556.636207
155 4.4751 12.014 3.1249 1504014557.835269
156 4.6074 12.0121 3.1001 1504014559.1531038
157 4.6889 12.0035 3.0852 1504014559.9962084
158 4.8075 11.9935 3.0591 1504014561.3166986
159 4.9254 11.9804 3.0289 1504014562.6350625
160 5.0421 11.9652 3.0047 1504014563.8340552
161 5.1393 11.9512 2.9855 1504014564.9152617
162 5.2531 11.9339 2.9607 1504014566.1774893
163 5.3627 11.911 2.9353 1504014567.374504
164 5.4689 11.8858 2.9083 1504014568.5723777
165 5.5806 11.8589 2.8802 1504014569.7745671
166 5.6868 11.8297 2.8534 1504014570.9764657
167 5.7954 11.7952 2.8275 1504014572.174613
168 5.8771 11.7686 2.8106 1504014573.0735316
169 6.0109 11.7208 2.7829 1504014574.5739448
170 6.1174 11.6784 2.7606 1504014575.77522
171 6.2284 11.63 2.7377 1504014577.0986743
172 6.3355 11.5828 2.7166 1504014578.2958145
173 6.4333 11.5362 2.6975 1504014579.4333105
174 6.5366 11.4875 2.6785 1504014580.6365302
175 6.6454 11.4338 2.6591 1504014581.8991675
176 6.7423 11.3867 2.6401 1504014583.0320573
177 7.0399 11.21 2.58 1504014586.635416
178 7.0847 11.1823 2.5711 1504014587.178216
179 7.1711 11.1256 2.555 1504014588.2566686
180 7.2867 11.0486 2.5329 1504014589.695424
181 7.3817 10.9822 2.5145 1504014590.8927898
182 7.4595 10.9256 2.4966 1504014591.8558683
183 7.5492 10.8547 2.4771 1504014593.0549064
184 7.6389 10.7822 2.4543 1504014594.2525918
185 7.7346 10.7012 2.4292 1504014595.5754914
186 7.8189 10.6274 2.4067 1504014596.7772722
187 7.9053 10.5475 2.3826 1504014598.03514
188 7.9838 10.4722 2.3595 1504014599.176824
189 8.0531 10.4009 2.3365 1504014600.2534695
190 8.1279 10.3196 2.3108 1504014601.455443
191 8.2018 10.2366 2.2837 1504014602.6553593
192 8.2769 10.1478 2.2555 1504014603.9133625
193 8.3441 10.0636 2.2284 1504014605.1135256
194 8.4134 9.9703 2.1996 1504014606.37719
195 8.4799 9.879 2.1719 1504014607.5781593
196 8.543 9.7867 2.1438 1504014608.8341582
197 8.6062 9.688 2.115 1504014610.031662
198 8.6642 9.5924 2.0888 1504014611.2336605
199 8.7217 9.4944 2.0644 1504014612.3770943
200 8.7734 9.3954 2.0412 1504014613.6330419
201 8.9051 9.1186 1.9867 1504014616.873747
202 8.92 9.0854 1.9818 1504014617.2347488
203 8.9638 8.9864 1.9673 1504014618.375027
204 9.0101 8.8768 1.952 1504014619.5749426
205 9.0557 8.7594 1.9361 1504014620.8934758
206 9.0976 8.6481 1.9223 1504014622.0958724
207 9.135 8.5446 1.9105 1504014623.1751494
208 9.1812 8.4062 1.8971 1504014624.5512447
209 9.2186 8.2862 1.8877 1504014625.871787
210 9.2538 8.1732 1.8809 1504014627.0738964
211 9.285 8.0736 1.8763 1504014628.1536846
212 9.3146 7.9773 1.871 1504014629.1752105
213 9.3527 7.8508 1.8644 1504014630.5522943
214 9.3891 7.7334 1.8581 1504014631.7553685
215 9.4242 7.6193 1.8514 1504014632.9543877
216 9.4576 7.5065 1.8458 1504014634.1515098
217 9.4918 7.3829 1.8418 1504014635.4153755
218 9.5249 7.2544 1.8418 1504014636.674379
219 9.558 7.1408 1.8463 1504014637.8747578
220 9.5904 7.0256 1.8515 1504014639.0717754
221 9.6188 6.9257 1.8569 1504014640.1514897
222 9.6504 6.8155 1.8624 1504014641.2964559
223 9.6869 6.6919 1.87 1504014642.617138
224 9.7191 6.5836 1.8767 1504014643.7518463
225 9.8248 6.2476 1.9043 1504014647.2936902
226 9.8416 6.1996 1.9086 1504014647.7744675
227 9.8817 6.086 1.9203 1504014648.973948
228 9.9287 5.9672 1.9334 1504014650.232428
229 9.9709 5.8647 1.9451 1504014651.371984
230 10.0175 5.7518 1.9574 1504014652.6332185
231 10.0575 5.6552 1.9676 1504014653.7129827
232 10.1148 5.526 1.9816 1504014655.1521225
233 10.1606 5.4257 1.9953 1504014656.2937543
234 10.2059 5.325 2.01 1504014657.433154
235 10.2552 5.2205 2.0311 1504014658.6334496
236 10.3102 5.1095 2.0565 1504014659.8968701
237 10.362 5.0098 2.0835 1504014661.0934658
238 10.4151 4.9142 2.1106 1504014662.2971172
239 10.4733 4.8152 2.1395 1504014663.5536501
240 10.5309 4.724 2.1661 1504014664.69517
241 10.5924 4.6338 2.1928 1504014665.8950205
242 10.6602 4.539 2.2228 1504014667.2122374
243 10.717 4.4659 2.2486 1504014668.233973
244 10.7807 4.3885 2.2778 1504014669.4322867
245 10.8618 4.2965 2.3175 1504014670.7510397
246 10.9338 4.2225 2.3556 1504014672.013084
247 11.0007 4.1553 2.3911 1504014673.0987177
248 11.0713 4.0908 2.4274 1504014674.2326574
249 11.327 3.8899 2.5482 1504014678.073905
250 11.3592 3.8676 2.5627 1504014678.5517123
251 11.4273 3.8246 2.5926 1504014679.514105
252 11.5126 3.7739 2.6314 1504014680.7127814
253 11.5982 3.727 2.6698 1504014681.910173
254 11.6957 3.6791 2.7139 1504014683.2315106
255 11.7855 3.6394 2.7523 1504014684.434254
256 11.8712 3.6052 2.7868 1504014685.5126462
257 11.9673 3.5707 2.8233 1504014686.7109165
258 12.0701 3.5364 2.8596 1504014687.975459
259 12.1671 3.5098 2.8929 1504014689.1138372
260 12.2736 3.4837 2.9282 1504014690.3751934
261 12.3839 3.4602 2.9621 1504014691.630328
262 12.477 3.4421 2.989 1504014692.7119088
263 12.6026 3.4228 3.0221 1504014694.0343928
264 12.71 3.4108 3.0482 1504014695.23216
265 12.819 3.4007 3.0732 1504014696.4306288
266 12.9327 3.3944 3.0967 1504014697.6309304
267 13.0397 3.3904 3.1163 1504014698.7140322
268 13.1621 3.3867 3.1345 1504014699.9748387
269 13.2825 3.3845 -3.13269 1504014701.1732333
270 13.4078 3.3836 -3.11859 1504014702.4311614
271 13.5256 3.3874 -3.10609 1504014703.632725
272 13.639 3.392 -3.09539 1504014704.7755432
273 14.0396 3.4149 -3.07929 1504014708.8550472
274 14.0745 3.4165 -3.07959 1504014709.210536
275 14.188 3.4245 -3.08059 1504014710.3517132
276 14.3393 3.4327 -3.08289 1504014711.8519492
277 14.4558 3.4392 -3.08539 1504014712.9925342
278 14.5707 3.4456 -3.08899 1504014714.070851
279 14.6819 3.4514 -3.09319 1504014715.211144
280 14.8062 3.4559 -3.10009 1504014716.5347595
281 14.9247 3.4609 -3.10749 1504014717.7361758
282 15.0367 3.4634 -3.11579 1504014718.8712635
283 15.1512 3.4644 -3.12549 1504014720.0111613
284 15.2718 3.4663 -3.13689 1504014721.2124574
285 15.3936 3.4667 3.1358 1504014722.4724078
286 15.5323 3.4677 3.1246 1504014723.8515117
287 15.6385 3.4658 3.1159 1504014724.9337523
288 15.7577 3.4639 3.1054 1504014726.134594
289 15.854 3.4612 3.0955 1504014727.151738
290 15.9895 3.4553 3.08 1504014728.5341768
291 16.104 3.4471 3.0658 1504014729.7323701
292 16.2268 3.4366 3.052 1504014730.935568
293 16.3568 3.4233 3.0397 1504014732.253745
294 16.4634 3.4152 3.0306 1504014733.3341506
295 16.5603 3.4 3.0251 1504014734.2319148
296 16.6626 3.3899 3.0169 1504014735.4337938
297 17.1017 3.3209 2.9946 1504014739.8149307
298 17.1726 3.3096 2.9921 1504014740.5345426
299 17.2618 3.2968 2.9894 1504014741.430835
300 17.3842 3.2798 2.9872 1504014742.7490685
301 17.5353 3.256 2.986 1504014743.8315306


# Displacement and sum and time
0 0.05392085093665122 0.05392085093665122 1504014283.25
1 -0.0012854591377062102 0.05263539179894501 1504014283.68
2 -0.03701812173006294 0.01561727006888207 1504014284.96
3 0.0002883799452733232 0.015905650014155392 1504014286.07
4 -0.009031780229453945 0.006873869784701447 1504014287.23
5 0.03022107010079196 0.03709493988549341 1504014288.54
6 0.014525226149075879 0.05162016603456929 1504014289.76
7 0.009780577858258505 0.06140074389282779 1504014290.93
8 -0.0464542985944795 0.014946445298348293 1504014292.25
9 0.03153926520571361 0.0464857105040619 1504014293.36
10 -0.042164599132002115 0.004321111372059788 1504014294.54
11 0.013769907137902201 0.01809101850996199 1504014295.75
12 -0.002655997841722546 0.015435020668239444 1504014297.05
13 0.0013800858039740294 0.016815106472213473 1504014298.14
14 0.044222886227699376 0.06103799269991285 1504014299.48
15 -0.0021524286428058342 0.058885564057107015 1504014300.46
16 -0.006936991708320572 0.05194857234878644 1504014301.75
17 0.06639439304841172 0.11834296539719816 1504014302.9
18 -0.07245307800427736 0.0458898873929208 1504014304.21
19 0.053243726594269056 0.09913361398718985 1504014305.32
20 -0.03268503295206508 0.06644858103512477 1504014306.5
21 -0.030598818556169846 0.035849762478954925 1504014307.75
22 0.05928581150053529 0.09513557397949021 1504014308.94
23 -0.013996479811315896 0.08113909416817432 1504014310.03
24 0.01615625719859526 0.09729535136676958 1504014313.03
25 0.0011693609220527826 0.09846471228882236 1504014313.33
26 -0.003495136539798993 0.09496957574902337 1504014314.53
27 -0.012223566077665005 0.08274600967135837 1504014315.73
28 0.052874033533890086 0.13562004320524845 1504014316.94
29 -0.022018239147999052 0.1136018040572494 1504014318.24
30 -0.03307412871494532 0.08052767534230408 1504014319.44
31 0.009720186988092822 0.0902478623303969 1504014320.78
32 0.03993764414693951 0.1301855064773364 1504014321.85
33 -0.025171774310346687 0.10501373216698971 1504014322.94
34 -0.053137258699884254 0.05187647346710546 1504014324.32
35 0.012257059745703278 0.06413353321280874 1504014325.44
36 -0.03954588706250474 0.024587646150303996 1504014326.62
37 0.04776232608923314 0.07234997223953714 1504014327.92
38 0.023806284673867875 0.09615625691340501 1504014329.01
39 -0.04750196578222793 0.048654291131177085 1504014330.35
40 0.03096922098831588 0.07962351211949296 1504014331.45
41 -0.03913620450616592 0.04048730761332704 1504014332.69
42 0.0447654719974171 0.08525277961074415 1504014333.85
43 -0.031073122209951773 0.05417965740079238 1504014334.73
44 0.00023990695751202606 0.054419564358304404 1504014336.25
45 -0.048454185379637846 0.005965378978666558 1504014337.45
46 0.03966555782078286 0.04563093679944942 1504014338.65
47 -0.01061163653140565 0.03501930026804377 1504014339.86
48 -0.011527168594206938 0.023492131673836833 1504014341.16
49 0.059652882501018856 0.08314501417485569 1504014344.65
50 -0.019315220364209566 0.06382979381064613 1504014345.26
51 -0.0029290092532737594 0.06090078455737237 1504014346.24
52 0.019867905601297114 0.08076869015866948 1504014347.42
53 -0.02340118303820632 0.057367507120463165 1504014348.73
54 -0.011251769780296739 0.04611573734016643 1504014349.99
55 0.036511230990575794 0.08262696833074222 1504014351.16
56 0.0012445577481611375 0.08387152607890336 1504014352.33
57 -0.012798252033068142 0.07107327404583522 1504014353.7
58 0.01441778777215548 0.0854910618179907 1504014354.72
59 -0.0066251605919520895 0.0788659012260386 1504014355.91
60 -0.012975514112676528 0.06589038711336208 1504014357.25
61 -0.029532747173235965 0.03635763994012611 1504014358.43
62 0.08006179969649678 0.11641943963662289 1504014359.8
63 0.0036316861742210216 0.12005112581084391 1504014360.84
64 -0.02031335434706648 0.09973777146377744 1504014362.05
65 0.024304305787406444 0.12404207725118388 1504014363.15
66 -0.03682348154681864 0.08721859570436524 1504014364.33
67 0.03200639259128435 0.11922498829564959 1504014365.65
68 0.007835607943034215 0.12706059623868382 1504014366.73
69 -0.05127371061810865 0.07578688562057517 1504014368.06
70 0.0291029830939835 0.10488986871455867 1504014369.37
71 0.029470422428964485 0.13436029114352316 1504014370.5
72 -0.018228154523907594 0.11613213661961556 1504014371.64
73 -0.0051286248962040815 0.11100351172341148 1504014374.84
74 0.002966507051275921 0.1139700187746874 1504014375.23
75 -0.04713415741135221 0.06683586136333519 1504014376.03
76 0.06449924264281623 0.13133510400615142 1504014377.34
77 -0.11821760052981106 0.013117503476340359 1504014378.53
78 0.060584741230492505 0.07370224470683287 1504014379.73
79 0.033330255651057863 0.10703250035789073 1504014380.94
80 -0.031114668062393255 0.07591783229549748 1504014382.15
81 0.03752186188685716 0.11343969418235464 1504014383.41
82 -0.06734689949894342 0.04609279468341122 1504014384.52
83 0.04497642136919751 0.09106921605260873 1504014385.71
84 0.001523586439551916 0.09259280249216065 1504014386.95
85 -0.10938754870831364 -0.016794746216152998 1504014388.22
86 0.029719185533725087 0.01292443931757209 1504014389.52
87 0.01427522490911827 0.02719966422669036 1504014390.54
88 -0.05095724441927664 -0.02375758019258628 1504014391.74
89 0.0448146529136214 0.021057072721035117 1504014392.94
90 -0.022776415274135875 -0.0017193425531007583 1504014394.2
91 -0.019522754541553958 -0.021242097094654716 1504014395.43
92 0.007962948313793114 -0.013279148780861602 1504014396.6
93 -0.0422761925969897 -0.0555553413778513 1504014397.92
94 0.03730197792687344 -0.01825336345097786 1504014399.02
95 0.048250585843058164 0.029997222392080303 1504014400.21
96 -0.04856585920971637 -0.01856863681763607 1504014401.4
97 0.03871775907237561 0.02014912225473954 1504014402.54
98 0.020881427403922292 0.04103054965866183 1504014406.52
99 0.00011091513462034575 0.04114146479328218 1504014406.99
100 -0.055014750214803024 -0.013873285421520845 1504014407.77
101 0.03157439919913191 0.017701113777611063 1504014409.01
102 -0.034502708950767014 -0.01680159517315595 1504014410.22
103 0.021714333222826857 0.004912738049670906 1504014411.4
104 0.048345533411613295 0.0532582714612842 1504014412.63
105 0.010976393921775879 0.06423466538306008 1504014413.9
106 -0.017989073066352473 0.04624559231670761 1504014415.07
107 -0.02615021389081358 0.020095378425894025 1504014416.3
108 -0.009165907436067502 0.010929470989826523 1504014417.36
109 0.026448043234741606 0.03737751422456813 1504014418.62
110 -0.028075130176482013 0.009302384048086115 1504014419.89
111 0.006054106302085596 0.015356490350171711 1504014421.01
112 -0.0031428640061505753 0.012213626344021136 1504014422.3
113 0.017645760769352647 0.029859387113373784 1504014423.5
114 -0.0003610809449426794 0.029498306168431104 1504014424.6
115 0.02097993477227604 0.050478240940707145 1504014425.9
116 -0.028382590291517434 0.02209565064918971 1504014427.15
117 0.002390352729969847 0.024486003379159557 1504014428.31
118 0.022603178548971772 0.04708918192813133 1504014429.5
119 -0.06630453438864667 -0.01921535246051534 1504014430.81
120 0.03489450503515139 0.01567915257463605 1504014431.9
121 -0.029449838677850546 -0.013770686103214497 1504014433.15
122 -0.008062540529316153 -0.02183322663253065 1504014436.32
123 -0.0006764819295646124 -0.022509708562095262 1504014436.75
124 -0.029795296694417536 -0.0523050052565128 1504014437.8
125 0.01539833277695922 -0.03690667247955358 1504014439.11
126 -0.005687282149810902 -0.04259395462936448 1504014440.4
127 0.02267163376782909 -0.019922320861535392 1504014441.5
128 -0.008043193041802371 -0.027965513903337763 1504014442.8
129 0.041786747596882695 0.013821233693544932 1504014443.94
130 -0.28924672083525566 -0.2754254871417107 1504014445.15
131 -0.1982012897090035 -0.4736267768507142 1504014446.48
132 -0.02871987402382467 -0.5023466508745389 1504014447.54
133 0.03477424894120583 -0.46757240193333305 1504014448.69
134 -0.09678233942275843 -0.5643547413560914 1504014449.89
135 0.007335134962160858 -0.5570196063939306 1504014451.23
136 -0.3171535817669753 -0.8741731881609058 1504014452.41
137 -0.025105459210246095 -0.8992786473711519 1504014453.54
138 -0.1767847221868217 -1.0760633695579735 1504014454.81
139 -0.29609283193026026 -1.3721562014882338 1504014456.02
140 -0.05704381369176843 -1.4292000151800022 1504014457.32
141 0.017810312021907762 -1.4113897031580944 1504014458.45
142 -0.02404704699270395 -1.4354367501507983 1504014459.61
143 -0.17998004338145432 -1.6154167935322525 1504014460.79
144 -0.3968065664345191 -2.0122233599667716 1504014462.12
145 0.03822963631411448 -1.973993723652657 1504014463.33
146 -0.10391077691010947 -2.0779045005627665 1504014466.7
147 0.0015272892090628654 -2.076377211353704 1504014467.04
148 0.002722088661864519 -2.0736551226918394 1504014468.12
149 -0.3266563676904501 -2.4003114903822893 1504014469.32
150 -0.02304055477577685 -2.423352045158066 1504014470.65
151 0.0020621955063056044 -2.4212898496517603 1504014471.61
152 0.024701432430849157 -2.396588417220911 1504014556.25
153 -0.0001259675694947962 -2.396714384790406 1504014556.61
154 0.0636521653988543 -2.3330622193915516 1504014557.82
155 -0.04404757473819268 -2.377109794129744 1504014559.14
156 -0.003016443440771538 -2.3801262375705154 1504014560.02
157 0.01997495686504383 -2.3601512807054714 1504014561.31
158 -0.06717297125196114 -2.4273242519574327 1504014562.62
159 0.013557911490109431 -2.4137663404673235 1504014563.83
160 -0.0019237713722778521 -2.4156901118396013 1504014564.92
161 -0.013362630570485465 -2.4290527424100867 1504014566.16
162 -0.03951015756657843 -2.468562899976665 1504014567.36
163 -0.0004939061846872955 -2.4690568061613525 1504014568.57
164 -0.0173816678389324 -2.486438474000285 1504014569.79
165 0.015389543230487496 -2.4710489307697974 1504014570.97
166 -0.016896101933927446 -2.487945032703725 1504014572.17
167 -0.018642102904383034 -2.506587135608108 1504014573.05
168 -0.00900068024902173 -2.51558781585713 1504014574.57
169 -0.011142082790296756 -2.5267298986474267 1504014575.77
170 -0.03213919437086367 -2.5588690930182905 1504014577.09
171 0.03717804907755638 -2.5216910439407343 1504014578.29
172 -0.02798019765438317 -2.5496712415951173 1504014579.45
173 0.026496237342290382 -2.5231750042528267 1504014580.66
174 -0.011873567002431432 -2.535048571255258 1504014581.89
175 0.05970291250370691 -2.475345658751551 1504014583.03
176 -0.04636356704098693 -2.521709225792538 1504014586.66
177 0.0057960292755291146 -2.5159131965170087 1504014587.15
178 0.016987288452508756 -2.4989259080645 1504014588.28
179 -0.031041979366562833 -2.529967887431063 1504014589.68
180 0.05592820385691103 -2.474039683574152 1504014590.88
181 -0.07141212284955192 -2.5454518064237037 1504014591.85
182 0.03072435645445086 -2.5147274499692527 1504014593.05
183 -0.026716758078092 -2.5414442080473445 1504014594.25
184 -0.0004478543156679893 -2.5418920623630124 1504014595.56
185 0.015167920868076445 -2.526724141494936 1504014596.76
186 -0.0217692862124247 -2.5484934277073608 1504014598.02
187 0.03178972382105 -2.5167037038863107 1504014599.16
188 -0.06245872143330099 -2.5791624253196117 1504014600.28
189 0.0493944057987746 -2.529768019520837 1504014601.45
190 -0.017644261717606885 -2.547412281238444 1504014602.68
191 -0.022928606825114245 -2.5703408880635585 1504014603.89
192 0.04964331660157334 -2.520697571461985 1504014605.1
193 -0.009783706555824237 -2.530481278017809 1504014606.37
194 0.033549056501299454 -2.4969322215165097 1504014607.55
195 -0.051306047812357716 -2.5482382693288677 1504014608.86
196 -0.010887360821490541 -2.559125630150358 1504014610.05
197 -0.019371012308426888 -2.5784966424587847 1504014611.26
198 0.017933849927396495 -2.560562792531388 1504014612.36
199 -0.00113334775296145 -2.5616961402843494 1504014613.62
200 0.04705018119963117 -2.514645959084718 1504014616.87
201 0.0019543032393960075 -2.5126916558453223 1504014617.22
202 -0.027293762951847336 -2.5399854187971695 1504014618.35
203 -0.006867551542946798 -2.546852970340116 1504014619.56
204 0.041287759947411476 -2.505565210392705 1504014620.89
205 0.002628697940321917 -2.502936512452383 1504014622.07
206 -0.07939393074835097 -2.5823304432007337 1504014623.15
207 0.029471861385010553 -2.5528585818157232 1504014624.55
208 -0.06456441910779831 -2.6174230009235213 1504014625.86
209 0.040857494982803125 -2.576565505940718 1504014627.06
210 -0.009022787310471 -2.585588293251189 1504014628.15
211 0.04879263724953891 -2.53679565600165 1504014629.16
212 -0.05474882155618585 -2.591544477557836 1504014630.54
213 0.04102370878308109 -2.5505207687747546 1504014631.75
214 -0.03222159634248076 -2.582742365117235 1504014632.94
215 -0.013428921869291857 -2.596171286986527 1504014634.14
216 -0.025419724423238033 -2.621591011409765 1504014635.39
217 0.023236096241705625 -2.5983549151680596 1504014636.66
218 -0.04514468345414836 -2.643499598622208 1504014637.86
219 -0.0034941042802505984 -2.6469937029024586 1504014639.06
220 0.032966254704553305 -2.614027448197905 1504014640.15
221 0.017907330656752526 -2.596120117541153 1504014641.27
222 -0.04450382978686068 -2.6406239473280135 1504014642.6
223 0.0443452932850347 -2.5962786540429788 1504014643.74
224 -0.040375003912629104 -2.6366536579556077 1504014647.28
225 0.0020523818246901415 -2.6346012761309177 1504014647.75
226 -0.008525101605538724 -2.6431263777364564 1504014648.96
227 -0.04188208344382094 -2.6850084611802774 1504014650.22
228 0.08044717043317567 -2.604561290747102 1504014651.37
229 0.0019989251898648863 -2.6025623655572367 1504014652.61
230 -0.05197175707122889 -2.6545341226284656 1504014653.74
231 0.05337390117523451 -2.601160221453231 1504014655.13
232 0.05260026473122094 -2.54855995672201 1504014656.29
233 -0.15274422063137527 -2.7013041773533852 1504014657.42
234 0.04883066727828554 -2.6524735100750996 1504014658.61
235 0.020336839287528413 -2.6321366707875713 1504014659.89
236 -0.10502540861825405 -2.7371620794058256 1504014661.08
237 0.03690577691658012 -2.7002563024892456 1504014662.27
238 0.0129650355916677 -2.687291266897578 1504014663.53
239 0.018051470163710656 -2.6692397967338675 1504014664.69
240 -0.0208007273161223 -2.69004052404999 1504014665.89
241 0.011943687895241764 -2.678096836154748 1504014667.2
242 -0.001120747446550996 -2.6792175836012992 1504014668.23
243 -0.036202987356697164 -2.7154205709579964 1504014669.41
244 -0.009960385976101258 -2.7253809569340977 1504014670.73
245 -0.0125415176302512 -2.737922474564349 1504014672.0
246 -0.029389078807464872 -2.7673115533718136 1504014673.1
247 -0.007861514816359425 -2.775173068188173 1504014674.22
248 0.023937334874131855 -2.751235733314041 1504014678.06
249 -0.000516847165761683 -2.7517525804798026 1504014678.54
250 -0.08786308797140077 -2.8396156684512035 1504014679.49
251 0.0089146609395956 -2.8307010075116077 1504014680.7
252 0.07604130085636301 -2.7546597066552447 1504014681.9
253 -0.05522107759731454 -2.8098807842525595 1504014683.22
254 -0.0764428565701361 -2.8863236408226958 1504014684.42
255 0.005129229945393374 -2.881194410877302 1504014685.54
256 -0.02175379065327193 -2.9029482015305743 1504014686.71
257 -0.0038362998656915476 -2.906784501396266 1504014687.95
258 0.048433318496729785 -2.8583511828995363 1504014689.11
259 -0.027219636204687134 -2.8855708191042235 1504014690.37
260 0.00314561473913981 -2.8824252043650835 1504014691.61
261 -0.06754328840308085 -2.949968492768164 1504014692.71
262 -0.022193856179772736 -2.9721623489479367 1504014694.01
263 0.03830071368218482 -2.933861635265752 1504014695.22
264 -0.009415202683291629 -2.9432768379490435 1504014696.41
265 0.0050366795960310184 -2.9382401583530124 1504014697.61
266 -0.048888878385064644 -2.987129036738077 1504014698.71
267 -0.026348729193542628 -3.0134777659316194 1504014699.97
268 0.01622172143461649 -2.997256044497003 1504014701.15
269 -0.01806138568618601 -3.015317430183189 1504014702.43
270 0.03127003148106895 -2.98404739870212 1504014703.62
271 0.04213462837485063 -2.9419127703272694 1504014704.77
272 -0.026711329267603556 -2.968624099594873 1504014708.83
273 -0.004966965769749941 -2.973591065364623 1504014709.23
274 -0.02916200099040689 -3.0027530663550297 1504014710.38
275 0.03296963098349387 -2.9697834353715358 1504014711.85
276 0.0007782426845590051 -2.9690051926869767 1504014712.98
277 -0.004884661031468118 -2.973889853718445 1504014714.1
278 -0.023781953767367747 -2.997671807485813 1504014715.19
279 -0.0327981319300186 -3.0304699394158314 1504014716.53
280 0.0018752929155274045 -3.028594646500304 1504014717.72
281 0.03578208453948202 -2.992812561960822 1504014718.87
282 0.05202698340269496 -2.940785578558127 1504014720.01
283 -0.0626731150985597 -3.003458693656687 1504014721.21
284 0.05002939280325831 -2.9534293008534287 1504014722.47
285 -0.036045698325994524 -2.989474999179423 1504014723.85
286 0.0010856299233204941 -2.9883893692561028 1504014724.92
287 0.03791196166134618 -2.9504774075947564 1504014726.13
288 -0.05616443986275946 -3.006641847457516 1504014727.18
289 0.0422999812672355 -2.9643418661902805 1504014728.53
290 0.037319483976125445 -2.927022382214155 1504014729.72
291 -0.044227943937011946 -2.971250326151167 1504014730.92
292 0.02102754144935405 -2.950222784701813 1504014732.24
293 -0.0006453340693891862 -2.950868118771202 1504014733.32
294 -0.063488190540486 -3.014356309311688 1504014734.23
295 0.047625281179325435 -2.9667310281323624 1504014735.42
296 -0.10877250074378236 -3.075503528876145 1504014739.84
297 0.004850728446392519 -3.0706528004297526 1504014740.51
298 0.026911648723112608 -3.04374115170664 1504014741.41
299 0.0788203200361851 -2.964920831670455 1504014742.73
300 -0.0046496873710013265 -2.969570519041456 1504014743.82


# Displacement abs and sum and time
0 0.05392085093665122 0.05392085093665122 1504014283.25 Gmapping
1 0.0012854591377062102 0.05520631007435743 1504014283.68 Gmapping
2 0.03701812173006294 0.09222443180442037 1504014284.96 Gmapping
3 0.0002883799452733232 0.0925128117496937 1504014286.07 Gmapping
4 0.009031780229453945 0.10154459197914764 1504014287.23 Gmapping
5 0.03022107010079196 0.13176566207993962 1504014288.54 Gmapping
6 0.014525226149075879 0.14629088822901548 1504014289.76 Gmapping
7 0.009780577858258505 0.15607146608727399 1504014290.93 Gmapping
8 0.0464542985944795 0.20252576468175348 1504014292.25 Gmapping
9 0.03153926520571361 0.23406502988746708 1504014293.36 Gmapping
10 0.042164599132002115 0.2762296290194692 1504014294.54 Gmapping
11 0.013769907137902201 0.2899995361573714 1504014295.75 Gmapping
12 0.002655997841722546 0.29265553399909394 1504014297.05 Gmapping
13 0.0013800858039740294 0.29403561980306797 1504014298.14 Gmapping
14 0.044222886227699376 0.33825850603076735 1504014299.48 Gmapping
15 0.0021524286428058342 0.3404109346735732 1504014300.46 Gmapping
16 0.006936991708320572 0.34734792638189377 1504014301.75 Gmapping
17 0.06639439304841172 0.4137423194303055 1504014302.9 Gmapping
18 0.07245307800427736 0.48619539743458284 1504014304.21 Gmapping
19 0.053243726594269056 0.5394391240288519 1504014305.32 Gmapping
20 0.03268503295206508 0.5721241569809169 1504014306.5 Gmapping
21 0.030598818556169846 0.6027229755370868 1504014307.75 Gmapping
22 0.05928581150053529 0.662008787037622 1504014308.94 Gmapping
23 0.013996479811315896 0.6760052668489379 1504014310.03 Gmapping
24 0.01615625719859526 0.6921615240475332 1504014313.03 Gmapping
25 0.0011693609220527826 0.693330884969586 1504014313.33 Gmapping
26 0.003495136539798993 0.6968260215093849 1504014314.53 Gmapping
27 0.012223566077665005 0.70904958758705 1504014315.73 Gmapping
28 0.052874033533890086 0.76192362112094 1504014316.94 Gmapping
29 0.022018239147999052 0.7839418602689391 1504014318.24 Gmapping
30 0.03307412871494532 0.8170159889838844 1504014319.44 Gmapping
31 0.009720186988092822 0.8267361759719772 1504014320.78 Gmapping
32 0.03993764414693951 0.8666738201189168 1504014321.85 Gmapping
33 0.025171774310346687 0.8918455944292635 1504014322.94 Gmapping
34 0.053137258699884254 0.9449828531291478 1504014324.32 Gmapping
35 0.012257059745703278 0.957239912874851 1504014325.44 Gmapping
36 0.03954588706250474 0.9967857999373557 1504014326.62 Gmapping
37 0.04776232608923314 1.044548126026589 1504014327.92 Gmapping
38 0.023806284673867875 1.0683544107004568 1504014329.01 Gmapping
39 0.04750196578222793 1.1158563764826848 1504014330.35 Gmapping
40 0.03096922098831588 1.1468255974710007 1504014331.45 Gmapping
41 0.03913620450616592 1.1859618019771665 1504014332.69 Gmapping
42 0.0447654719974171 1.2307272739745836 1504014333.85 Gmapping
43 0.031073122209951773 1.2618003961845354 1504014334.73 Gmapping
44 0.00023990695751202606 1.2620403031420475 1504014336.25 Gmapping
45 0.048454185379637846 1.3104944885216854 1504014337.45 Gmapping
46 0.03966555782078286 1.3501600463424683 1504014338.65 Gmapping
47 0.01061163653140565 1.360771682873874 1504014339.86 Gmapping
48 0.011527168594206938 1.372298851468081 1504014341.16 Gmapping
49 0.059652882501018856 1.4319517339691 1504014344.65 Gmapping
50 0.019315220364209566 1.4512669543333094 1504014345.26 Gmapping
51 0.0029290092532737594 1.454195963586583 1504014346.24 Gmapping
52 0.019867905601297114 1.4740638691878802 1504014347.42 Gmapping
53 0.02340118303820632 1.4974650522260866 1504014348.73 Gmapping
54 0.011251769780296739 1.5087168220063834 1504014349.99 Gmapping
55 0.036511230990575794 1.545228052996959 1504014351.16 Gmapping
56 0.0012445577481611375 1.5464726107451203 1504014352.33 Gmapping
57 0.012798252033068142 1.5592708627781884 1504014353.7 Gmapping
58 0.01441778777215548 1.5736886505503438 1504014354.72 Gmapping
59 0.0066251605919520895 1.5803138111422959 1504014355.91 Gmapping
60 0.012975514112676528 1.5932893252549725 1504014357.25 Gmapping
61 0.029532747173235965 1.6228220724282085 1504014358.43 Gmapping
62 0.08006179969649678 1.7028838721247053 1504014359.8 Gmapping
63 0.0036316861742210216 1.7065155582989262 1504014360.84 Gmapping
64 0.02031335434706648 1.7268289126459926 1504014362.05 Gmapping
65 0.024304305787406444 1.751133218433399 1504014363.15 Gmapping
66 0.03682348154681864 1.7879566999802177 1504014364.33 Gmapping
67 0.03200639259128435 1.819963092571502 1504014365.65 Gmapping
68 0.007835607943034215 1.8277987005145362 1504014366.73 Gmapping
69 0.05127371061810865 1.879072411132645 1504014368.06 Gmapping
70 0.0291029830939835 1.9081753942266284 1504014369.37 Gmapping
71 0.029470422428964485 1.937645816655593 1504014370.5 Gmapping
72 0.018228154523907594 1.9558739711795006 1504014371.64 Gmapping
73 0.0051286248962040815 1.9610025960757047 1504014374.84 Gmapping
74 0.002966507051275921 1.9639691031269806 1504014375.23 Gmapping
75 0.04713415741135221 2.011103260538333 1504014376.03 Gmapping
76 0.06449924264281623 2.075602503181149 1504014377.34 Gmapping
77 0.11821760052981106 2.1938201037109604 1504014378.53 Gmapping
78 0.060584741230492505 2.254404844941453 1504014379.73 Gmapping
79 0.033330255651057863 2.287735100592511 1504014380.94 Gmapping
80 0.031114668062393255 2.318849768654904 1504014382.15 Gmapping
81 0.03752186188685716 2.3563716305417612 1504014383.41 Gmapping
82 0.06734689949894342 2.4237185300407047 1504014384.52 Gmapping
83 0.04497642136919751 2.468694951409902 1504014385.71 Gmapping
84 0.001523586439551916 2.470218537849454 1504014386.95 Gmapping
85 0.10938754870831364 2.5796060865577677 1504014388.22 Gmapping
86 0.029719185533725087 2.6093252720914926 1504014389.52 Gmapping
87 0.01427522490911827 2.623600497000611 1504014390.54 Gmapping
88 0.05095724441927664 2.674557741419888 1504014391.74 Gmapping
89 0.0448146529136214 2.7193723943335093 1504014392.94 Gmapping
90 0.022776415274135875 2.742148809607645 1504014394.2 Gmapping
91 0.019522754541553958 2.761671564149199 1504014395.43 Gmapping
92 0.007962948313793114 2.7696345124629924 1504014396.6 Gmapping
93 0.0422761925969897 2.811910705059982 1504014397.92 Gmapping
94 0.03730197792687344 2.8492126829868556 1504014399.02 Gmapping
95 0.048250585843058164 2.8974632688299136 1504014400.21 Gmapping
96 0.04856585920971637 2.94602912803963 1504014401.4 Gmapping
97 0.03871775907237561 2.9847468871120055 1504014402.54 Gmapping
98 0.020881427403922292 3.0056283145159277 1504014406.52 Gmapping
99 0.00011091513462034575 3.005739229650548 1504014406.99 Gmapping
100 0.055014750214803024 3.060753979865351 1504014407.77 Gmapping
101 0.03157439919913191 3.092328379064483 1504014409.01 Gmapping
102 0.034502708950767014 3.1268310880152503 1504014410.22 Gmapping
103 0.021714333222826857 3.1485454212380772 1504014411.4 Gmapping
104 0.048345533411613295 3.1968909546496906 1504014412.63 Gmapping
105 0.010976393921775879 3.2078673485714666 1504014413.9 Gmapping
106 0.017989073066352473 3.225856421637819 1504014415.07 Gmapping
107 0.02615021389081358 3.2520066355286326 1504014416.3 Gmapping
108 0.009165907436067502 3.2611725429647 1504014417.36 Gmapping
109 0.026448043234741606 3.287620586199442 1504014418.62 Gmapping
110 0.028075130176482013 3.3156957163759238 1504014419.89 Gmapping
111 0.006054106302085596 3.3217498226780093 1504014421.01 Gmapping
112 0.0031428640061505753 3.32489268668416 1504014422.3 Gmapping
113 0.017645760769352647 3.3425384474535127 1504014423.5 Gmapping
114 0.0003610809449426794 3.3428995283984553 1504014424.6 Gmapping
115 0.02097993477227604 3.3638794631707314 1504014425.9 Gmapping
116 0.028382590291517434 3.392262053462249 1504014427.15 Gmapping
117 0.002390352729969847 3.3946524061922188 1504014428.31 Gmapping
118 0.022603178548971772 3.4172555847411905 1504014429.5 Gmapping
119 0.06630453438864667 3.4835601191298373 1504014430.81 Gmapping
120 0.03489450503515139 3.5184546241649888 1504014431.9 Gmapping
121 0.029449838677850546 3.547904462842839 1504014433.15 Gmapping
122 0.008062540529316153 3.5559670033721553 1504014436.32 Gmapping
123 0.0006764819295646124 3.55664348530172 1504014436.75 Gmapping
124 0.029795296694417536 3.5864387819961374 1504014437.8 Gmapping
125 0.01539833277695922 3.6018371147730965 1504014439.11 Gmapping
126 0.005687282149810902 3.6075243969229076 1504014440.4 Gmapping
127 0.02267163376782909 3.630196030690737 1504014441.5 Gmapping
128 0.008043193041802371 3.638239223732539 1504014442.8 Gmapping
129 0.041786747596882695 3.680025971329422 1504014443.94 Gmapping
130 0.28924672083525566 3.9692726921646777 1504014445.15 Gmapping
131 0.1982012897090035 4.167473981873681 1504014446.48 Gmapping
132 0.02871987402382467 4.196193855897506 1504014447.54 Gmapping
133 0.03477424894120583 4.230968104838712 1504014448.69 Gmapping
134 0.09678233942275843 4.32775044426147 1504014449.89 Gmapping
135 0.007335134962160858 4.335085579223631 1504014451.23 Gmapping
136 0.3171535817669753 4.652239160990606 1504014452.41 Gmapping
137 0.025105459210246095 4.677344620200852 1504014453.54 Gmapping
138 0.1767847221868217 4.854129342387674 1504014454.81 Gmapping
139 0.29609283193026026 5.150222174317935 1504014456.02 Gmapping
140 0.05704381369176843 5.207265988009703 1504014457.32 Gmapping
141 0.017810312021907762 5.225076300031611 1504014458.45 Gmapping
142 0.02404704699270395 5.249123347024315 1504014459.61 Gmapping
143 0.17998004338145432 5.4291033904057695 1504014460.79 Gmapping
144 0.3968065664345191 5.825909956840289 1504014462.12 Gmapping
145 0.03822963631411448 5.864139593154404 1504014463.33 Gmapping
146 0.10391077691010947 5.968050370064513 1504014466.7 Gmapping
147 0.0015272892090628654 5.969577659273576 1504014467.04 Gmapping
148 0.002722088661864519 5.972299747935441 1504014468.12 Gmapping
149 0.3266563676904501 6.2989561156258915 1504014469.32 Gmapping
150 0.02304055477577685 6.321996670401669 1504014470.65 Gmapping
151 0.0020621955063056044 6.324058865907975 1504014471.61 Gmapping
152 0.024701432430849157 6.348760298338823 1504014556.25 Gmapping
153 0.0001259675694947962 6.348886265908318 1504014556.61 Gmapping
154 0.0636521653988543 6.412538431307172 1504014557.82 Gmapping
155 0.04404757473819268 6.456586006045365 1504014559.14 Gmapping
156 0.003016443440771538 6.459602449486137 1504014560.02 Gmapping
157 0.01997495686504383 6.47957740635118 1504014561.31 Gmapping
158 0.06717297125196114 6.546750377603141 1504014562.62 Gmapping
159 0.013557911490109431 6.560308289093251 1504014563.83 Gmapping
160 0.0019237713722778521 6.562232060465528 1504014564.92 Gmapping
161 0.013362630570485465 6.575594691036014 1504014566.16 Gmapping
162 0.03951015756657843 6.615104848602592 1504014567.36 Gmapping
163 0.0004939061846872955 6.615598754787279 1504014568.57 Gmapping
164 0.0173816678389324 6.632980422626211 1504014569.79 Gmapping
165 0.015389543230487496 6.648369965856698 1504014570.97 Gmapping
166 0.016896101933927446 6.6652660677906255 1504014572.17 Gmapping
167 0.018642102904383034 6.683908170695008 1504014573.05 Gmapping
168 0.00900068024902173 6.69290885094403 1504014574.57 Gmapping
169 0.011142082790296756 6.704050933734327 1504014575.77 Gmapping
170 0.03213919437086367 6.73619012810519 1504014577.09 Gmapping
171 0.03717804907755638 6.773368177182746 1504014578.29 Gmapping
172 0.02798019765438317 6.801348374837129 1504014579.45 Gmapping
173 0.026496237342290382 6.82784461217942 1504014580.66 Gmapping
174 0.011873567002431432 6.839718179181851 1504014581.89 Gmapping
175 0.05970291250370691 6.899421091685558 1504014583.03 Gmapping
176 0.04636356704098693 6.945784658726545 1504014586.66 Gmapping
177 0.0057960292755291146 6.951580688002074 1504014587.15 Gmapping
178 0.016987288452508756 6.968567976454582 1504014588.28 Gmapping
179 0.031041979366562833 6.999609955821145 1504014589.68 Gmapping
180 0.05592820385691103 7.055538159678056 1504014590.88 Gmapping
181 0.07141212284955192 7.126950282527608 1504014591.85 Gmapping
182 0.03072435645445086 7.157674638982059 1504014593.05 Gmapping
183 0.026716758078092 7.184391397060152 1504014594.25 Gmapping
184 0.0004478543156679893 7.18483925137582 1504014595.56 Gmapping
185 0.015167920868076445 7.200007172243897 1504014596.76 Gmapping
186 0.0217692862124247 7.221776458456321 1504014598.02 Gmapping
187 0.03178972382105 7.253566182277371 1504014599.16 Gmapping
188 0.06245872143330099 7.316024903710672 1504014600.28 Gmapping
189 0.0493944057987746 7.365419309509447 1504014601.45 Gmapping
190 0.017644261717606885 7.383063571227053 1504014602.68 Gmapping
191 0.022928606825114245 7.405992178052167 1504014603.89 Gmapping
192 0.04964331660157334 7.45563549465374 1504014605.1 Gmapping
193 0.009783706555824237 7.465419201209564 1504014606.37 Gmapping
194 0.033549056501299454 7.498968257710864 1504014607.55 Gmapping
195 0.051306047812357716 7.550274305523222 1504014608.86 Gmapping
196 0.010887360821490541 7.561161666344712 1504014610.05 Gmapping
197 0.019371012308426888 7.580532678653139 1504014611.26 Gmapping
198 0.017933849927396495 7.598466528580535 1504014612.36 Gmapping
199 0.00113334775296145 7.599599876333497 1504014613.62 Gmapping
200 0.04705018119963117 7.646650057533128 1504014616.87 Gmapping
201 0.0019543032393960075 7.648604360772524 1504014617.22 Gmapping
202 0.027293762951847336 7.675898123724371 1504014618.35 Gmapping
203 0.006867551542946798 7.682765675267318 1504014619.56 Gmapping
204 0.041287759947411476 7.72405343521473 1504014620.89 Gmapping
205 0.002628697940321917 7.726682133155052 1504014622.07 Gmapping
206 0.07939393074835097 7.806076063903403 1504014623.15 Gmapping
207 0.029471861385010553 7.835547925288413 1504014624.55 Gmapping
208 0.06456441910779831 7.900112344396211 1504014625.86 Gmapping
209 0.040857494982803125 7.940969839379014 1504014627.06 Gmapping
210 0.009022787310471 7.949992626689485 1504014628.15 Gmapping
211 0.04879263724953891 7.998785263939024 1504014629.16 Gmapping
212 0.05474882155618585 8.05353408549521 1504014630.54 Gmapping
213 0.04102370878308109 8.094557794278291 1504014631.75 Gmapping
214 0.03222159634248076 8.126779390620772 1504014632.94 Gmapping
215 0.013428921869291857 8.140208312490063 1504014634.14 Gmapping
216 0.025419724423238033 8.1656280369133 1504014635.39 Gmapping
217 0.023236096241705625 8.188864133155006 1504014636.66 Gmapping
218 0.04514468345414836 8.234008816609155 1504014637.86 Gmapping
219 0.0034941042802505984 8.237502920889405 1504014639.06 Gmapping
220 0.032966254704553305 8.270469175593957 1504014640.15 Gmapping
221 0.017907330656752526 8.28837650625071 1504014641.27 Gmapping
222 0.04450382978686068 8.33288033603757 1504014642.6 Gmapping
223 0.0443452932850347 8.377225629322606 1504014643.74 Gmapping
224 0.040375003912629104 8.417600633235235 1504014647.28 Gmapping
225 0.0020523818246901415 8.419653015059925 1504014647.75 Gmapping
226 0.008525101605538724 8.428178116665464 1504014648.96 Gmapping
227 0.04188208344382094 8.470060200109284 1504014650.22 Gmapping
228 0.08044717043317567 8.55050737054246 1504014651.37 Gmapping
229 0.0019989251898648863 8.552506295732325 1504014652.61 Gmapping
230 0.05197175707122889 8.604478052803554 1504014653.74 Gmapping
231 0.05337390117523451 8.657851953978788 1504014655.13 Gmapping
232 0.05260026473122094 8.71045221871001 1504014656.29 Gmapping
233 0.15274422063137527 8.863196439341385 1504014657.42 Gmapping
234 0.04883066727828554 8.91202710661967 1504014658.61 Gmapping
235 0.020336839287528413 8.932363945907198 1504014659.89 Gmapping
236 0.10502540861825405 9.037389354525452 1504014661.08 Gmapping
237 0.03690577691658012 9.074295131442032 1504014662.27 Gmapping
238 0.0129650355916677 9.0872601670337 1504014663.53 Gmapping
239 0.018051470163710656 9.10531163719741 1504014664.69 Gmapping
240 0.0208007273161223 9.126112364513531 1504014665.89 Gmapping
241 0.011943687895241764 9.138056052408773 1504014667.2 Gmapping
242 0.001120747446550996 9.139176799855324 1504014668.23 Gmapping
243 0.036202987356697164 9.175379787212021 1504014669.41 Gmapping
244 0.009960385976101258 9.185340173188122 1504014670.73 Gmapping
245 0.0125415176302512 9.197881690818372 1504014672.0 Gmapping
246 0.029389078807464872 9.227270769625838 1504014673.1 Gmapping
247 0.007861514816359425 9.235132284442196 1504014674.22 Gmapping
248 0.023937334874131855 9.259069619316328 1504014678.06 Gmapping
249 0.000516847165761683 9.259586466482089 1504014678.54 Gmapping
250 0.08786308797140077 9.34744955445349 1504014679.49 Gmapping
251 0.0089146609395956 9.356364215393086 1504014680.7 Gmapping
252 0.07604130085636301 9.43240551624945 1504014681.9 Gmapping
253 0.05522107759731454 9.487626593846764 1504014683.22 Gmapping
254 0.0764428565701361 9.5640694504169 1504014684.42 Gmapping
255 0.005129229945393374 9.569198680362293 1504014685.54 Gmapping
256 0.02175379065327193 9.590952471015564 1504014686.71 Gmapping
257 0.0038362998656915476 9.594788770881255 1504014687.95 Gmapping
258 0.048433318496729785 9.643222089377986 1504014689.11 Gmapping
259 0.027219636204687134 9.670441725582673 1504014690.37 Gmapping
260 0.00314561473913981 9.673587340321813 1504014691.61 Gmapping
261 0.06754328840308085 9.741130628724894 1504014692.71 Gmapping
262 0.022193856179772736 9.763324484904667 1504014694.01 Gmapping
263 0.03830071368218482 9.801625198586851 1504014695.22 Gmapping
264 0.009415202683291629 9.811040401270143 1504014696.41 Gmapping
265 0.0050366795960310184 9.816077080866174 1504014697.61 Gmapping
266 0.048888878385064644 9.864965959251238 1504014698.71 Gmapping
267 0.026348729193542628 9.891314688444782 1504014699.97 Gmapping
268 0.01622172143461649 9.907536409879398 1504014701.15 Gmapping
269 0.01806138568618601 9.925597795565585 1504014702.43 Gmapping
270 0.03127003148106895 9.956867827046654 1504014703.62 Gmapping
271 0.04213462837485063 9.999002455421504 1504014704.77 Gmapping
272 0.026711329267603556 10.025713784689108 1504014708.83 Gmapping
273 0.004966965769749941 10.030680750458858 1504014709.23 Gmapping
274 0.02916200099040689 10.059842751449265 1504014710.38 Gmapping
275 0.03296963098349387 10.09281238243276 1504014711.85 Gmapping
276 0.0007782426845590051 10.093590625117319 1504014712.98 Gmapping
277 0.004884661031468118 10.098475286148787 1504014714.1 Gmapping
278 0.023781953767367747 10.122257239916154 1504014715.19 Gmapping
279 0.0327981319300186 10.155055371846172 1504014716.53 Gmapping
280 0.0018752929155274045 10.156930664761699 1504014717.72 Gmapping
281 0.03578208453948202 10.192712749301181 1504014718.87 Gmapping
282 0.05202698340269496 10.244739732703877 1504014720.01 Gmapping
283 0.0626731150985597 10.307412847802437 1504014721.21 Gmapping
284 0.05002939280325831 10.357442240605696 1504014722.47 Gmapping
285 0.036045698325994524 10.39348793893169 1504014723.85 Gmapping
286 0.0010856299233204941 10.39457356885501 1504014724.92 Gmapping
287 0.03791196166134618 10.432485530516356 1504014726.13 Gmapping
288 0.05616443986275946 10.488649970379116 1504014727.18 Gmapping
289 0.0422999812672355 10.530949951646353 1504014728.53 Gmapping
290 0.037319483976125445 10.568269435622478 1504014729.72 Gmapping
291 0.044227943937011946 10.612497379559489 1504014730.92 Gmapping
292 0.02102754144935405 10.633524921008844 1504014732.24 Gmapping
293 0.0006453340693891862 10.634170255078233 1504014733.32 Gmapping
294 0.063488190540486 10.69765844561872 1504014734.23 Gmapping
295 0.047625281179325435 10.745283726798045 1504014735.42 Gmapping
296 0.10877250074378236 10.854056227541827 1504014739.84 Gmapping
297 0.004850728446392519 10.85890695598822 1504014740.51 Gmapping
298 0.026911648723112608 10.885818604711332 1504014741.41 Gmapping
299 0.0788203200361851 10.964638924747517 1504014742.73 Gmapping
300 0.0046496873710013265 10.969288612118518 1504014743.82 Gmapping


# Distance slam gt + time
0 9.72500000528953e-07 1504014239.3
1 0.07415546532862868 1504014283.25
2 0.07221911802579002 1504014283.68
3 0.08797038622835125 1504014284.96
4 0.09857617281573781 1504014286.07
5 0.05723691726721856 1504014287.23
6 0.08360756064766914 1504014288.54
7 0.11842315689645931 1504014289.76
8 0.14636137586495693 1504014290.93
9 0.08561182669962294 1504014292.25
10 0.1519326136717252 1504014293.36
11 0.1221184330327931 1504014294.54
12 0.12897804960763395 1504014295.75
13 0.11080277474030546 1504014297.05
14 0.11064810757996318 1504014298.14
15 0.1606484883024826 1504014299.48
16 0.1579794137638554 1504014300.46
17 0.15659363504264723 1504014301.75
18 0.20240885271168513 1504014302.9
19 0.1692110608511335 1504014304.21
20 0.2116186541216302 1504014305.32
21 0.18713742669989505 1504014306.5
22 0.17041366293761953 1504014307.75
23 0.20684726600883171 1504014308.94
24 0.19342904706353672 1504014310.03
25 0.21490275819942012 1504014313.03
26 0.2151839778533736 1504014313.33
27 0.19978172536455674 1504014314.53
28 0.1924673078144762 1504014315.73
29 0.2249543384261163 1504014316.94
30 0.2158770786870036 1504014318.24
31 0.16753137781454372 1504014319.44
32 0.17038745631382624 1504014320.78
33 0.2048899510372878 1504014321.85
34 0.18450442076066975 1504014322.94
35 0.13317837289433898 1504014324.32
36 0.19488843292372007 1504014325.44
37 0.14960193021350746 1504014326.62
38 0.20713261149739648 1504014327.92
39 0.24900012259302334 1504014329.01
40 0.21079303586024997 1504014330.35
41 0.24194018469364745 1504014331.45
42 0.21210248190582223 1504014332.69
43 0.28469703282120706 1504014333.85
44 0.25363674886631515 1504014334.73
45 0.2537863902934761 1504014336.25
46 0.23351409999760364 1504014337.45
47 0.3189371940225407 1504014338.65
48 0.30417956111517397 1504014339.86
49 0.3484113376904085 1504014341.16
50 0.41303139002873146 1504014344.65
51 0.4183599573642393 1504014345.26
52 0.4155670179516073 1504014346.24
53 0.43909247977160576 1504014347.42
54 0.41442859316893743 1504014348.73
55 0.4035322680835281 1504014349.99
56 0.45361782872057166 1504014351.16
57 0.4654638615348291 1504014352.33
58 0.4458146859557704 1504014353.7
59 0.46185268645658367 1504014354.72
60 0.45743435748797456 1504014355.91
61 0.48401446349225463 1504014357.25
62 0.46105616615425493 1504014358.43
63 0.5408715720612672 1504014359.8
64 0.5422398878813011 1504014360.84
65 0.5427334974122622 1504014362.05
66 0.5690294472805341 1504014363.15
67 0.5272412145076508 1504014364.33
68 0.6090801401394476 1504014365.65
69 0.6126963828928631 1504014366.73
70 0.5636589163147824 1504014368.06
71 0.5972206539599247 1504014369.37
72 0.6331952285149133 1504014370.5
73 0.6129094084333494 1504014371.64
74 0.6032977597319241 1504014374.84
75 0.6057564642989807 1504014375.23
76 0.5804636812475081 1504014376.03
77 0.6444753150196953 1504014377.34
78 0.5440884671085073 1504014378.53
79 0.6533664815614139 1504014379.73
80 0.6999543849339678 1504014380.94
81 0.6677720935239091 1504014382.15
82 0.7073619288397429 1504014383.41
83 0.6391627884291908 1504014384.52
84 0.689158620884688 1504014385.71
85 0.6896030522757014 1504014386.95
86 0.6041723120024791 1504014388.22
87 0.6304053264752741 1504014389.52
88 0.6454164567941743 1504014390.54
89 0.5929658593288055 1504014391.74
90 0.6419930196329295 1504014392.94
91 0.6185874748644513 1504014394.2
92 0.5985909412230097 1504014395.43
93 0.6103210193364074 1504014396.6
94 0.5702120054643481 1504014397.92
95 0.6077064441570471 1504014399.02
96 0.6577794854445845 1504014400.21
97 0.6134189692431319 1504014401.4
98 0.6557151518930113 1504014402.54
99 0.6760871203306956 1504014406.52
100 0.6761163324584959 1504014406.99
101 0.6644127053596303 1504014407.77
102 0.697709753357153 1504014409.01
103 0.66422619336143 1504014410.22
104 0.6858837294356454 1504014411.4
105 0.7341861598064756 1504014412.63
106 0.7683383124076651 1504014413.9
107 0.7518385147840912 1504014415.07
108 0.7414007628308331 1504014416.3
109 0.7562823762015263 1504014417.36
110 0.7927951841877332 1504014418.62
111 0.778743345383976 1504014419.89
112 0.7884210121408559 1504014421.01
113 0.783800979465958 1504014422.3
114 0.8158482202153623 1504014423.5
115 0.844321276608481 1504014424.6
116 0.8697874967132773 1504014425.9
117 0.8546123330546229 1504014427.15
118 0.8591671394081242 1504014428.31
119 0.8924801919941066 1504014429.5
120 0.8610771842627781 1504014430.81
121 0.8931679640656198 1504014431.9
122 0.8827587945023263 1504014433.15
123 0.8886338355319051 1504014436.32
124 0.8885492863598526 1504014436.75
125 0.9000272877428909 1504014437.8
126 0.9154061862076477 1504014439.11
127 0.934342413510382 1504014440.4
128 0.9574780257574713 1504014441.5
129 1.1310319818721368 1504014442.8
130 1.2608412451873081 1504014443.94
131 0.9747611876802524 1504014445.15
132 1.32982896733802 1504014446.48
133 1.3371440654716518 1504014447.54
134 1.3661510936468537 1504014448.69
135 1.2651707765578397 1504014449.89
136 1.3925996756802252 1504014451.23
137 1.0725923191200875 1504014452.41
138 1.073073132975745 1504014453.54
139 1.4522077458598397 1504014454.81
140 1.1516565528014795 1504014456.02
141 1.105673034888367 1504014457.32
142 1.151550105141194 1504014458.45
143 1.1309082667799253 1504014459.61
144 1.5061158793491525 1504014460.79
145 1.1052894967101476 1504014462.12
146 1.202963330659838 1504014463.33
147 1.1076032693695845 1504014466.7
148 1.1095829154970869 1504014467.04
149 1.1146173258901488 1504014468.12
150 1.6254880671612504 1504014469.32
151 1.6114772461288578 1504014470.65
152 1.610907651500675 1504014471.61
153 1.5959145033979538 1504014556.25
154 1.5946023066935309 1504014556.61
155 1.5268131922067367 1504014557.82
156 1.5550347158270945 1504014559.14
157 1.5547317087796335 1504014560.02
158 1.469515853648438 1504014561.31
159 1.5148137797482355 1504014562.62
160 1.4888765844190655 1504014563.83
161 1.4972074561498978 1504014564.92
162 1.4333324492037347 1504014566.16
163 1.4585891435352032 1504014567.36
164 1.4231842245072495 1504014568.57
165 1.4401243670390604 1504014569.79
166 1.426363760412603 1504014570.97
167 1.4130442968247494 1504014572.17
168 1.3726575254836355 1504014573.05
169 1.3576500346169156 1504014574.57
170 1.3451424075763176 1504014575.77
171 1.3404670827525047 1504014577.09
172 1.2749913185240864 1504014578.29
173 1.2963834504686051 1504014579.45
174 1.2488124131825118 1504014580.66
175 1.2511031946101305 1504014581.89
176 1.1833905504641942 1504014583.03
177 1.169600851278343 1504014586.66
178 1.1613443778712436 1504014587.15
179 1.1331453950316224 1504014588.28
180 1.1026971015376725 1504014589.68
181 1.049861132081864 1504014590.88
182 1.1020518023492505 1504014591.85
183 1.078279052226384 1504014593.05
184 1.0901814649340698 1504014594.25
185 1.0558878299028152 1504014595.56
186 1.0405764721800186 1504014596.76
187 1.0113865376070583 1504014598.02
188 0.9684939553376387 1504014599.16
189 1.007285625849127 1504014600.28
190 0.9592732523257123 1504014601.45
191 0.9753238844556114 1504014602.68
192 0.9584107200920069 1504014603.89
193 0.9134915582960418 1504014605.1
194 0.9200811471291807 1504014606.37
195 0.8424349293989458 1504014607.55
196 0.8580832685478298 1504014608.86
197 0.8632445932557985 1504014610.05
198 0.872571759531882 1504014611.26
199 0.8498617710880764 1504014612.36
200 0.8486301663524486 1504014613.62
201 0.7342004724203129 1504014616.87
202 0.7312304791079938 1504014617.22
203 0.7588269294068964 1504014618.35
204 0.7526570253713701 1504014619.56
205 0.7153624410200331 1504014620.89
206 0.7107571251927659 1504014622.07
207 0.7443078510433091 1504014623.15
208 0.7159360307443209 1504014624.55
209 0.7449894619031939 1504014625.86
210 0.7020357694679921 1504014627.06
211 0.7099821673296494 1504014628.15
212 0.6315735909022289 1504014629.16
213 0.6828682366851394 1504014630.54
214 0.6342950193956979 1504014631.75
215 0.6599823545891289 1504014632.94
216 0.666479391930263 1504014634.14
217 0.6611307558250099 1504014635.39
218 0.6080087158722425 1504014636.66
219 0.6530462747292733 1504014637.86
220 0.6564061516770718 1504014639.06
221 0.6148059713260303 1504014640.15
222 0.5959476827112702 1504014641.27
223 0.635695802616837 1504014642.6
224 0.593186259353199 1504014643.74
225 0.633383514675954 1504014647.28
226 0.6320155010317765 1504014647.75
227 0.6107752973315681 1504014648.96
228 0.6553186173948495 1504014650.22
229 0.5653355470073215 1504014651.37
230 0.563897053816453 1504014652.61
231 0.6167573312872364 1504014653.74
232 0.5596717749379333 1504014655.13
233 0.48987949760840704 1504014656.29
234 0.6402003403783368 1504014657.42
235 0.5303489251893594 1504014658.61
236 0.4722103776123555 1504014659.89
237 0.581199544499972 1504014661.08
238 0.5185647425658811 1504014662.27
239 0.516940985685808 1504014663.53
240 0.513090870244512 1504014664.69
241 0.47526527043419375 1504014665.89
242 0.44189668563398676 1504014667.2
243 0.4448917865527708 1504014668.23
244 0.42677501181537697 1504014669.41
245 0.42303818327130516 1504014670.73
246 0.43764699038508836 1504014672.0
247 0.42497194286211093 1504014673.1
248 0.4407098699871778 1504014674.22
249 0.39691959943350047 1504014678.06
250 0.3985008348752562 1504014678.54
251 0.4121945111549951 1504014679.49
252 0.36309740833191945 1504014680.7
253 0.28609146945498704 1504014681.9
254 0.34091583689487837 1504014683.22
255 0.4053662936225254 1504014684.42
256 0.4027269689581053 1504014685.54
257 0.3481983846561081 1504014686.71
258 0.3527987537898112 1504014687.95
259 0.2677261169378215 1504014689.11
260 0.2949608407926331 1504014690.37
261 0.23922748403374514 1504014691.61
262 0.3032181090418353 1504014692.71
263 0.3264685518379812 1504014694.01
264 0.2755977362324998 1504014695.22
265 0.2868824882682056 1504014696.41
266 0.2000077644924305 1504014697.61
267 0.24954103054422289 1504014698.71
268 0.25762929102515075 1504014699.97
269 0.24439759916959233 1504014701.15
270 0.25413281540133714 1504014702.43
271 0.1664874665561748 1504014703.62
272 0.12651698176180673 1504014704.77
273 0.1868725952311076 1504014708.83
274 0.18960139200081344 1504014709.23
275 0.20818510190245085 1504014710.38
276 0.2129108953010848 1504014711.85
277 0.2124495332292619 1504014712.98
278 0.20124733153819 1504014714.1
279 0.158846324308039 1504014715.19
280 0.22089391383457418 1504014716.53
281 0.21954456787615612 1504014717.72
282 0.15900003534869472 1504014718.87
283 0.17648116474146916 1504014720.01
284 0.15502995988457122 1504014721.21
285 0.1185445718561787 1504014722.47
286 0.09358886444975609 1504014723.85
287 0.09285863200600107 1504014724.92
288 0.06744377294492855 1504014726.13
289 0.07390550706739847 1504014727.18
290 0.09226279920739015 1504014728.53
291 0.07564585614122561 1504014729.72
292 0.05291025329683106 1504014730.92
293 0.0320254627238633 1504014732.24
294 0.031737585457810656 1504014733.32
295 0.041000681884847234 1504014734.23
296 0.01822002537974434 1504014735.42
297 0.10317007300711246 1504014739.84
298 0.0990645128419666 1504014740.51
299 0.07914915218914191 1504014741.41
300 0.055688510260642046 1504014742.73
301 0.04103054894559359 1504014743.82


# Displacement mean and std deviation
-0.009865682787513144 0.05882819962625801

# Displacement mean absolute value and std deviation
0.03644281930936385 0.04722297839945884

# Distance to GT
0.04103054894559359

# Orientation to GT
0.021715159589365863

# Displacement 2d (x and y ) and time
0 -0.0592167986000014 -0.044635060479999655 1504014283.25
1 0.001321111399999353 0.0014658839299994675 1504014283.68
2 0.030532850200003736 -0.04043710779999987 1504014284.96
3 -0.001201782900004389 -0.010740251239999665 1504014286.07
4 0.0033549386000046866 0.042960860219999564 1504014287.23
5 -0.031537931100000804 -0.010013203359999778 1504014288.54
6 -0.019767676000000733 -0.02898533398000014 1504014289.76
7 -0.013591202899998933 -0.024951372919999937 1504014290.93
8 0.042401826599999026 0.04424721070000004 1504014292.25
9 -0.04901381630000046 -0.04608187048999968 1504014293.36
10 0.04198852160000044 0.008003232179999653 1504014294.54
11 -0.013769449299999792 -0.0001171807500002231 1504014295.75
12 0.0004329224999999326 0.021853787630000454 1504014297.05
13 -0.0014177712999998704 0.0013211355300000172 1504014298.14
14 -0.047027223700000675 -0.024492650160000018 1504014299.48
15 0.002110642200001678 0.0016536731899998713 1504014300.46
16 0.006884843599999968 -0.004901074329999755 1504014301.75
17 -0.06726921500000138 0.011775163189999827 1504014302.9
18 0.07003807170000087 -0.03081758766000009 1504014304.21
19 -0.053683003100001514 -0.0074009360100002475 1504014305.32
20 0.03266186629999979 0.0017195512700003412 1504014306.5
21 0.030566339200001735 -0.0027676719400000493 1504014307.75
22 -0.05938262969999997 0.003903171090000157 1504014308.94
23 0.013919527799998832 0.0046676443099999965 1504014310.03
24 -0.016503556500000016 -0.013793727369999953 1504014313.03
25 -0.0011730639999996129 0.0008525095399996019 1504014313.33
26 0.002164112199999124 0.02112786817000023 1504014314.53
27 0.012083483199999634 -0.003010883470000003 1504014315.73
28 -0.05525719619999947 0.02336782332999965 1504014316.94
29 0.020278262499999755 -0.016336559109999982 1504014318.24
30 0.026026364800001645 0.05242197611000021 1504014319.44
31 -0.009233129800000128 0.01620979083000007 1504014320.78
32 -0.04067424269999975 0.023839033189999803 1504014321.85
33 0.023151457299999123 -0.013291119089999803 1504014322.94
34 0.04890920240000085 0.06594252355999997 1504014324.32
35 -0.05967752489999967 -0.06534986158000011 1504014325.44
36 0.041793356399997705 0.02511580509 1504014326.62
37 -0.05626734889999874 -0.01365306774999997 1504014327.92
38 -0.03994705690000089 0.07381994334999975 1504014329.01
39 0.03421381670000123 -0.04206606873999963 1504014330.35
40 -0.031032223100000422 0.005470142170000081 1504014331.45
41 0.04450635919999968 0.06993845270999977 1504014332.69
42 -0.046553773700001244 0.06908487038000022 1504014333.85
43 0.0195380729000032 -0.028547799030000487 1504014334.73
44 -0.0017714383000022593 -0.003089817969999409 1504014336.25
45 0.05981806530000178 0.04867481723999978 1504014337.45
46 -0.03422882000000094 0.08407468065000012 1504014338.65
47 -0.0005491812000002483 -0.019769886640000234 1504014339.86
48 0.0298028728999995 0.07515935884000013 1504014341.16
49 -0.03593613179999977 0.05388744231999976 1504014344.65
50 0.030385997599999826 0.021858024170000157 1504014345.26
51 0.0020403083999998017 -0.0021314704399997275 1504014346.24
52 -0.008277349300000125 0.022089118979999434 1504014347.42
53 0.011508682700000605 -0.021858335749999735 1504014348.73
54 0.007228516999999712 -0.008695260999999732 1504014349.99
55 -0.0091391521999995 0.05058154873999943 1504014351.16
56 0.014133569600000229 0.018202228400000298 1504014352.33
57 -0.015118995599999963 -0.027077243310000387 1504014353.7
58 -0.005203067800000127 0.01521358975000009 1504014354.72
59 0.008622470799998894 -0.0012220013599995028 1504014355.91
60 0.04641895389999995 0.043437106839999906 1504014357.25
61 0.025194020000000705 -0.01748988856000011 1504014358.43
62 -0.039344060100001244 0.07256013933999927 1504014359.8
63 -0.007854827999997482 -0.0007265760299990376 1504014360.84
64 0.04168829459999834 0.010449811350000004 1504014362.05
65 -0.005521777699998509 0.02571338341000029 1504014363.15
66 -0.010566583000001017 -0.045041260810000594 1504014364.33
67 0.028175917300000464 0.08879569751000016 1504014365.65
68 -0.01687732769999961 0.0008304361699993379 1504014366.73
69 0.022949383100000276 -0.045852831949998674 1504014368.06
70 -0.0004800919000000903 0.03387255658999866 1504014369.37
71 0.0028653268999985215 0.0367338300900002 1504014370.5
72 -0.0026414004999999463 -0.020847300689999848 1504014371.64
73 -0.017424257269999188 -0.0125116030800001 1504014374.84
74 -0.0032932320399989834 0.0019105233000002997 1504014375.23
75 0.05718419707999978 -0.01784248122000065 1504014376.03
76 -0.06166441464000094 0.056374108470000905 1504014377.34
77 0.08229244334000008 -0.09136803384000025 1504014378.53
78 -0.09487120485000133 0.09807546947000034 1504014379.73
79 0.022451273480001532 0.051093298060000514 1504014380.94
80 -0.005349610910000635 -0.033400672620000016 1504014382.15
81 0.0005457368700003684 0.040168655739999615 1504014383.41
82 -0.0026135341999999895 -0.06953150703999977 1504014384.52
83 0.006347363650000659 0.05168713926999935 1504014385.71
84 -0.010984265900001233 -0.0013069516600001663 1504014386.95
85 0.09376629624000188 -0.07623088485000018 1504014388.22
86 -0.03404468618000145 0.024210874100000446 1504014389.52
87 -0.0003426812900002574 0.015037326299999876 1504014390.54
88 -0.008916477339999673 -0.053557737850000287 1504014391.74
89 -0.050481333359998715 0.042207523410000114 1504014392.94
90 -0.0036183555100013365 -0.02449305109999944 1504014394.2
91 -0.003327699609998902 -0.02106259677000022 1504014395.43
92 0.016422430699998714 0.015071970950000235 1504014396.6
93 -0.02892077033999918 -0.046953185260000474 1504014397.92
94 -0.007278318000000894 0.036812487569999774 1504014399.02
95 -0.0021911577999986775 0.05088387409000017 1504014400.21
96 -0.0317358016900009 -0.0540652328200002 1504014401.4
97 0.007059618850000504 0.0459189344299995 1504014402.54
98 -0.044936290809999946 0.007851531030001802 1504014406.52
99 -0.0026034446500009523 -0.0008389250800000525 1504014406.99
100 -0.08339710705000059 -0.04747367260000068 1504014407.77
101 -0.024018903649999146 0.025100716740000806 1504014409.01
102 0.005691925709999879 -0.034906197310000664 1504014410.22
103 -0.008872560089999482 0.01982523748000098 1504014411.4
104 -0.021099785700000595 0.043498562199999924 1504014412.63
105 -0.07576138177999958 -0.005462591389999716 1504014413.9
106 -0.001844816260000215 -0.021119089900002663 1504014415.07
107 -0.037503954419999985 -0.040718661479999696 1504014416.3
108 -0.050907607210000094 -0.02411875248999884 1504014417.36
109 -0.043479676809999646 0.008964690470000036 1504014418.62
110 -0.020366511240000662 -0.041546741660001274 1504014419.89
111 -0.015279856770000322 -0.0025907133699991647 1504014421.01
112 0.018485485610000296 0.013560575919999707 1504014422.3
113 -0.04743591537999947 -0.005111027759999942 1504014423.5
114 -0.05676065285999954 -0.025667529909998876 1504014424.6
115 -0.028674001250000636 0.0039039730999999023 1504014425.9
116 -0.012143703739998735 -0.04486711903000007 1504014427.15
117 -0.008596624270000852 -0.005034959000001393 1504014428.31
118 -0.042046073519999894 -0.005050580000000693 1504014429.5
119 -0.011891389519999684 -0.09033803789999872 1504014430.81
120 -0.020267235660001326 0.03204720709999975 1504014431.9
121 -0.011498869119998645 -0.05026395499999836 1504014433.15
122 -0.021882783050000576 -0.03964395140000221 1504014436.32
123 -0.0007277545700006272 -0.002256752799999262 1504014436.75
124 -0.03247356845999949 -0.06463828760000112 1504014437.8
125 -0.01423165176999941 0.006253986800000888 1504014439.11
126 -0.0298674292800003 -0.041795043899998774 1504014440.4
127 -0.021957153780000738 0.007841107499999111 1504014441.5
128 -0.18517876371999975 -0.04824116320000016 1504014442.8
129 -0.13288033881999972 -0.015301924499999231 1504014443.94
130 0.2992102767100002 0.05826138820000004 1504014445.15
131 -0.37526091148000074 -0.1433211035000017 1504014446.48
132 -0.008696189379999275 -0.05835513769999778 1504014447.54
133 -0.028770075340000645 0.0232686504999986 1504014448.69
134 0.10104402945999968 0.002122102699999573 1504014449.89
135 -0.12702035661999922 -0.07216891889999921 1504014451.23
136 0.32009856849999974 0.08597905329999911 1504014452.41
137 -0.001198570389999709 -0.05495445529999898 1504014453.54
138 -0.3740422804700003 -0.10903724249999946 1504014454.81
139 0.29620224905000025 0.07884911679999895 1504014456.02
140 0.04814387066000059 -0.03757347769999875 1504014457.32
141 -0.042127403970000366 -0.04315387520000158 1504014458.45
142 0.022129270499999798 -0.011759694799998499 1504014459.61
143 -0.35810400550000043 -0.13890541509999998 1504014460.79
144 0.3850646921300003 0.12994197919999806 1504014462.12
145 -0.08975574566000066 -0.059246586799998724 1504014463.33
146 0.10187148439000016 -0.02494814570000159 1504014466.7
147 -0.0015660379399990987 -0.0021547675999986637 1504014467.04
148 -0.003303591219999902 -0.008519946099999842 1504014468.12
149 -0.4508594528500005 -0.28218363340000074 1504014469.32
150 0.022568328110000202 -0.02214631789999899 1504014470.65
151 -0.0040736641400003215 0.013213210400000008 1504014471.61
152 0.0264241251399997 -0.02895573039999988 1504014556.25
153 9.660150000101453e-05 0.0034907759999995847 1504014556.61
154 0.0657045043199993 0.017847424099999287 1504014557.82
155 -0.04104798679999977 0.030561583900000855 1504014559.14
156 -0.002044749389999545 0.006891735199999971 1504014560.02
157 0.06574854258999974 0.07376640209999863 1504014561.31
158 -0.059236266500000134 0.042969883600001424 1504014562.62
159 0.020479188649999536 0.024601471399998687 1504014563.83
160 -0.002424527169999635 -0.024016732699998045 1504014564.92
161 0.044138334459999484 0.09064359399999944 1504014566.16
162 -0.03185784452999929 0.0312752212999996 1504014567.36
163 0.0274025298499998 0.05103976170000024 1504014568.57
164 -0.01740506919000051 0.001885105899999573 1504014569.79
165 0.01463450108000064 -0.004835425699999618 1504014570.97
166 0.006971609739999884 0.04791311780000029 1504014572.17
167 0.03420826834000046 0.0665558723999986 1504014573.05
168 0.012598805559999704 0.042401059200001256 1504014574.57
169 0.011417004939999309 0.03992746409999981 1504014575.77
170 0.005336482669999754 0.0625746993000007 1504014577.09
171 0.06646650030000067 0.021551536400000515 1504014578.29
172 -0.02010865964999997 0.021805337599998253 1504014579.45
173 0.04931156629000011 0.020422506600001 1504014580.66
174 -6.34488299997571e-05 0.023060123999998794 1504014581.89
175 0.06709415589999956 -0.009427416499999453 1504014583.03
176 0.03109581815000073 0.11140948150000085 1504014586.66
177 0.008945374789999683 0.002495926099998158 1504014587.15
178 0.030878904549999753 0.009442112200002128 1504014588.28
179 0.053043399139999 0.08100603809999996 1504014589.68
180 0.04527810571000046 -0.03285980570000113 1504014590.88
181 -0.03244398337999854 0.06966758389999939 1504014591.85
182 0.009884493299998631 -0.045989704900000206 1504014593.05
183 -0.0003012973100000593 0.037403081900000856 1504014594.25
184 0.05006262797000005 0.03625707850000026 1504014595.56
185 0.013363019480000737 -0.007829421800000347 1504014596.76
186 0.05661956741000029 0.056333947899998904 1504014598.02
187 0.044819568999998616 -0.0060713822999982625 1504014599.16
188 -0.0047763400499993836 0.07264588584000009 1504014600.28
189 0.03556437233999965 -0.03448753447000108 1504014601.45
190 -0.010185191079999711 0.014533979250000328 1504014602.68
191 0.049917367609999985 0.04813119684 1504014603.89
192 0.024013579469999158 -0.04535609795000006 1504014605.1
193 -0.0002862730200003938 0.011747612160000642 1504014606.37
194 0.08437600096000253 -0.013936407950000174 1504014607.55
195 0.0330466748999978 0.06802093514999896 1504014608.86
196 0.007668691990000198 0.016724192410000782 1504014610.05
197 0.012457898419999225 0.02743083046999928 1504014611.26
198 0.023093999670001253 -0.008710054469998951 1504014612.36
199 0.005586029470000753 0.003965215710000081 1504014613.62
200 0.15100110349999873 -0.01803495055999882 1504014616.87
201 0.004226175170000346 -0.00046006088000183354 1504014617.22
202 -0.015555820779997731 0.022863542630000566 1504014618.35
203 0.031005503569998538 0.015313056459998364 1504014619.56
204 -0.013997439700000669 -0.05727531290999899 1504014620.89
205 0.006871679270000541 -0.00040370698999936394 1504014622.07
206 0.06338662685999985 0.08415316686000107 1504014623.15
207 0.007450125470001012 -0.02860151952000134 1504014624.55
208 0.0672095655499998 0.06790774427999935 1504014625.86
209 0.024170472669998944 -0.03629080539999929 1504014627.06
210 0.004749680819999824 0.010667181980000606 1504014628.15
211 0.06551375959000083 -0.058757997100000736 1504014629.16
212 0.016000871419999285 0.05905050636999931 1504014630.54
213 -0.019227698430000828 -0.057304314449999616 1504014631.75
214 0.03308498860000242 0.03748500263000043 1504014632.94
215 0.04534178982999748 0.01772475871000001 1504014634.14
216 -0.08768204255 -0.03001902154999936 1504014635.39
217 0.0827222995200021 -0.03093569290999998 1504014636.66
218 0.009237103809999425 0.04811757501999914 1504014637.86
219 0.022573786940000673 0.007571047239999906 1504014639.06
220 -0.017016647650001104 -0.0454663132099995 1504014640.15
221 -0.0033006608000007986 -0.019981479970000215 1504014641.27
222 0.05218097648000075 0.049069984140000855 1504014642.6
223 0.02182317172999859 -0.0404486659100014 1504014643.74
224 -0.008789815189999217 0.039544374130001 1504014647.28
225 0.003535343940001212 -0.0010345546900003555 1504014647.75
226 -0.05792707438999933 -0.029752671939999864 1504014648.96
227 0.028391172449998336 0.049817650889999676 1504014650.22
228 0.015077800200000269 -0.08876883639999988 1504014651.37
229 0.002564850800000684 -0.0011208547099998967 1504014652.61
230 -0.00859451930000077 0.05219152154999929 1504014653.74
231 0.007682670100001232 -0.05656741831999934 1504014655.13
232 -0.0038885565999997596 -0.07104364640999972 1504014656.29
233 0.10563403029999918 0.15545468059000012 1504014657.42
234 -0.017242018199999265 -0.10929746674000018 1504014658.61
235 -0.03422208440000141 -0.058460556250000906 1504014659.89
236 -0.010339892699999353 0.1086080995800005 1504014661.08
237 -0.011903341000000012 -0.06360380724999981 1504014662.27
238 0.03471491310000019 0.0001310841299995147 1504014663.53
239 0.034461526000001186 -0.004416558369999102 1504014664.69
240 -0.05764312310000186 -0.038262098680000634 1504014665.89
241 -0.01812662040000035 -0.03514200603000006 1504014667.2
242 0.0025588620000007722 0.003297041930000688 1504014668.23
243 -0.06444077520000135 -0.03052607709000066 1504014669.41
244 -0.024094176599998463 -0.011267478789999785 1504014670.73
245 -0.0026289232000014096 0.014530043210000176 1504014672.0
246 -0.05332395229999953 -0.03597652211999991 1504014673.1
247 0.03482673990000151 0.03260942576999959 1504014674.22
248 -0.004607007700000665 -0.049280148649999855 1504014678.06
249 0.0009393337999998863 0.0021469955199999724 1504014678.54
250 -0.10028120309999977 -0.04568325569999976 1504014679.49
251 -0.0029794581999986747 -0.06976793089000033 1504014680.7
252 0.06416406829999843 -0.044545080529999836 1504014681.9
253 -0.04565068179999976 0.03182034938999978 1504014683.22
254 -0.07843606099999967 0.007110511480000525 1504014684.42
255 0.009269541600000153 0.007659944719999423 1504014685.54
256 -0.002972999800000764 -0.10883421742999966 1504014686.71
257 0.0018988935999999512 0.014786690909999844 1504014687.95
258 0.06383359889999873 -0.06684154766000017 1504014689.11
259 -0.008103209199997963 0.048731965340000016 1504014690.37
260 0.02541166770000025 -0.0928736883800001 1504014691.61
261 -0.04935456649999992 0.059848999670000236 1504014692.71
262 -0.02039719570000109 0.011776819900000124 1504014694.01
263 0.04157417510000094 -0.035118791349999956 1504014695.22
264 -0.0076934112 0.012607060499999712 1504014696.41
265 0.07090772019999925 -0.10637232959999965 1504014697.61
266 -0.048744253000000626 -0.012269098850000049 1504014698.71
267 -0.003998786099998597 0.07482494919999949 1504014699.97
268 0.018306581199999172 0.0186383184200003 1504014701.15
269 -0.015996835499999307 -0.025161449660000113 1504014702.43
270 0.08677322840000024 -0.07704171442999996 1504014703.62
271 0.06622507379999831 -0.0489404576400001 1504014704.77
272 -0.01800365919999969 -0.06612413648000004 1504014708.83
273 -0.0049883946999997875 0.0004976952600004303 1504014709.23
274 -0.029306446299999678 0.0017399025299997817 1504014710.38
275 0.042657400399999545 -0.03924955559999965 1504014711.85
276 0.0007747028999993688 8.52740999999213e-05 1504014712.98
277 -0.004675252199998425 0.01603452304000008 1504014714.1
278 -0.010241269799999841 0.06507035864999988 1504014715.19
279 -0.012363407200000509 -0.0731435937999998 1504014716.53
280 0.001865083999998518 0.00028584930999953073 1504014717.72
281 0.046463145000000594 0.04146594351999999 1504014718.87
282 0.06853174939999995 -0.041312449279999885 1504014720.01
283 -0.058666821399999236 0.040082815279999906 1504014721.21
284 0.05254848609999918 0.01925052148000006 1504014722.47
285 -0.031627753000000425 0.04006117663999964 1504014723.85
286 0.0010881878000024159 0.00012751877000072298 1504014724.92
287 0.03881365849999874 0.010275515490000053 1504014726.13
288 -0.05194541950000087 0.033080467929999635 1504014727.18
289 0.058840252199999554 -0.05913039380000029 1504014728.53
290 0.04521732180000093 0.02647123819000008 1504014729.72
291 -0.04304139829999798 0.012842027730000094 1504014730.92
292 0.030802008899996736 0.03342373861999981 1504014732.24
293 -0.0006772409999982187 -0.00040832523999956294 1504014733.32
294 -0.06336104759999728 0.005349066869999586 1504014734.23
295 0.047831550499999764 -0.001316619049999801 1504014735.42
296 -0.0959575765000018 0.07175103953000006 1504014739.84
297 0.004909671499998325 -3.982675999969487e-05 1504014740.51
298 0.027713448300001886 0.0018254571799998232 1504014741.41
299 0.07856292039999957 -0.0079842160000001 1504014742.73
300 -0.006162850900000905 -0.013305969060000145 1504014743.82


# Displacement mean 2d values
0.01846840740000033 0.03663959326999988