# SLAM - pose_x pose_y orientation time
0 17.5865009725 2.8195 3.0832990275254613 1504014239.3
1 17.2698177711 2.87933506048 3.1164384053319276 1504014283.25
2 17.2245966597 2.87966917655 3.1169010572100464 1504014283.68
3 17.0681638095 2.92560628435 -3.133231025018345 1504014284.96
4 16.9560655924 2.94054653559 -3.1307296575839896 1504014286.07
5 16.8420106538 2.90358567537 3.138862276809349 1504014287.23
6 16.7486485849 2.92039887873 3.138698481970012 1504014288.54
7 16.6477162609 2.95358421271 -3.1255493956428424 1504014289.76
8 16.5409074638 2.98263558563 -3.111984703904552 1504014290.93
9 16.3650056372 2.94408837493 3.138200877534881 1504014292.25
10 16.2955194535 2.99667024542 -3.1168422681852936 1504014293.36
11 16.1508309319 2.98946701324 -3.0950065727530616 1504014294.54
12 16.0351003812 2.98818419399 -3.0918753580017366 1504014295.75
13 15.9032674587 2.96373040636 -3.1204529106228014 1504014297.05
14 15.79858523 2.96010927083 -3.1215104904570397 1504014298.14
15 15.7111124537 2.98250192099 -3.1175247963284196 1504014299.48
16 15.6119018115 2.9791482478 -3.116594965502262 1504014300.46
17 15.4761169679 2.98304932213 -3.1207287723029165 1504014301.75
18 15.4288861829 2.97377415894 -3.120427932465384 1504014302.9
19 15.2258481112 3.0051917466 -3.1120930678198837 1504014304.21
20 15.1752311143 3.01189268261 -3.110591029943248 1504014305.32
21 15.018669248 3.00877313134 -3.1183788979117457 1504014306.5
22 14.8673029088 3.01194080328 -3.123761214700534 1504014307.75
23 14.8081855385 3.00853763219 -3.1165333819959375 1504014308.94
24 14.6910660107 3.00426998788 -3.1287468536852474 1504014310.03
25 14.4093695672 3.01826371525 -3.1258472040005434 1504014313.03
26 14.3798426312 3.01771120571 -3.128877866651016 1504014313.33
27 14.250978519 2.99898333754 3.123210764959418 1504014314.53
28 14.1184950358 3.00709422101 3.122566808575308 1504014315.73
29 14.057052232 2.98932639768 3.098847137378764 1504014316.94
30 13.9101739695 3.01356295679 3.094501501223432 1504014318.24
31 13.7710476047 2.96804098068 3.0489698065476603 1504014319.44
32 13.6523807345 2.96383118985 3.023473414764275 1504014320.78
33 13.5909549772 2.95099215666 2.9973195063484233 1504014321.85
34 13.4634035199 2.97918327575 3.00074330453508 1504014322.94
35 13.2861943175 2.93344075219 2.9714821993324323 1504014324.32
36 13.2345718424 3.02039061377 2.9780371597185504 1504014325.44
37 13.088878486 3.01717480868 2.930121426407458 1504014326.62
38 13.0238458349 3.05722787643 2.9256545340259423 1504014327.92
39 12.9700928918 3.00780793308 2.868730692693872 1504014329.01
40 12.8141790751 3.08617400182 2.851698336396543 1504014330.35
41 12.7554112982 3.11110385965 2.8369584769134 1504014331.45
42 12.604504939 3.08306540694 2.7645197138793383 1504014332.69
43 12.5559587127 3.05198053656 2.7337672609766304 1504014333.85
44 12.4694206398 3.11052833559 2.714644386895655 1504014334.73
45 12.3467920781 3.17221815356 2.675058241855389 1504014336.25
46 12.1925740128 3.17124333632 2.6278536358968916 1504014337.45
47 12.1303028328 3.13926865567 2.5978743013525762 1504014338.65
48 12.036652014 3.21283854231 2.547835906825709 1504014339.86
49 11.9086491411 3.20127918347 2.5025890586105093 1504014341.16
50 11.6925852729 3.32929174115 2.4257578422031147 1504014344.65
51 11.6181992753 3.34243371698 2.4068970278432498 1504014345.26
52 11.5461589669 3.40166518742 2.3848615036435707 1504014346.24
53 11.4682363162 3.45247606844 2.3502128479856665 1504014347.42
54 11.3660276335 3.55533440419 2.3401129047975666 1504014348.73
55 11.2688991165 3.65182966519 2.3170712950277137 1504014349.99
56 11.1992382687 3.68074811645 2.287744033032503 1504014351.16
57 11.1079046991 3.74474588805 2.2685295982110225 1504014352.33
58 11.0325236947 3.87112313136 2.2503883940275164 1504014353.7
59 10.9752267625 3.92330954161 2.2500251090495142 1504014354.72
60 10.8847042917 4.02143154297 2.2155982682461772 1504014355.91
61 10.7643853378 4.06699443613 2.1808794342953135 1504014357.25
62 10.6700913178 4.17418432469 2.1487203781892825 1504014358.43
63 10.6337353779 4.20262418535 2.1295509866680584 1504014359.8
64 10.5846902059 4.28545076138 2.1080288416779824 1504014360.84
65 10.4799019113 4.37140095003 2.0757098471074107 1504014362.05
66 10.433423689 4.43058756662 2.0631364889452177 1504014363.15
67 10.386490272 4.57252882743 2.0582334606176973 1504014364.33
68 10.2970143547 4.59073312992 1.9978680930392654 1504014365.65
69 10.2642916824 4.67900269375 1.996593859131979 1504014366.73
70 10.1825422993 4.8396555257 1.9744788421487351 1504014368.06
71 10.1257223912 4.91658296911 1.9502134697981843 1504014369.37
72 10.0728570643 4.98074913902 1.9228737429402518 1504014370.5
73 10.0285984648 5.10109643971 1.9117605459227538 1504014371.64
74 9.92162272207 5.39600804279 1.890460895226469 1504014374.84
75 9.90851595411 5.43329751949 1.8848199530882055 1504014375.23
76 9.82243175703 5.52174000071 1.8787243619649492 1504014376.03
77 9.83499617167 5.59096589224 1.8598801104829799 1504014377.34
78 9.71260372833 5.79643392608 1.8559929272402917 1504014378.53
79 9.77057493318 5.81365845661 1.8219081699580544 1504014379.73
80 9.7113236597 5.87636515855 1.8110449897502017 1504014380.94
81 9.68307327061 6.01876583117 1.8041919198847272 1504014382.15
82 9.64692753374 6.09829717543 1.7824533020565916 1504014383.41
83 9.61904106794 6.27072868247 1.7862768506994717 1504014384.52
84 9.58029370429 6.3316415432 1.7567779740742904 1504014385.71
85 9.55447797019 6.45154849486 1.7609159101843292 1504014386.95
86 9.42811167395 6.64507937971 1.7795578524020124 1504014388.22
87 9.42175636013 6.76166850561 1.796159334537059 1504014389.52
88 9.38949904142 6.84513117931 1.7857143575931054 1504014390.54
89 9.36961551876 7.00498891716 1.8037713376148843 1504014391.74
90 9.38699685212 7.07908139375 1.8361290250703226 1504014392.94
91 9.35381520763 7.22567444485 1.8412018033180402 1504014394.2
92 9.32304290724 7.36013704162 1.845647767910281 1504014395.43
93 9.27352047654 7.45736507067 1.8246429400289326 1504014396.6
94 9.26774124688 7.62801825593 1.833085885689346 1504014397.92
95 9.24481956488 7.69490576836 1.836170524235186 1504014399.02
96 9.21401072268 7.75502189427 1.841678224360427 1504014400.21
97 9.20914652437 7.92658712709 1.8489351114214552 1504014401.4
98 9.16428690552 7.99596819266 1.8551421277500977 1504014402.54
99 9.07322319633 8.35491666163 1.8816285897180949 1504014406.52
100 9.05782664098 8.40075558671 1.887685508411744 1504014406.99
101 9.11372374803 8.51342925931 1.9418598643482277 1504014407.77
102 9.09214265168 8.59622854257 1.9488842590142974 1504014409.01
103 9.04045072597 8.73553473988 1.959252656966966 1504014410.22
104 9.00392328606 8.8118095024 1.9811710679332268 1504014411.4
105 8.97772307176 8.8651109402 1.9958304360077677 1504014412.63
106 8.98928445354 8.98327353159 2.0409964700506262 1504014413.9
107 8.9371292698 9.09869262149 2.0441521810914143 1504014415.07
108 8.91623322422 9.23701128297 2.0804386565468236 1504014416.3
109 8.91564083143 9.34233003546 2.11558811483354 1504014417.36
110 8.89332050824 9.42996534499 2.1506565667697117 1504014418.62
111 8.84758701948 9.56501208665 2.1778073682112873 1504014419.89
112 8.80536687625 9.64400280002 2.2048493264526656 1504014421.01
113 8.71118139064 9.7246422241 2.2012517386939905 1504014422.3
114 8.68881730602 9.81225325186 2.227271860170122 1504014423.5
115 8.67847795888 9.91212078177 2.274323768598812 1504014424.6
116 8.62395196013 9.99531680867 2.291435971615024 1504014425.9
117 8.55179566387 10.1223839277 2.313010542037227 1504014427.15
118 8.48339228814 10.1995188867 2.3382139682803462 1504014428.31
119 8.44153836166 10.2777694667 2.362834237486701 1504014429.5
120 8.36282975118 10.4462075046 2.406606041471449 1504014430.81
121 8.30139698684 10.4805602975 2.407500775332052 1504014431.9
122 8.21829585596 10.6051242525 2.4496437858036817 1504014433.15
123 7.99007863901 10.8198682039 2.4993511986393813 1504014436.32
124 7.95600639358 10.8446249567 2.5070596111743595 1504014436.75
125 7.90787996204 10.9600632443 2.550362201872746 1504014437.8
126 7.81031161381 11.0213092575 2.5613208762172786 1504014439.11
127 7.73207904309 11.1262043014 2.577012643440634 1504014440.4
128 7.66453619687 11.1733631939 2.584535935097772 1504014441.5
129 7.74231496059 11.2750043571 2.5673537330164615 1504014442.8
130 7.77329529941 11.3391062816 2.5604584898352463 1504014443.94
131 7.3729850227 11.3272448934 2.6552535504864387 1504014445.15
132 7.63274593418 11.5218659969 2.6207898287292517 1504014446.48
133 7.54704212356 11.6224211346 2.6591291704865005 1504014447.54
134 7.4747121989 11.6412524841 2.6531241681124342 1504014448.69
135 7.26996816944 11.6807303814 2.699625069970165 1504014449.89
136 7.28108852606 11.7967993003 2.7327875667046087 1504014451.23
137 6.85418995756 11.746720247 2.7514491075386216 1504014452.41
138 6.74978852795 11.8324747023 2.7945256795125917 1504014453.54
139 7.00953080842 11.9731119448 2.760757810527438 1504014454.81
140 6.60302855937 11.921662828 2.823310048431482 1504014456.02
141 6.43748468871 11.9849363057 2.8617034386025284 1504014457.32
142 6.37221209268 12.0492901809 2.8564791967378786 1504014458.45
143 6.24418282218 12.0794498757 2.878191784446297 1504014459.61
144 6.49148682768 12.2346552908 2.8799950942516275 1504014460.79
145 5.98252213555 12.1202133116 2.9741896612487957 1504014462.12
146 5.96347788121 12.1885598984 2.9286432287335673 1504014463.33
147 5.54100639682 12.2403080441 3.046240198759284 1504014466.7
148 5.50877243476 12.2419628117 3.0525901905578405 1504014467.04
149 5.40397602598 12.2533827578 3.0613008116758595 1504014468.12
150 5.74003547883 12.5397663912 3.0336785337096677 1504014469.32
151 5.57226715072 12.5546127091 3.0230696496842535 1504014470.65
152 5.51274081486 12.5387994987 3.012073243014262 1504014471.61
153 5.81771668972 12.5714552291 3.0489651769047397 1504014556.25
154 5.85282008822 12.5674644531 3.045433962429269 1504014556.61
155 5.9037155839 12.552717029 3.0194840329469317 1504014557.82
156 6.0770635707 12.5202554451 3.021004889138095 1504014559.14
157 6.16060832009 12.5047637099 3.005343390985424 1504014560.02
158 6.2134597775 12.4209973078 2.9452112298510538 1504014561.31
159 6.390596044 12.3649274242 2.9271453484930094 1504014562.62
160 6.48681685535 12.3251259528 2.9089993985847338 1504014563.83
161 6.58644138252 12.3351426855 2.9159822805945455 1504014564.92
162 6.65610304806 12.2271990915 2.854574006007817 1504014566.16
163 6.79756089259 12.1730238702 2.8194395904172174 1504014567.36
164 6.87635836274 12.0967841085 2.79848602975005 1504014568.57
165 7.00546343193 12.0679990026 2.7771100962797606 1504014569.79
166 7.09702893085 12.0436344283 2.7745482025897292 1504014570.97
167 7.19865732111 11.9612213105 2.744712758835802 1504014572.17
168 7.24614905277 11.8680654381 2.7091227276968697 1504014573.05
169 7.36735024721 11.7778643789 2.6684399333129 1504014574.57
170 7.46243324227 11.6955369148 2.6495839203189004 1504014575.77
171 7.5680967596 11.5845622155 2.606973065754254 1504014577.09
172 7.6087302593 11.5158106791 2.5704540461548744 1504014578.29
173 7.72663891895 11.4474053415 2.5670677798251575 1504014579.45
174 7.78062735266 11.3782828349 2.544630884823032 1504014580.66
175 7.88949080149 11.3015227109 2.5337325879797636 1504014581.89
176 7.91929664559 11.2638501274 2.5189256634347146 1504014583.03
177 8.18580082744 10.9757406459 2.4333767690369896 1504014586.66
178 8.22165545265 10.9455447198 2.4253154976846285 1504014587.15
179 8.2771765481 10.8794026076 2.433658014202636 1504014588.28
180 8.33973314896 10.7213965695 2.3761254073332707 1504014589.68
181 8.38945504325 10.6878563752 2.379438201706837 1504014590.88
182 8.49969902663 10.5615887913 2.3613654306266634 1504014591.85
183 8.57951453333 10.5366784962 2.368566701846052 1504014593.05
184 8.66951583064 10.4267754143 2.3477387292075527 1504014594.25
185 8.71515320267 10.3095183358 2.323159085506598 1504014595.56
186 8.78609018319 10.2435477576 2.3062585008522096 1504014596.76
187 8.81587061578 10.1073138097 2.2486531818906905 1504014598.02
188 8.84955104678 10.038085192 2.232144704354679 1504014599.16
189 8.92362738683 9.89413930616 2.196311746544388 1504014600.28
190 8.96286301449 9.84732684063 2.194767972155564 1504014601.45
191 9.04694820557 9.74979286138 2.1785261172770993 1504014602.68
192 9.07213083796 9.61286166454 2.1357294515045337 1504014603.89
193 9.11531725849 9.57401776249 2.128908374571445 1504014605.1
194 9.18490353151 9.46897015033 2.106354618064739 1504014606.37
195 9.16702753055 9.39160655828 2.076200177603631 1504014607.55
196 9.19708085565 9.23128562313 2.031379017915706 1504014608.86
197 9.25261216366 9.11586143072 2.011537167841209 1504014610.05
198 9.29815426524 8.99283060025 1.9812033448655895 1504014611.26
199 9.33256026557 8.90354065472 1.9820930380233261 1504014612.36
200 9.3786742361 8.80057543901 1.9727271313272237 1504014613.62
201 9.3593731326 8.54181038957 1.8794239791329268 1504014616.87
202 9.37004695743 8.50907045045 1.874719393484721 1504014617.22
203 9.42940277821 8.38720690782 1.8711151748362453 1504014618.35
204 9.44469727464 8.26229385136 1.8468060982369476 1504014619.56
205 9.50429471434 8.20216916427 1.8813738428392839 1504014620.89
206 9.53932303507 8.09127287126 1.8678272870441441 1504014622.07
207 9.51333640821 7.9036197044 1.8304377213168663 1504014623.15
208 9.55208628274 7.79382122392 1.8287856257034645 1504014624.55
209 9.52227671719 7.60591347964 1.7927240834649436 1504014625.86
210 9.53330624452 7.52920428504 1.7938807564269523 1504014627.06
211 9.5597565637 7.41893710306 1.791424905294534 1504014628.15
212 9.52384280411 7.38139510016 1.7516077707448747 1504014629.16
213 9.54594193269 7.19584459379 1.76608109656481 1504014630.54
214 9.60156963112 7.13574890824 1.7726196319365901 1504014631.75
215 9.60358464252 6.98416390561 1.7657413943185816 1504014632.94
216 9.59164285269 6.8536391469 1.7326933656558832 1504014634.14
217 9.71352489524 6.76005816845 1.792246718915016 1504014635.39
218 9.66390259572 6.66249386136 1.7603494389664518 1504014636.66
219 9.68776549191 6.50077628634 1.7856719587982788 1504014637.86
220 9.69759170497 6.3780052391 1.786793488386428 1504014639.06
221 9.74300835262 6.32357155231 1.793631425810956 1504014640.15
222 9.77790901342 6.23335303228 1.812678402818238 1504014641.27
223 9.76222803694 6.06068304814 1.810555017360637 1504014642.6
224 9.77260486521 5.99283171405 1.7863617331819395 1504014643.74
225 9.8870946804 5.61728733992 1.8395778787673887 1504014647.28
226 9.90035933646 5.57032189461 1.8438237685705716 1504014647.75
227 9.99838641085 5.48647456655 1.8875755501032345 1504014648.96
228 10.0169952384 5.31785691566 1.8955042926015588 1504014650.22
229 10.0441174382 5.30412575206 1.9287011044115057 1504014651.37
230 10.0881525874 5.19234660677 1.940839606111115 1504014652.61
231 10.1367471067 5.04355508522 1.9197139778835837 1504014653.74
232 10.1863644366 4.97092250354 1.9471572035864644 1504014655.13
233 10.2360529932 4.94166614995 1.960930877279477 1504014656.29
234 10.1757189629 4.68551146936 1.932997137628818 1504014657.42
235 10.2422609811 4.6903089361 1.9644418781718564 1504014658.61
236 10.3314830655 4.63776949235 2.0153650091737445 1504014659.89
237 10.3936229582 4.42946139277 2.0222155152901746 1504014661.08
238 10.4586262992 4.39746520002 2.069683292151104 1504014662.27
239 10.4821113861 4.29833411589 2.089570284957264 1504014663.53
240 10.5052498601 4.21155067426 2.096740721235318 1504014664.69
241 10.6243929832 4.15961277294 2.1514745901110173 1504014665.89
242 10.7103196036 4.09995477897 2.1736755455532863 1504014667.2
243 10.7645607416 4.02355773704 2.201139630296922 1504014668.23
244 10.8927015168 3.97668381413 2.245510392674272 1504014669.41
245 10.9978956934 3.89595129292 2.2953067221988324 1504014670.73
246 11.0725246166 3.80742124971 2.3224793688620045 1504014672.0
247 11.1927485689 3.77619777183 2.3629765311437434 1504014673.1
248 11.228521829 3.67908834606 2.3666802176770863 1504014674.22
249 11.4888288367 3.52746849471 2.4877368370466906 1504014678.06
250 11.5200895029 3.50302149919 2.5022906436985335 1504014678.54
251 11.688470706 3.50570475489 2.573050693504196 1504014679.49
252 11.7767501642 3.52477268578 2.6218286362732948 1504014680.7
253 11.7981860959 3.52241776631 2.6226154982792425 1504014681.9
254 11.9413367777 3.44269741692 2.64632226060176 1504014683.22
255 12.1095728387 3.39588690544 2.7110109667943982 1504014684.42
256 12.1860032971 3.35402696072 2.7295049206947564 1504014685.54
257 12.2850762969 3.42836117815 2.797957909856104 1504014686.71
258 12.3859774033 3.37927448724 2.8353744959505565 1504014687.95
259 12.4191438044 3.4195160349 2.856659957922874 1504014689.11
260 12.5337470136 3.34468406956 2.880081647206176 1504014690.37
261 12.6186353459 3.41405775794 2.9311889602907533 1504014691.61
262 12.7610899124 3.33610875827 2.93189370066331 1504014692.71
263 12.9070871081 3.30503193837 2.9566591723622513 1504014694.01
264 12.972912933 3.32815072972 2.990584883688967 1504014695.22
265 13.0896063442 3.30544366922 3.0069037882216563 1504014696.41
266 13.132398624 3.40551599882 3.049137421109878 1504014697.61
267 13.288142877 3.41378509767 3.0752007863296322 1504014698.71
268 13.4145416631 3.33526014847 3.0808424253429596 1504014699.97
269 13.5166350819 3.31442183005 3.10728231035498 1504014701.15
270 13.6579319174 3.33868327971 3.1308792793200557 1504014702.43
271 13.688958689 3.41952499414 3.1327765443529048 1504014703.62
272 13.7361336152 3.47306545178 -3.121121846892204 1504014704.77
273 14.1547372744 3.56208958826 -3.0986365955534763 1504014708.83
274 14.1946256691 3.563191893 -3.098820141620732 1504014709.23
275 14.3374321154 3.56945199047 -3.1014828009526494 1504014710.38
276 14.446074715 3.61690154607 -3.0827595822249068 1504014711.85
277 14.5618000121 3.62331627197 -3.0853676508343204 1504014712.98
278 14.6813752643 3.61368174893 -3.085808273917112 1504014714.1
279 14.8028165341 3.55441139028 -3.1264593349340615 1504014715.19
280 14.9394799413 3.63205498408 -3.102381934439231 1504014716.53
281 15.0561148573 3.63676913477 -3.109557605518217 1504014717.72
282 15.1216517123 3.59780319125 -3.1327222675802275 1504014718.87
283 15.1676199629 3.64011564053 -3.1245191205946337 1504014720.01
284 15.3468867843 3.60193282525 -3.1336309782120138 1504014721.21
285 15.4161382982 3.58308230377 3.1362098213703695 1504014722.47
286 15.5864660512 3.54402112713 3.1232242142048343 1504014723.85
287 15.6915778634 3.54199360836 3.1145818386545217 1504014724.92
288 15.7719642049 3.52981809287 3.1049928112135987 1504014726.13
289 15.9202096244 3.49403762494 3.085350977529443 1504014727.18
290 15.9968693722 3.54726801874 3.095928727062663 1504014728.53
291 16.0661520504 3.51259678055 3.0723814189805396 1504014729.72
292 16.2319934487 3.48925475282 3.060114867779512 1504014730.92
293 16.3311914398 3.4425310142 3.04662505330158 1504014732.24
294 16.4384686808 3.43483933944 3.041666147751912 1504014733.32
295 16.5987297284 3.41429027257 3.016881738183389 1504014734.23
296 16.6531981779 3.40550689162 3.0131488715426418 1504014735.42
297 17.1882557544 3.26475585209 2.9828843211039118 1504014739.84
298 17.2542460829 3.25349567885 2.9805056020576184 1504014740.51
299 17.3157326346 3.23887022167 2.9828028267593076 1504014741.41
300 17.3595697142 3.22985443767 2.99097823936353 1504014742.73
301 17.5168325651 3.21936040673 2.9790878500226463 1504014743.82


# GT - pose_x pose_y orientation time
0 17.5865 2.8195 3.0833 1504014239.2988667
1 17.2106 2.8347 3.0859 1504014283.2793825
2 17.1667 2.8365 3.0866 1504014283.7005875
3 17.0408 2.842 3.0885 1504014284.9608102
4 16.9275 2.8462 3.092 1504014286.0978777
5 16.8168 2.8522 3.0964 1504014287.2388897
6 16.6919 2.859 3.1028 1504014288.5615988
7 16.5712 2.8632 3.1092 1504014289.7604632
8 16.4508 2.8673 3.1159 1504014290.9598756
9 16.3173 2.873 3.1232 1504014292.2781153
10 16.1988 2.8795 3.1284 1504014293.3602698
11 16.0961 2.8803 3.1342 1504014294.5623994
12 15.9666 2.8789 3.1399 1504014295.7581177
13 15.8352 2.8763 -3.13859 1504014297.0774045
14 15.7291 2.874 -3.13589 1504014298.1588786
15 15.5946 2.8719 -3.13419 1504014299.4813745
16 15.4975 2.8702 -3.13319 1504014300.4373283
17 15.3686 2.8692 -3.13359 1504014301.7571251
18 15.2541 2.8717 -3.13459 1504014302.9010086
19 15.1211 2.8723 -3.13529 1504014304.223524
20 15.0168 2.8716 -3.13439 1504014305.2990036
21 14.8929 2.8702 -3.13359 1504014306.4979615
22 14.7721 2.8706 -3.13379 1504014307.7594419
23 14.6536 2.8711 -3.13469 1504014308.9612126
24 14.5504 2.8715 -3.13749 1504014310.038177
25 14.2522 2.8717 3.1258 1504014313.0376492
26 14.2215 2.872 3.1228 1504014313.3407836
27 14.0948 2.8744 3.1104 1504014314.5405838
28 13.9744 2.8795 3.0985 1504014315.7424536
29 13.8577 2.8851 3.0857 1504014316.944868
30 13.7311 2.893 3.0714 1504014318.2601721
31 13.618 2.8999 3.0565 1504014319.4584653
32 13.4901 2.9119 3.0368 1504014320.7816062
33 13.388 2.9229 3.0189 1504014321.8617506
34 13.2836 2.9378 2.9996 1504014322.942114
35 13.1553 2.958 2.9747 1504014324.3180296
36 13.044 2.9796 2.9513 1504014325.458634
37 12.9401 3.0015 2.9281 1504014326.6009145
38 12.8188 3.0279 2.8989 1504014327.920268
39 12.7251 3.0523 2.8749 1504014328.9966898
40 12.6034 3.0886 2.8408 1504014330.380372
41 12.5136 3.119 2.8138 1504014331.4620602
42 12.4072 3.1609 2.7811 1504014332.719747
43 12.3121 3.1989 2.7528 1504014333.8572278
44 12.2451 3.2289 2.7323 1504014334.7046227
45 12.1207 3.2875 2.6938 1504014336.261848
46 12.0263 3.3352 2.6639 1504014337.4590945
47 11.9298 3.3873 2.6318 1504014338.65692
48 11.8356 3.4411 2.5988 1504014339.8589993
49 11.7374 3.5047 2.5639 1504014341.1818616
50 11.4854 3.6866 2.4795 1504014344.658175
51 11.4414 3.7216 2.4661 1504014345.260675
52 11.3714 3.7787 2.4454 1504014346.220344
53 11.2852 3.8516 2.4203 1504014347.4233375
54 11.1945 3.9326 2.3955 1504014348.7393677
55 11.1046 4.0204 2.3694 1504014349.997736
56 11.0258 4.0999 2.3469 1504014351.1370997
57 10.9486 4.1821 2.3257 1504014352.339351
58 10.8581 4.2814 2.3018 1504014353.7193296
59 10.7956 4.3488 2.2871 1504014354.7368693
60 10.7137 4.4457 2.2668 1504014355.9377766
61 10.6398 4.5347 2.2477 1504014357.2620804
62 10.5707 4.6244 2.2265 1504014358.399941
63 10.495 4.7254 2.2005 1504014359.7792234
64 10.4381 4.8075 2.1782 1504014360.860839
65 10.375 4.9039 2.1529 1504014362.0616174
66 10.323 4.9888 2.1321 1504014363.1391554
67 10.2655 5.0857 2.1107 1504014364.3380532
68 10.2042 5.1927 2.0893 1504014365.6603212
69 10.1546 5.2818 2.072 1504014366.7390213
70 10.0958 5.3966 2.051 1504014368.0631032
71 10.0385 5.5074 2.0314 1504014369.378302
72 9.9885 5.6083 2.0126 1504014370.5163074
73 9.9416 5.7078 1.9954 1504014371.6609745
74 9.8172 5.9902 1.9494 1504014374.8395207
75 9.8008 6.0294 1.9433 1504014375.2593074
76 9.7719 6.1 1.9341 1504014376.0393784
77 9.7228 6.2256 1.9182 1504014377.3590496
78 9.6827 6.3397 1.9068 1504014378.5561297
79 9.6458 6.455 1.896 1504014379.7571278
80 9.609 6.5688 1.8873 1504014380.9615312
81 9.5754 6.6778 1.88 1504014382.157793
82 9.5398 6.7975 1.8734 1504014383.4192367
83 9.5093 6.9004 1.8676 1504014384.497527
84 9.4769 7.013 1.8625 1504014385.6997194
85 9.4401 7.1316 1.8585 1504014386.9587517
86 9.4075 7.2489 1.8551 1504014388.2196927
87 9.3671 7.3897 1.8518 1504014389.537064
88 9.3345 7.4882 1.8472 1504014390.561606
89 9.3057 7.5945 1.8508 1504014391.7586234
90 9.2726 7.7108 1.8531 1504014392.9562476
91 9.2358 7.8329 1.8538 1504014394.2195153
92 9.2017 7.9463 1.8564 1504014395.4227362
93 9.1686 8.0586 1.8606 1504014396.6208792
94 9.1339 8.1823 1.8657 1504014397.9371033
95 9.1037 8.286 1.8715 1504014399.0199
96 9.0707 8.397 1.8789 1504014400.2214863
97 9.0341 8.5145 1.8882 1504014401.421114
98 8.9963 8.6298 1.8993 1504014402.5557752
99 8.8603 8.9966 1.9381 1504014406.5187626
100 8.8423 9.0416 1.9442 1504014406.997395
101 8.8148 9.1068 1.9532 1504014407.7777205
102 8.7692 9.2147 1.9704 1504014409.0363932
103 8.7232 9.3191 1.9906 1504014410.2367249
104 8.6778 9.4152 2.0112 1504014411.3798435
105 8.6305 9.512 2.0371 1504014412.637814
106 8.5663 9.6247 2.0646 1504014413.9001431
107 8.5123 9.719 2.0901 1504014415.0980034
108 8.4539 9.8166 2.1181 1504014416.300495
109 8.4024 9.8978 2.1419 1504014417.37821
110 8.3366 9.9944 2.1728 1504014418.635597
111 8.2705 10.0879 2.2028 1504014419.8997464
112 8.213 10.1643 2.2286 1504014420.9805691
113 8.1373 10.2585 2.2606 1504014422.3020387
114 8.0675 10.341 2.2899 1504014423.5002356
115 8.0004 10.4152 2.3152 1504014424.576058
116 7.9172 10.5023 2.3464 1504014425.9009736
117 7.8329 10.5845 2.3749 1504014427.158585
118 7.7559 10.6566 2.3991 1504014428.2991364
119 7.672 10.7298 2.4232 1504014429.498858
120 7.5814 10.8079 2.449 1504014430.817213
121 7.4997 10.8743 2.472 1504014431.9022298
122 7.4051 10.9486 2.4962 1504014433.1566133
123 7.155 11.1237 2.5563 1504014436.3370104
124 7.1202 11.1462 2.5638 1504014436.758898
125 7.0396 11.197 2.5799 1504014437.7758322
126 6.9278 11.2645 2.6014 1504014439.0984383
127 6.8197 11.3276 2.6211 1504014440.4167066
128 6.7302 11.3826 2.6361 1504014441.5009246
129 6.6228 11.436 2.6593 1504014442.8167655
130 6.5209 11.4848 2.6801 1504014443.9551566
131 6.4198 11.5312 2.7 1504014445.1567764
132 6.3043 11.5825 2.7187 1504014446.4796665
133 6.2099 11.6247 2.7373 1504014447.5569916
134 6.1088 11.6668 2.7571 1504014448.698675
135 6.0051 11.7084 2.7789 1504014449.900283
136 5.8892 11.7523 2.8052 1504014451.2190592
137 5.7824 11.7882 2.8307 1504014452.4172316
138 5.6768 11.819 2.8564 1504014453.5553184
139 5.5625 11.8506 2.8829 1504014454.8170543
140 5.4522 11.878 2.9077 1504014456.019926
141 5.3348 11.9037 2.9341 1504014457.34053
142 5.2274 11.9249 2.9571 1504014458.475536
143 5.1215 11.9433 2.9804 1504014459.616865
144 5.0107 11.9596 3.0052 1504014460.8195262
145 4.8868 11.9751 3.0313 1504014462.1405516
146 4.778 11.9842 3.0541 1504014463.3375077
147 4.4574 12.011 3.1121 1504014466.6988804
148 4.4236 12.0105 3.1186 1504014467.0572724
149 4.3155 12.0134 3.1353 1504014468.1377397
150 4.2007 12.0176 -3.13489 1504014469.3372755
151 4.0555 12.0103 -3.12679 1504014470.6570024
152 3.9919 12.0077 -3.12579 1504014471.615813
153 4.3233 12.0114 -3.13579 1504014556.2746992
154 4.3585 12.0109 -3.13909 1504014556.636207
155 4.4751 12.014 3.1249 1504014557.835269
156 4.6074 12.0121 3.1001 1504014559.1531038
157 4.6889 12.0035 3.0852 1504014559.9962084
158 4.8075 11.9935 3.0591 1504014561.3166986
159 4.9254 11.9804 3.0289 1504014562.6350625
160 5.0421 11.9652 3.0047 1504014563.8340552
161 5.1393 11.9512 2.9855 1504014564.9152617
162 5.2531 11.9339 2.9607 1504014566.1774893
163 5.3627 11.911 2.9353 1504014567.374504
164 5.4689 11.8858 2.9083 1504014568.5723777
165 5.5806 11.8589 2.8802 1504014569.7745671
166 5.6868 11.8297 2.8534 1504014570.9764657
167 5.7954 11.7952 2.8275 1504014572.174613
168 5.8771 11.7686 2.8106 1504014573.0735316
169 6.0109 11.7208 2.7829 1504014574.5739448
170 6.1174 11.6784 2.7606 1504014575.77522
171 6.2284 11.63 2.7377 1504014577.0986743
172 6.3355 11.5828 2.7166 1504014578.2958145
173 6.4333 11.5362 2.6975 1504014579.4333105
174 6.5366 11.4875 2.6785 1504014580.6365302
175 6.6454 11.4338 2.6591 1504014581.8991675
176 6.7423 11.3867 2.6401 1504014583.0320573
177 7.0399 11.21 2.58 1504014586.635416
178 7.0847 11.1823 2.5711 1504014587.178216
179 7.1711 11.1256 2.555 1504014588.2566686
180 7.2867 11.0486 2.5329 1504014589.695424
181 7.3817 10.9822 2.5145 1504014590.8927898
182 7.4595 10.9256 2.4966 1504014591.8558683
183 7.5492 10.8547 2.4771 1504014593.0549064
184 7.6389 10.7822 2.4543 1504014594.2525918
185 7.7346 10.7012 2.4292 1504014595.5754914
186 7.8189 10.6274 2.4067 1504014596.7772722
187 7.9053 10.5475 2.3826 1504014598.03514
188 7.9838 10.4722 2.3595 1504014599.176824
189 8.0531 10.4009 2.3365 1504014600.2534695
190 8.1279 10.3196 2.3108 1504014601.455443
191 8.2018 10.2366 2.2837 1504014602.6553593
192 8.2769 10.1478 2.2555 1504014603.9133625
193 8.3441 10.0636 2.2284 1504014605.1135256
194 8.4134 9.9703 2.1996 1504014606.37719
195 8.4799 9.879 2.1719 1504014607.5781593
196 8.543 9.7867 2.1438 1504014608.8341582
197 8.6062 9.688 2.115 1504014610.031662
198 8.6642 9.5924 2.0888 1504014611.2336605
199 8.7217 9.4944 2.0644 1504014612.3770943
200 8.7734 9.3954 2.0412 1504014613.6330419
201 8.9051 9.1186 1.9867 1504014616.873747
202 8.92 9.0854 1.9818 1504014617.2347488
203 8.9638 8.9864 1.9673 1504014618.375027
204 9.0101 8.8768 1.952 1504014619.5749426
205 9.0557 8.7594 1.9361 1504014620.8934758
206 9.0976 8.6481 1.9223 1504014622.0958724
207 9.135 8.5446 1.9105 1504014623.1751494
208 9.1812 8.4062 1.8971 1504014624.5512447
209 9.2186 8.2862 1.8877 1504014625.871787
210 9.2538 8.1732 1.8809 1504014627.0738964
211 9.285 8.0736 1.8763 1504014628.1536846
212 9.3146 7.9773 1.871 1504014629.1752105
213 9.3527 7.8508 1.8644 1504014630.5522943
214 9.3891 7.7334 1.8581 1504014631.7553685
215 9.4242 7.6193 1.8514 1504014632.9543877
216 9.4576 7.5065 1.8458 1504014634.1515098
217 9.4918 7.3829 1.8418 1504014635.4153755
218 9.5249 7.2544 1.8418 1504014636.674379
219 9.558 7.1408 1.8463 1504014637.8747578
220 9.5904 7.0256 1.8515 1504014639.0717754
221 9.6188 6.9257 1.8569 1504014640.1514897
222 9.6504 6.8155 1.8624 1504014641.2964559
223 9.6869 6.6919 1.87 1504014642.617138
224 9.7191 6.5836 1.8767 1504014643.7518463
225 9.8248 6.2476 1.9043 1504014647.2936902
226 9.8416 6.1996 1.9086 1504014647.7744675
227 9.8817 6.086 1.9203 1504014648.973948
228 9.9287 5.9672 1.9334 1504014650.232428
229 9.9709 5.8647 1.9451 1504014651.371984
230 10.0175 5.7518 1.9574 1504014652.6332185
231 10.0575 5.6552 1.9676 1504014653.7129827
232 10.1148 5.526 1.9816 1504014655.1521225
233 10.1606 5.4257 1.9953 1504014656.2937543
234 10.2059 5.325 2.01 1504014657.433154
235 10.2552 5.2205 2.0311 1504014658.6334496
236 10.3102 5.1095 2.0565 1504014659.8968701
237 10.362 5.0098 2.0835 1504014661.0934658
238 10.4151 4.9142 2.1106 1504014662.2971172
239 10.4733 4.8152 2.1395 1504014663.5536501
240 10.5309 4.724 2.1661 1504014664.69517
241 10.5924 4.6338 2.1928 1504014665.8950205
242 10.6602 4.539 2.2228 1504014667.2122374
243 10.717 4.4659 2.2486 1504014668.233973
244 10.7807 4.3885 2.2778 1504014669.4322867
245 10.8618 4.2965 2.3175 1504014670.7510397
246 10.9338 4.2225 2.3556 1504014672.013084
247 11.0007 4.1553 2.3911 1504014673.0987177
248 11.0713 4.0908 2.4274 1504014674.2326574
249 11.327 3.8899 2.5482 1504014678.073905
250 11.3592 3.8676 2.5627 1504014678.5517123
251 11.4273 3.8246 2.5926 1504014679.514105
252 11.5126 3.7739 2.6314 1504014680.7127814
253 11.5982 3.727 2.6698 1504014681.910173
254 11.6957 3.6791 2.7139 1504014683.2315106
255 11.7855 3.6394 2.7523 1504014684.434254
256 11.8712 3.6052 2.7868 1504014685.5126462
257 11.9673 3.5707 2.8233 1504014686.7109165
258 12.0701 3.5364 2.8596 1504014687.975459
259 12.1671 3.5098 2.8929 1504014689.1138372
260 12.2736 3.4837 2.9282 1504014690.3751934
261 12.3839 3.4602 2.9621 1504014691.630328
262 12.477 3.4421 2.989 1504014692.7119088
263 12.6026 3.4228 3.0221 1504014694.0343928
264 12.71 3.4108 3.0482 1504014695.23216
265 12.819 3.4007 3.0732 1504014696.4306288
266 12.9327 3.3944 3.0967 1504014697.6309304
267 13.0397 3.3904 3.1163 1504014698.7140322
268 13.1621 3.3867 3.1345 1504014699.9748387
269 13.2825 3.3845 -3.13269 1504014701.1732333
270 13.4078 3.3836 -3.11859 1504014702.4311614
271 13.5256 3.3874 -3.10609 1504014703.632725
272 13.639 3.392 -3.09539 1504014704.7755432
273 14.0396 3.4149 -3.07929 1504014708.8550472
274 14.0745 3.4165 -3.07959 1504014709.210536
275 14.188 3.4245 -3.08059 1504014710.3517132
276 14.3393 3.4327 -3.08289 1504014711.8519492
277 14.4558 3.4392 -3.08539 1504014712.9925342
278 14.5707 3.4456 -3.08899 1504014714.070851
279 14.6819 3.4514 -3.09319 1504014715.211144
280 14.8062 3.4559 -3.10009 1504014716.5347595
281 14.9247 3.4609 -3.10749 1504014717.7361758
282 15.0367 3.4634 -3.11579 1504014718.8712635
283 15.1512 3.4644 -3.12549 1504014720.0111613
284 15.2718 3.4663 -3.13689 1504014721.2124574
285 15.3936 3.4667 3.1358 1504014722.4724078
286 15.5323 3.4677 3.1246 1504014723.8515117
287 15.6385 3.4658 3.1159 1504014724.9337523
288 15.7577 3.4639 3.1054 1504014726.134594
289 15.854 3.4612 3.0955 1504014727.151738
290 15.9895 3.4553 3.08 1504014728.5341768
291 16.104 3.4471 3.0658 1504014729.7323701
292 16.2268 3.4366 3.052 1504014730.935568
293 16.3568 3.4233 3.0397 1504014732.253745
294 16.4634 3.4152 3.0306 1504014733.3341506
295 16.5603 3.4 3.0251 1504014734.2319148
296 16.6626 3.3899 3.0169 1504014735.4337938
297 17.1017 3.3209 2.9946 1504014739.8149307
298 17.1726 3.3096 2.9921 1504014740.5345426
299 17.2618 3.2968 2.9894 1504014741.430835
300 17.3842 3.2798 2.9872 1504014742.7490685
301 17.5353 3.256 2.986 1504014743.8315306


# Displacement and sum and time
0 0.0959422849619974 0.0959422849619974 1504014283.25
1 -0.0007456511160444342 0.09519663384595296 1504014283.68
2 -0.7917821379976547 -0.6965855041517017 1504014284.96
3 -0.003137296731865257 -0.699722800883567 1504014286.07
4 0.8331250328813771 0.1334022319978101 1504014287.23
5 -0.020620769646929972 0.11278146235088013 1504014288.54
6 -0.8502653840182137 -0.7374839216673336 1504014289.76
7 0.021566065134171693 -0.7159178565331619 1504014290.93
8 0.7630475583130091 0.04712970177984721 1504014292.25
9 -0.8175779547415971 -0.7704482529617499 1504014293.36
10 0.05037762296510429 -0.7200706299966456 1504014294.54
11 -0.00807007686588752 -0.7281407068625332 1504014295.75
12 0.7851231087263078 0.05698240186377457 1504014297.05
13 -0.011804785202521244 0.04517761666125332 1504014298.14
14 0.007180719882825943 0.05235833654407926 1504014299.48
15 -0.000220442961050683 0.052137893583028574 1504014300.46
16 -0.011730100014860464 0.04040779356816811 1504014301.75
17 0.004086708877090393 0.0444945024452585 1504014302.9
18 0.028383864396480482 0.07287836684173898 1504014304.21
19 0.0018913577704204924 0.07476972461215947 1504014305.32
20 -0.026979582919830596 0.047790141692328876 1504014306.5
21 -0.016280728352231776 0.0315094133400971 1504014307.75
22 0.025534339514366858 0.05704375285446396 1504014308.94
23 -0.029573293503910934 0.027470459350553027 1504014310.03
24 -0.8180404116162052 -0.7905699522656522 1504014313.03
25 -9.632955746389713e-05 -0.790666281823116 1504014313.33
26 0.830915542025356 0.040249260202239956 1504014314.53
27 0.035361903932166136 0.07561116413440609 1504014315.73
28 -0.03430515881067877 0.04130600532372732 1504014316.94
29 0.03127255632556804 0.07257856164929535 1504014318.24
30 -0.0962323069604098 -0.023653745311114444 1504014319.44
31 -0.018209901844010494 -0.04186364715512494 1504014320.78
32 -0.025930418042642726 -0.06779406519776766 1504014321.85
33 0.07138891744485812 0.003594852247090455 1504014322.94
34 -0.013700816066170435 -0.01010596381907998 1504014324.32
35 0.09410628348760229 0.08400031966852231 1504014325.44
36 -0.07764676619821362 0.006353553470308693 1504014326.62
37 0.07770134919467724 0.08405490266498593 1504014327.92
38 -0.10343329805678865 -0.019378395391802722 1504014329.01
39 0.05361958407039826 0.03424118867859554 1504014330.35
40 0.03851636737973715 0.07275755605833269 1504014331.45
41 -0.12484300601055338 -0.0520854499522207 1504014332.69
42 -0.007704608022422815 -0.05979005797464351 1504014333.85
43 0.004326368670276158 -0.055463689304367354 1504014334.73
44 -0.0034122252792324753 -0.05887591458359983 1504014336.25
45 -0.054364022952481494 -0.11323993753608133 1504014337.45
46 0.006662267016299933 -0.1065776705197814 1504014338.65
47 -0.0535276950745715 -0.1601053655943529 1504014339.86
48 -0.03250558234067834 -0.19261094793503125 1504014341.16
49 0.023778034931140335 -0.16883291300389092 1504014344.65
50 -0.017155654275569907 -0.18598856727946084 1504014345.26
51 -0.004195673014402504 -0.19018424029386333 1504014346.24
52 -0.02999798646653147 -0.22018222676039478 1504014347.42
53 0.04618159048761766 -0.17400063627277712 1504014348.73
54 0.009608216278840898 -0.16439241999393622 1504014349.99
55 -0.02144847612828696 -0.18584089612222318 1504014351.16
56 0.006237836978061781 -0.17960305914416141 1504014352.33
57 0.018091790630620386 -0.16151126851354103 1504014353.7
58 0.04504011858971852 -0.11647114992382251 1504014354.72
59 -0.04438077928619548 -0.160851929210018 1504014355.91
60 -0.04906801399767265 -0.20991994320769067 1504014357.25
61 -0.034428890152985656 -0.2443488333606763 1504014358.43
62 0.0214589894164713 -0.22288984394420502 1504014359.8
63 0.0024437035847352517 -0.22044614035946977 1504014360.84
64 -0.022050821778494517 -0.2424969621379643 1504014362.05
65 0.025844757561368815 -0.21665220457659548 1504014363.15
66 0.051826765012740306 -0.16482543956385518 1504014364.33
67 -0.12241331252882805 -0.28723875209268324 1504014365.65
68 0.05034642902501766 -0.23689232306766558 1504014366.73
69 -0.0035029291631868825 -0.24039525223085245 1504014368.06
70 -0.014656699502751204 -0.2550519517336037 1504014369.37
71 -0.026828343160543756 -0.28188029489414745 1504014370.5
72 0.01912225553367628 -0.26275803936047115 1504014371.64
73 0.07759843591365352 -0.18515960344681764 1504014374.84
74 0.0014421728060040294 -0.1837174306408136 1504014375.23
75 0.00975278812091724 -0.17396464251989638 1504014376.03
76 -0.009249638826075636 -0.183214281345972 1504014377.34
77 0.023602209932536873 -0.15961207141343514 1504014378.53
78 -0.0731512224184979 -0.23276329383193306 1504014379.73
79 -0.00679583104938113 -0.2395591248813142 1504014380.94
80 0.001404072427293429 -0.23815505245402077 1504014382.15
81 -0.04755937055437438 -0.28571442300839517 1504014383.41
82 0.030233269717936384 -0.2554811532904588 1504014384.52
83 -0.07665133156151385 -0.33213248485197266 1504014385.71
84 0.02556608029868124 -0.3065664045532914 1504014386.95
85 0.06924680374192421 -0.23731960081136722 1504014388.22
86 0.06252235007101128 -0.17479725074035593 1504014389.52
87 -0.018362536627526644 -0.19315978736788258 1504014390.54
88 0.04541794222951489 -0.1477418451383677 1504014391.74
89 0.09442901009390321 -0.05331283504446448 1504014392.94
90 0.013737488018807005 -0.03957534702565747 1504014394.2
91 0.00579926880177002 -0.03377607822388745 1504014395.43
92 -0.07918330210703922 -0.11295938033092667 1504014396.6
93 0.010502173528104893 -0.10245720680282178 1504014397.92
94 -0.008530559596229826 -0.1109877663990516 1504014399.02
95 -0.005944835384931853 -0.11693260178398346 1504014400.21
96 -0.006418628599528589 -0.12335123038351205 1504014401.4
97 -0.015371761556071149 -0.1387229919395832 1504014402.54
98 -0.03868412062103835 -0.17740711256062155 1504014406.52
99 -0.00013534391553865835 -0.1775424564761602 1504014406.99
100 0.14191942474070685 -0.035623031735453364 1504014407.77
101 -0.03196760696290403 -0.0675906386983574 1504014409.01
102 -0.03088688876491491 -0.0984775274632723 1504014410.22
103 0.004141910206016924 -0.09433561725725538 1504014411.4
104 -0.03531348667872955 -0.12964910393598494 1504014412.63
105 0.05549948276711213 -0.07414962116887282 1504014413.9
106 -0.07019665404394805 -0.14434627521282087 1504014415.07
107 0.026032730414865937 -0.11831354479795493 1504014416.3
108 0.03565537477577137 -0.08265817002218356 1504014417.36
109 0.013095577979520073 -0.06956259204266349 1504014418.62
110 -0.008951021259764241 -0.07851361330242773 1504014419.89
111 0.0039017268871786442 -0.07461188641524909 1504014421.01
112 -0.11183312018817185 -0.18644500660342095 1504014422.3
113 -0.010304042275251737 -0.19674904887867267 1504014423.5
114 0.0683356357211308 -0.12841341315754187 1504014424.6
115 -0.04425811950953364 -0.17267153266707552 1504014425.9
116 -0.021756878684559694 -0.19442841135163522 1504014427.15
117 0.003152356513802898 -0.19127605483783233 1504014428.31
118 0.0016344739165719546 -0.18964158092126038 1504014429.5
119 0.056460087370241 -0.13318149355101938 1504014430.81
120 -0.06944574170917685 -0.20262723526019621 1504014431.9
121 0.056369629880956285 -0.14625760537923993 1504014433.15
122 -0.032649275487157264 -0.1789068808663972 1504014436.32
123 0.0006547472888027289 -0.17825213357759445 1504014436.75
124 0.08545945909666139 -0.09279267448093306 1504014437.8
125 -0.03311655123831398 -0.12590922571924704 1504014439.11
126 -0.012592234644985309 -0.13850146036423233 1504014440.4
127 -0.023488772002967954 -0.16199023236720028 1504014441.5
128 -0.1268644293944235 -0.2888546617616238 1504014442.8
129 -0.08700717251748846 -0.37586183427911224 1504014443.94
130 0.23528977233194748 -0.14057206194716476 1504014445.15
131 -0.16701875770987046 -0.3075908196570352 1504014446.48
132 0.06201297105127207 -0.24557784860576315 1504014447.54
133 -0.08106880588423403 -0.3266466544899972 1504014448.69
134 0.07760017181328842 -0.24904648267670876 1504014449.89
135 0.021559169326212352 -0.2274873133504964 1504014451.23
136 -0.02148365307773896 -0.24897096642823535 1504014452.41
137 0.054590110857999904 -0.19438085557023543 1504014453.54
138 -0.18933709445127095 -0.3837179500215064 1504014454.81
139 0.11860215325591815 -0.2651157967655882 1504014456.02
140 0.037678346452995726 -0.2274374503125925 1504014457.32
141 -0.08866907089512559 -0.3161065212077181 1504014458.45
142 -0.004987002793450726 -0.3210935240011688 1504014459.61
143 -0.07224623297245392 -0.3933397569736227 1504014460.79
144 0.21392539142768163 -0.1794143655459411 1504014462.12
145 -0.21471665028891257 -0.39413101583485366 1504014463.33
146 0.18722940320900386 -0.2069016126258498 1504014466.7
147 -0.0004712646636334909 -0.20737287728948328 1504014467.04
148 -0.025099374002377405 -0.2324722512918607 1504014468.12
149 0.7620489735394209 0.5295767222475602 1504014469.32
150 -0.05877569261110384 0.4708010296364564 1504014470.65
151 -0.03768782306392183 0.4331132065725346 1504014471.61
152 0.14731535502294346 0.5804285615954781 1504014556.25
153 -0.0007263816975434084 0.5797021798979347 1504014556.61
154 -0.9108731524440521 -0.3311709725461174 1504014557.82
155 0.08268940844635243 -0.24848156409976496 1504014559.14
156 -0.0023923170021545037 -0.25087388110191944 1504014560.02
157 -0.10691518740552128 -0.35778906850744074 1504014561.31
158 0.03812045798335423 -0.3196686105240865 1504014562.62
159 0.019019359292625763 -0.30064925123146075 1504014563.83
160 0.08225594977183305 -0.2183933014596277 1504014564.92
161 -0.11500828650226468 -0.3334015879618924 1504014566.16
162 -0.03058156850641633 -0.3639831564683087 1504014567.36
163 0.01899544938840242 -0.3449877070799063 1504014568.57
164 0.021124278011988476 -0.3238634290679178 1504014569.79
165 0.07614625672032502 -0.2477171723475928 1504014570.97
166 -0.01236356118595347 -0.26008073353354627 1504014572.17
167 -0.05871646452143386 -0.31879719805498014 1504014573.05
168 -0.04078665145974625 -0.3595838495147264 1504014574.57
169 0.010819604277109408 -0.34876424523761695 1504014575.77
170 -0.061923475896268884 -0.41068772113388585 1504014577.09
171 -0.04844027869896915 -0.459127999832855 1504014578.29
172 0.04936615025902923 -0.4097618495738258 1504014579.45
173 -0.010797324089838398 -0.4205591736636642 1504014580.66
174 0.026708888180189842 -0.39385028548347434 1504014581.89
175 0.013172935045221955 -0.3806773504382524 1504014583.03
176 -0.07995005968187568 -0.4606274101201281 1504014586.66
177 0.0026349437577780147 -0.4579924663623501 1504014587.15
178 0.07678843032821829 -0.3812040360341318 1504014588.28
179 -0.11131481743833267 -0.49251885347246444 1504014589.68
180 0.0682127552929021 -0.42430609817956233 1504014590.88
181 -0.0005427763562260018 -0.42484887453578835 1504014591.85
182 0.08388451750433908 -0.3409643570314493 1504014593.05
183 0.006195306671569381 -0.3347690503598799 1504014594.25
184 0.0016347475263310818 -0.33313430283354883 1504014595.56
185 0.017591082114170632 -0.3155432207193782 1504014596.76
186 -0.10526006390569188 -0.42080328462507005 1504014598.02
187 0.020707878548837766 -0.4000954060762323 1504014599.16
188 -0.04031592598063667 -0.44041133205686894 1504014600.28
189 0.07588902091852823 -0.3645223111383407 1504014601.45
190 0.03411186894542635 -0.3304104421929144 1504014602.68
191 -0.0458567779579976 -0.37626722015091196 1504014603.89
192 0.06370811572972065 -0.3125591044211913 1504014605.1
193 0.019623152671065305 -0.292935951750126 1504014606.37
194 -0.007710852121289691 -0.3006468038714157 1504014607.55
195 -0.052531072435087256 -0.35317787630650294 1504014608.86
196 0.028142857995715934 -0.325035018310787 1504014610.05
197 -0.012986787891446513 -0.33802180620223354 1504014611.26
198 0.07944991423588554 -0.258571891966348 1504014612.36
199 0.04346108589260052 -0.2151108060737475 1504014613.62
200 -0.12190369786972968 -0.3370145039434772 1504014616.87
201 0.0006139122920025258 -0.3364005916514747 1504014617.22
202 0.03423010664906924 -0.30217048500240545 1504014618.35
203 -0.028302848859981106 -0.33047333386238653 1504014619.56
204 0.15854909568594555 -0.17192423817644098 1504014620.89
205 0.0007962184520839827 -0.17112801972435698 1504014622.07
206 -0.0803919916973697 -0.2515200114217267 1504014623.15
207 0.03690713011601231 -0.21461288130571438 1504014624.55
208 -0.0837597052299109 -0.29837258653562526 1504014625.86
209 0.024996625324462875 -0.27337596121116237 1504014627.06
210 0.0067360423305969745 -0.2666399188805654 1504014628.15
211 -0.10843877632417948 -0.37507869520474485 1504014629.16
212 0.06620380558261238 -0.3088748896221325 1504014630.54
213 0.04033344840683721 -0.2685414412152953 1504014631.75
214 -0.0005599499913285094 -0.2691013912066238 1504014632.94
215 -0.08623052520225592 -0.35533191640887973 1504014634.14
216 0.19965874770988856 -0.15567316869899117 1504014635.39
217 -0.10020826035590621 -0.2558814290548974 1504014636.66
218 0.06541587533289558 -0.19046555372200183 1504014637.86
219 -0.012812892683753213 -0.20327844640575504 1504014639.06
220 0.004517413649218722 -0.1987610327565363 1504014640.15
221 0.04255908344442705 -0.15620194931210926 1504014641.27
222 -0.030546916321621435 -0.1867488656337307 1504014642.6
223 -0.09705411462105791 -0.2838029802547886 1504014643.74
224 0.08047549478453353 -0.2033274854702551 1504014647.28
225 -0.0001699921968045942 -0.20349747766705967 1504014647.75
226 0.10069364139747933 -0.10280383626958034 1504014648.96
227 -0.016245984577085794 -0.11904982084666613 1504014650.22
228 0.06753422605773111 -0.05151559478893501 1504014651.37
229 -0.0005073618740742969 -0.05202295666300931 1504014652.61
230 -0.09841236350869763 -0.15043532017170694 1504014653.74
231 0.042233139108719495 -0.10820218106298744 1504014655.13
232 0.00023145273273082745 -0.10797072833025662 1504014656.29
233 -0.13393784328156907 -0.2419085716118257 1504014657.42
234 0.03249896089330177 -0.20940961071852393 1504014658.61
235 0.08018328085214044 -0.1292263298663835 1504014659.89
236 -0.06330150195817463 -0.19252783182455813 1504014661.08
237 0.06398725815625263 -0.1285405736683055 1504014662.27
238 -0.028315197186920105 -0.15685577085522562 1504014663.53
239 -0.061039774651320794 -0.2178955455065464 1504014664.69
240 0.08807099651159599 -0.12982454899495044 1504014665.89
241 -0.02450142108758631 -0.15432597008253673 1504014667.2
242 0.005227876405556303 -0.14909809367698043 1504014668.23
243 0.047660355634039336 -0.1014377380429411 1504014669.41
244 0.03171855466258071 -0.06971918338036039 1504014670.73
245 -0.034329292966158526 -0.10404847634651891 1504014672.0
246 0.01569904831310749 -0.08834942803341142 1504014673.1
247 -0.10240433892096083 -0.19075376695437224 1504014674.22
248 0.0008061935263177777 -0.18994757342805446 1504014678.06
249 0.0001690385821441001 -0.18977853484591037 1504014678.54
250 0.12836563229478268 -0.06141290255112769 1504014679.49
251 0.03134663170133915 -0.030066270849788537 1504014680.7
252 -0.11816515800057315 -0.14823142885036167 1504014681.9
253 -0.06406724567049091 -0.21229867452085258 1504014683.22
254 0.08258840624717417 -0.1297102682736784 1504014684.42
255 -0.05028447683965438 -0.1799947451133328 1504014685.54
256 0.10038327600952353 -0.07961146910380927 1504014686.71
257 0.0035078586714329535 -0.07610361043237632 1504014687.95
258 -0.03774478440404286 -0.11384839483641918 1504014689.11
259 -0.03731681368463528 -0.15116520852105447 1504014690.37
260 0.054058368374527724 -0.09710684014652675 1504014691.61
261 -0.08229483520445244 -0.17940167535097917 1504014692.71
262 -0.026183692881743062 -0.20558536823272222 1504014694.01
263 0.02458519721312455 -0.18100017101959767 1504014695.22
264 -0.02727246574521483 -0.2082726367648125 1504014696.41
265 0.058853443456686194 -0.1494191933081263 1504014697.61
266 0.020305260691847273 -0.12911393261627904 1504014698.71
267 -0.03945325461686008 -0.16856718723313913 1504014699.97
268 0.92246548962818 0.7538983023950409 1504014701.15
269 0.029835607932052012 0.7837339103270928 1504014702.43
270 -0.033309474280761635 0.7504244360463312 1504014703.62
271 -0.8312603620873111 -0.08083592604097989 1504014704.77
272 0.020059858697070616 -0.06077606734390927 1504014708.83
273 0.00036585081959178965 -0.06041021652431748 1504014709.23
274 -0.005223398342574719 -0.0656336148668922 1504014710.38
275 0.0660463895098875 0.00041277464299530053 1504014711.85
276 -0.00033950754941775366 7.326709357754688e-05 1504014712.98
277 0.009925475313022592 0.009998742406600139 1504014714.1
278 -0.11451438550640117 -0.10451564309980103 1504014715.19
279 0.09731837382186743 -0.007197269277933599 1504014716.53
280 0.0007047500902459536 -0.006492519187687645 1504014717.72
281 -0.04669871313210651 -0.053191232319794154 1504014718.87
282 0.056244395046080115 0.00305316272628596 1504014720.01
283 0.0071884112996063905 0.01024157402589235 1504014721.21
284 -0.008951027100593478 0.0012905469252988723 1504014722.47
285 -0.005609650353442387 -0.004319103428143515 1504014723.85
286 0.00018103254780536468 -0.00413807088033815 1504014724.92
287 0.002861904699218251 -0.001276166181119899 1504014726.13
288 -0.03060487313463647 -0.031881039315756365 1504014727.18
289 0.0819256663557181 0.05004462703996174 1504014728.53
290 -0.02936543440163926 0.020679192638322477 1504014729.72
291 0.004817471481506498 0.025496664119828975 1504014730.92
292 -0.0037379124230041486 0.021758751696824827 1504014732.24
293 0.013009631902982226 0.03476838359980705 1504014733.32
294 -0.060583759429288425 -0.025815375829481374 1504014734.23
295 0.014033913344035033 -0.01178146248544634 1504014735.42
296 -0.025021373147459558 -0.0368028356329059 1504014739.84
297 0.00038101535318489123 -0.03642182027972101 1504014740.51
298 0.015699244411165547 -0.020722575868555464 1504014741.41
299 0.03259532001538724 0.011872744146831773 1504014742.73
300 -0.033584848617335315 -0.021712104470503542 1504014743.82


# Displacement abs and sum and time
0 0.0959422849619974 0.0959422849619974 1504014283.25 Gmapping
1 0.0007456511160444342 0.09668793607804184 1504014283.68 Gmapping
2 0.7917821379976547 0.8884700740756966 1504014284.96 Gmapping
3 0.003137296731865257 0.8916073708075618 1504014286.07 Gmapping
4 0.8331250328813771 1.7247324036889389 1504014287.23 Gmapping
5 0.020620769646929972 1.745353173335869 1504014288.54 Gmapping
6 0.8502653840182137 2.595618557354083 1504014289.76 Gmapping
7 0.021566065134171693 2.6171846224882547 1504014290.93 Gmapping
8 0.7630475583130091 3.3802321808012636 1504014292.25 Gmapping
9 0.8175779547415971 4.197810135542861 1504014293.36 Gmapping
10 0.05037762296510429 4.2481877585079655 1504014294.54 Gmapping
11 0.00807007686588752 4.256257835373853 1504014295.75 Gmapping
12 0.7851231087263078 5.041380944100161 1504014297.05 Gmapping
13 0.011804785202521244 5.053185729302682 1504014298.14 Gmapping
14 0.007180719882825943 5.0603664491855085 1504014299.48 Gmapping
15 0.000220442961050683 5.060586892146559 1504014300.46 Gmapping
16 0.011730100014860464 5.0723169921614195 1504014301.75 Gmapping
17 0.004086708877090393 5.07640370103851 1504014302.9 Gmapping
18 0.028383864396480482 5.10478756543499 1504014304.21 Gmapping
19 0.0018913577704204924 5.106678923205411 1504014305.32 Gmapping
20 0.026979582919830596 5.133658506125242 1504014306.5 Gmapping
21 0.016280728352231776 5.149939234477474 1504014307.75 Gmapping
22 0.025534339514366858 5.175473573991841 1504014308.94 Gmapping
23 0.029573293503910934 5.205046867495752 1504014310.03 Gmapping
24 0.8180404116162052 6.023087279111957 1504014313.03 Gmapping
25 9.632955746389713e-05 6.023183608669421 1504014313.33 Gmapping
26 0.830915542025356 6.854099150694777 1504014314.53 Gmapping
27 0.035361903932166136 6.889461054626944 1504014315.73 Gmapping
28 0.03430515881067877 6.923766213437623 1504014316.94 Gmapping
29 0.03127255632556804 6.955038769763191 1504014318.24 Gmapping
30 0.0962323069604098 7.051271076723601 1504014319.44 Gmapping
31 0.018209901844010494 7.069480978567611 1504014320.78 Gmapping
32 0.025930418042642726 7.095411396610254 1504014321.85 Gmapping
33 0.07138891744485812 7.166800314055113 1504014322.94 Gmapping
34 0.013700816066170435 7.180501130121283 1504014324.32 Gmapping
35 0.09410628348760229 7.274607413608885 1504014325.44 Gmapping
36 0.07764676619821362 7.352254179807099 1504014326.62 Gmapping
37 0.07770134919467724 7.429955529001776 1504014327.92 Gmapping
38 0.10343329805678865 7.533388827058565 1504014329.01 Gmapping
39 0.05361958407039826 7.587008411128964 1504014330.35 Gmapping
40 0.03851636737973715 7.625524778508701 1504014331.45 Gmapping
41 0.12484300601055338 7.750367784519254 1504014332.69 Gmapping
42 0.007704608022422815 7.758072392541677 1504014333.85 Gmapping
43 0.004326368670276158 7.762398761211953 1504014334.73 Gmapping
44 0.0034122252792324753 7.765810986491186 1504014336.25 Gmapping
45 0.054364022952481494 7.820175009443667 1504014337.45 Gmapping
46 0.006662267016299933 7.826837276459967 1504014338.65 Gmapping
47 0.0535276950745715 7.880364971534538 1504014339.86 Gmapping
48 0.03250558234067834 7.912870553875217 1504014341.16 Gmapping
49 0.023778034931140335 7.936648588806357 1504014344.65 Gmapping
50 0.017155654275569907 7.953804243081927 1504014345.26 Gmapping
51 0.004195673014402504 7.9579999160963295 1504014346.24 Gmapping
52 0.02999798646653147 7.987997902562861 1504014347.42 Gmapping
53 0.04618159048761766 8.034179493050479 1504014348.73 Gmapping
54 0.009608216278840898 8.043787709329319 1504014349.99 Gmapping
55 0.02144847612828696 8.065236185457605 1504014351.16 Gmapping
56 0.006237836978061781 8.071474022435668 1504014352.33 Gmapping
57 0.018091790630620386 8.089565813066288 1504014353.7 Gmapping
58 0.04504011858971852 8.134605931656006 1504014354.72 Gmapping
59 0.04438077928619548 8.178986710942201 1504014355.91 Gmapping
60 0.04906801399767265 8.228054724939874 1504014357.25 Gmapping
61 0.034428890152985656 8.26248361509286 1504014358.43 Gmapping
62 0.0214589894164713 8.283942604509331 1504014359.8 Gmapping
63 0.0024437035847352517 8.286386308094066 1504014360.84 Gmapping
64 0.022050821778494517 8.30843712987256 1504014362.05 Gmapping
65 0.025844757561368815 8.33428188743393 1504014363.15 Gmapping
66 0.051826765012740306 8.38610865244667 1504014364.33 Gmapping
67 0.12241331252882805 8.508521964975497 1504014365.65 Gmapping
68 0.05034642902501766 8.558868394000514 1504014366.73 Gmapping
69 0.0035029291631868825 8.5623713231637 1504014368.06 Gmapping
70 0.014656699502751204 8.577028022666452 1504014369.37 Gmapping
71 0.026828343160543756 8.603856365826996 1504014370.5 Gmapping
72 0.01912225553367628 8.622978621360671 1504014371.64 Gmapping
73 0.07759843591365352 8.700577057274325 1504014374.84 Gmapping
74 0.0014421728060040294 8.702019230080328 1504014375.23 Gmapping
75 0.00975278812091724 8.711772018201245 1504014376.03 Gmapping
76 0.009249638826075636 8.72102165702732 1504014377.34 Gmapping
77 0.023602209932536873 8.744623866959857 1504014378.53 Gmapping
78 0.0731512224184979 8.817775089378355 1504014379.73 Gmapping
79 0.00679583104938113 8.824570920427735 1504014380.94 Gmapping
80 0.001404072427293429 8.825974992855029 1504014382.15 Gmapping
81 0.04755937055437438 8.873534363409403 1504014383.41 Gmapping
82 0.030233269717936384 8.90376763312734 1504014384.52 Gmapping
83 0.07665133156151385 8.980418964688853 1504014385.71 Gmapping
84 0.02556608029868124 9.005985044987534 1504014386.95 Gmapping
85 0.06924680374192421 9.075231848729459 1504014388.22 Gmapping
86 0.06252235007101128 9.13775419880047 1504014389.52 Gmapping
87 0.018362536627526644 9.156116735427997 1504014390.54 Gmapping
88 0.04541794222951489 9.201534677657511 1504014391.74 Gmapping
89 0.09442901009390321 9.295963687751414 1504014392.94 Gmapping
90 0.013737488018807005 9.30970117577022 1504014394.2 Gmapping
91 0.00579926880177002 9.31550044457199 1504014395.43 Gmapping
92 0.07918330210703922 9.394683746679029 1504014396.6 Gmapping
93 0.010502173528104893 9.405185920207133 1504014397.92 Gmapping
94 0.008530559596229826 9.413716479803362 1504014399.02 Gmapping
95 0.005944835384931853 9.419661315188295 1504014400.21 Gmapping
96 0.006418628599528589 9.426079943787823 1504014401.4 Gmapping
97 0.015371761556071149 9.441451705343894 1504014402.54 Gmapping
98 0.03868412062103835 9.480135825964933 1504014406.52 Gmapping
99 0.00013534391553865835 9.48027116988047 1504014406.99 Gmapping
100 0.14191942474070685 9.622190594621177 1504014407.77 Gmapping
101 0.03196760696290403 9.654158201584082 1504014409.01 Gmapping
102 0.03088688876491491 9.685045090348996 1504014410.22 Gmapping
103 0.004141910206016924 9.689187000555012 1504014411.4 Gmapping
104 0.03531348667872955 9.724500487233742 1504014412.63 Gmapping
105 0.05549948276711213 9.779999970000855 1504014413.9 Gmapping
106 0.07019665404394805 9.850196624044804 1504014415.07 Gmapping
107 0.026032730414865937 9.876229354459669 1504014416.3 Gmapping
108 0.03565537477577137 9.91188472923544 1504014417.36 Gmapping
109 0.013095577979520073 9.92498030721496 1504014418.62 Gmapping
110 0.008951021259764241 9.933931328474724 1504014419.89 Gmapping
111 0.0039017268871786442 9.937833055361903 1504014421.01 Gmapping
112 0.11183312018817185 10.049666175550074 1504014422.3 Gmapping
113 0.010304042275251737 10.059970217825326 1504014423.5 Gmapping
114 0.0683356357211308 10.128305853546456 1504014424.6 Gmapping
115 0.04425811950953364 10.17256397305599 1504014425.9 Gmapping
116 0.021756878684559694 10.19432085174055 1504014427.15 Gmapping
117 0.003152356513802898 10.197473208254353 1504014428.31 Gmapping
118 0.0016344739165719546 10.199107682170926 1504014429.5 Gmapping
119 0.056460087370241 10.255567769541166 1504014430.81 Gmapping
120 0.06944574170917685 10.325013511250344 1504014431.9 Gmapping
121 0.056369629880956285 10.3813831411313 1504014433.15 Gmapping
122 0.032649275487157264 10.414032416618458 1504014436.32 Gmapping
123 0.0006547472888027289 10.41468716390726 1504014436.75 Gmapping
124 0.08545945909666139 10.500146623003921 1504014437.8 Gmapping
125 0.03311655123831398 10.533263174242235 1504014439.11 Gmapping
126 0.012592234644985309 10.54585540888722 1504014440.4 Gmapping
127 0.023488772002967954 10.56934418089019 1504014441.5 Gmapping
128 0.1268644293944235 10.696208610284613 1504014442.8 Gmapping
129 0.08700717251748846 10.7832157828021 1504014443.94 Gmapping
130 0.23528977233194748 11.018505555134048 1504014445.15 Gmapping
131 0.16701875770987046 11.185524312843919 1504014446.48 Gmapping
132 0.06201297105127207 11.247537283895191 1504014447.54 Gmapping
133 0.08106880588423403 11.328606089779425 1504014448.69 Gmapping
134 0.07760017181328842 11.406206261592715 1504014449.89 Gmapping
135 0.021559169326212352 11.427765430918926 1504014451.23 Gmapping
136 0.02148365307773896 11.449249083996666 1504014452.41 Gmapping
137 0.054590110857999904 11.503839194854665 1504014453.54 Gmapping
138 0.18933709445127095 11.693176289305937 1504014454.81 Gmapping
139 0.11860215325591815 11.811778442561854 1504014456.02 Gmapping
140 0.037678346452995726 11.84945678901485 1504014457.32 Gmapping
141 0.08866907089512559 11.938125859909976 1504014458.45 Gmapping
142 0.004987002793450726 11.943112862703426 1504014459.61 Gmapping
143 0.07224623297245392 12.01535909567588 1504014460.79 Gmapping
144 0.21392539142768163 12.22928448710356 1504014462.12 Gmapping
145 0.21471665028891257 12.444001137392473 1504014463.33 Gmapping
146 0.18722940320900386 12.631230540601477 1504014466.7 Gmapping
147 0.0004712646636334909 12.631701805265111 1504014467.04 Gmapping
148 0.025099374002377405 12.656801179267488 1504014468.12 Gmapping
149 0.7620489735394209 13.41885015280691 1504014469.32 Gmapping
150 0.05877569261110384 13.477625845418013 1504014470.65 Gmapping
151 0.03768782306392183 13.515313668481934 1504014471.61 Gmapping
152 0.14731535502294346 13.662629023504877 1504014556.25 Gmapping
153 0.0007263816975434084 13.66335540520242 1504014556.61 Gmapping
154 0.9108731524440521 14.574228557646473 1504014557.82 Gmapping
155 0.08268940844635243 14.656917966092825 1504014559.14 Gmapping
156 0.0023923170021545037 14.65931028309498 1504014560.02 Gmapping
157 0.10691518740552128 14.766225470500501 1504014561.31 Gmapping
158 0.03812045798335423 14.804345928483855 1504014562.62 Gmapping
159 0.019019359292625763 14.82336528777648 1504014563.83 Gmapping
160 0.08225594977183305 14.905621237548313 1504014564.92 Gmapping
161 0.11500828650226468 15.020629524050578 1504014566.16 Gmapping
162 0.03058156850641633 15.051211092556995 1504014567.36 Gmapping
163 0.01899544938840242 15.070206541945398 1504014568.57 Gmapping
164 0.021124278011988476 15.091330819957387 1504014569.79 Gmapping
165 0.07614625672032502 15.167477076677711 1504014570.97 Gmapping
166 0.01236356118595347 15.179840637863665 1504014572.17 Gmapping
167 0.05871646452143386 15.238557102385098 1504014573.05 Gmapping
168 0.04078665145974625 15.279343753844843 1504014574.57 Gmapping
169 0.010819604277109408 15.290163358121953 1504014575.77 Gmapping
170 0.061923475896268884 15.352086834018221 1504014577.09 Gmapping
171 0.04844027869896915 15.40052711271719 1504014578.29 Gmapping
172 0.04936615025902923 15.44989326297622 1504014579.45 Gmapping
173 0.010797324089838398 15.460690587066058 1504014580.66 Gmapping
174 0.026708888180189842 15.487399475246248 1504014581.89 Gmapping
175 0.013172935045221955 15.50057241029147 1504014583.03 Gmapping
176 0.07995005968187568 15.580522469973346 1504014586.66 Gmapping
177 0.0026349437577780147 15.583157413731124 1504014587.15 Gmapping
178 0.07678843032821829 15.659945844059342 1504014588.28 Gmapping
179 0.11131481743833267 15.771260661497674 1504014589.68 Gmapping
180 0.0682127552929021 15.839473416790577 1504014590.88 Gmapping
181 0.0005427763562260018 15.840016193146804 1504014591.85 Gmapping
182 0.08388451750433908 15.923900710651143 1504014593.05 Gmapping
183 0.006195306671569381 15.930096017322713 1504014594.25 Gmapping
184 0.0016347475263310818 15.931730764849044 1504014595.56 Gmapping
185 0.017591082114170632 15.949321846963215 1504014596.76 Gmapping
186 0.10526006390569188 16.054581910868908 1504014598.02 Gmapping
187 0.020707878548837766 16.075289789417745 1504014599.16 Gmapping
188 0.04031592598063667 16.11560571539838 1504014600.28 Gmapping
189 0.07588902091852823 16.19149473631691 1504014601.45 Gmapping
190 0.03411186894542635 16.225606605262335 1504014602.68 Gmapping
191 0.0458567779579976 16.271463383220333 1504014603.89 Gmapping
192 0.06370811572972065 16.335171498950054 1504014605.1 Gmapping
193 0.019623152671065305 16.35479465162112 1504014606.37 Gmapping
194 0.007710852121289691 16.36250550374241 1504014607.55 Gmapping
195 0.052531072435087256 16.415036576177496 1504014608.86 Gmapping
196 0.028142857995715934 16.44317943417321 1504014610.05 Gmapping
197 0.012986787891446513 16.456166222064656 1504014611.26 Gmapping
198 0.07944991423588554 16.53561613630054 1504014612.36 Gmapping
199 0.04346108589260052 16.579077222193142 1504014613.62 Gmapping
200 0.12190369786972968 16.70098092006287 1504014616.87 Gmapping
201 0.0006139122920025258 16.701594832354875 1504014617.22 Gmapping
202 0.03423010664906924 16.735824939003944 1504014618.35 Gmapping
203 0.028302848859981106 16.764127787863924 1504014619.56 Gmapping
204 0.15854909568594555 16.92267688354987 1504014620.89 Gmapping
205 0.0007962184520839827 16.923473102001953 1504014622.07 Gmapping
206 0.0803919916973697 17.00386509369932 1504014623.15 Gmapping
207 0.03690713011601231 17.040772223815335 1504014624.55 Gmapping
208 0.0837597052299109 17.124531929045247 1504014625.86 Gmapping
209 0.024996625324462875 17.14952855436971 1504014627.06 Gmapping
210 0.0067360423305969745 17.156264596700307 1504014628.15 Gmapping
211 0.10843877632417948 17.264703373024485 1504014629.16 Gmapping
212 0.06620380558261238 17.3309071786071 1504014630.54 Gmapping
213 0.04033344840683721 17.371240627013936 1504014631.75 Gmapping
214 0.0005599499913285094 17.371800577005263 1504014632.94 Gmapping
215 0.08623052520225592 17.45803110220752 1504014634.14 Gmapping
216 0.19965874770988856 17.65768984991741 1504014635.39 Gmapping
217 0.10020826035590621 17.757898110273317 1504014636.66 Gmapping
218 0.06541587533289558 17.823313985606212 1504014637.86 Gmapping
219 0.012812892683753213 17.836126878289967 1504014639.06 Gmapping
220 0.004517413649218722 17.840644291939185 1504014640.15 Gmapping
221 0.04255908344442705 17.883203375383612 1504014641.27 Gmapping
222 0.030546916321621435 17.913750291705234 1504014642.6 Gmapping
223 0.09705411462105791 18.010804406326294 1504014643.74 Gmapping
224 0.08047549478453353 18.091279901110827 1504014647.28 Gmapping
225 0.0001699921968045942 18.091449893307633 1504014647.75 Gmapping
226 0.10069364139747933 18.192143534705114 1504014648.96 Gmapping
227 0.016245984577085794 18.2083895192822 1504014650.22 Gmapping
228 0.06753422605773111 18.27592374533993 1504014651.37 Gmapping
229 0.0005073618740742969 18.276431107214005 1504014652.61 Gmapping
230 0.09841236350869763 18.374843470722702 1504014653.74 Gmapping
231 0.042233139108719495 18.417076609831422 1504014655.13 Gmapping
232 0.00023145273273082745 18.417308062564153 1504014656.29 Gmapping
233 0.13393784328156907 18.55124590584572 1504014657.42 Gmapping
234 0.03249896089330177 18.583744866739025 1504014658.61 Gmapping
235 0.08018328085214044 18.663928147591164 1504014659.89 Gmapping
236 0.06330150195817463 18.72722964954934 1504014661.08 Gmapping
237 0.06398725815625263 18.791216907705593 1504014662.27 Gmapping
238 0.028315197186920105 18.819532104892513 1504014663.53 Gmapping
239 0.061039774651320794 18.880571879543833 1504014664.69 Gmapping
240 0.08807099651159599 18.96864287605543 1504014665.89 Gmapping
241 0.02450142108758631 18.993144297143015 1504014667.2 Gmapping
242 0.005227876405556303 18.99837217354857 1504014668.23 Gmapping
243 0.047660355634039336 19.04603252918261 1504014669.41 Gmapping
244 0.03171855466258071 19.077751083845193 1504014670.73 Gmapping
245 0.034329292966158526 19.112080376811353 1504014672.0 Gmapping
246 0.01569904831310749 19.12777942512446 1504014673.1 Gmapping
247 0.10240433892096083 19.23018376404542 1504014674.22 Gmapping
248 0.0008061935263177777 19.23098995757174 1504014678.06 Gmapping
249 0.0001690385821441001 19.231158996153884 1504014678.54 Gmapping
250 0.12836563229478268 19.359524628448668 1504014679.49 Gmapping
251 0.03134663170133915 19.390871260150007 1504014680.7 Gmapping
252 0.11816515800057315 19.50903641815058 1504014681.9 Gmapping
253 0.06406724567049091 19.57310366382107 1504014683.22 Gmapping
254 0.08258840624717417 19.655692070068245 1504014684.42 Gmapping
255 0.05028447683965438 19.7059765469079 1504014685.54 Gmapping
256 0.10038327600952353 19.806359822917422 1504014686.71 Gmapping
257 0.0035078586714329535 19.809867681588855 1504014687.95 Gmapping
258 0.03774478440404286 19.8476124659929 1504014689.11 Gmapping
259 0.03731681368463528 19.884929279677536 1504014690.37 Gmapping
260 0.054058368374527724 19.938987648052063 1504014691.61 Gmapping
261 0.08229483520445244 20.021282483256517 1504014692.71 Gmapping
262 0.026183692881743062 20.04746617613826 1504014694.01 Gmapping
263 0.02458519721312455 20.072051373351385 1504014695.22 Gmapping
264 0.02727246574521483 20.099323839096602 1504014696.41 Gmapping
265 0.058853443456686194 20.15817728255329 1504014697.61 Gmapping
266 0.020305260691847273 20.17848254324514 1504014698.71 Gmapping
267 0.03945325461686008 20.217935797861998 1504014699.97 Gmapping
268 0.92246548962818 21.140401287490178 1504014701.15 Gmapping
269 0.029835607932052012 21.17023689542223 1504014702.43 Gmapping
270 0.033309474280761635 21.203546369702995 1504014703.62 Gmapping
271 0.8312603620873111 22.034806731790304 1504014704.77 Gmapping
272 0.020059858697070616 22.054866590487375 1504014708.83 Gmapping
273 0.00036585081959178965 22.055232441306966 1504014709.23 Gmapping
274 0.005223398342574719 22.060455839649542 1504014710.38 Gmapping
275 0.0660463895098875 22.126502229159428 1504014711.85 Gmapping
276 0.00033950754941775366 22.126841736708844 1504014712.98 Gmapping
277 0.009925475313022592 22.136767212021866 1504014714.1 Gmapping
278 0.11451438550640117 22.251281597528266 1504014715.19 Gmapping
279 0.09731837382186743 22.348599971350133 1504014716.53 Gmapping
280 0.0007047500902459536 22.34930472144038 1504014717.72 Gmapping
281 0.04669871313210651 22.396003434572485 1504014718.87 Gmapping
282 0.056244395046080115 22.452247829618564 1504014720.01 Gmapping
283 0.0071884112996063905 22.45943624091817 1504014721.21 Gmapping
284 0.008951027100593478 22.468387268018763 1504014722.47 Gmapping
285 0.005609650353442387 22.473996918372205 1504014723.85 Gmapping
286 0.00018103254780536468 22.47417795092001 1504014724.92 Gmapping
287 0.002861904699218251 22.47703985561923 1504014726.13 Gmapping
288 0.03060487313463647 22.507644728753863 1504014727.18 Gmapping
289 0.0819256663557181 22.589570395109583 1504014728.53 Gmapping
290 0.02936543440163926 22.618935829511223 1504014729.72 Gmapping
291 0.004817471481506498 22.62375330099273 1504014730.92 Gmapping
292 0.0037379124230041486 22.627491213415734 1504014732.24 Gmapping
293 0.013009631902982226 22.640500845318716 1504014733.32 Gmapping
294 0.060583759429288425 22.701084604748004 1504014734.23 Gmapping
295 0.014033913344035033 22.71511851809204 1504014735.42 Gmapping
296 0.025021373147459558 22.7401398912395 1504014739.84 Gmapping
297 0.00038101535318489123 22.740520906592685 1504014740.51 Gmapping
298 0.015699244411165547 22.756220151003852 1504014741.41 Gmapping
299 0.03259532001538724 22.78881547101924 1504014742.73 Gmapping
300 0.033584848617335315 22.822400319636575 1504014743.82 Gmapping


# Distance slam gt + time
0 9.72500000528953e-07 1504014239.3
1 0.07415546532862868 1504014283.25
2 0.07221911802579002 1504014283.68
3 0.08797038622835125 1504014284.96
4 0.09857617281573781 1504014286.07
5 0.05723691726721856 1504014287.23
6 0.08360756064766914 1504014288.54
7 0.11842315689645931 1504014289.76
8 0.14636137586495693 1504014290.93
9 0.08561182669962294 1504014292.25
10 0.1519326136717252 1504014293.36
11 0.1221184330327931 1504014294.54
12 0.12897804960763395 1504014295.75
13 0.11080277474030546 1504014297.05
14 0.11064810757996318 1504014298.14
15 0.1606484883024826 1504014299.48
16 0.1579794137638554 1504014300.46
17 0.15659363504264723 1504014301.75
18 0.20240885271168513 1504014302.9
19 0.1692110608511335 1504014304.21
20 0.2116186541216302 1504014305.32
21 0.18713742669989505 1504014306.5
22 0.17041366293761953 1504014307.75
23 0.20684726600883171 1504014308.94
24 0.19342904706353672 1504014310.03
25 0.21490275819942012 1504014313.03
26 0.2151839778533736 1504014313.33
27 0.19978172536455674 1504014314.53
28 0.1924673078144762 1504014315.73
29 0.2249543384261163 1504014316.94
30 0.2158770786870036 1504014318.24
31 0.16753137781454372 1504014319.44
32 0.17038745631382624 1504014320.78
33 0.2048899510372878 1504014321.85
34 0.18450442076066975 1504014322.94
35 0.13317837289433898 1504014324.32
36 0.19488843292372007 1504014325.44
37 0.14960193021350746 1504014326.62
38 0.20713261149739648 1504014327.92
39 0.24900012259302334 1504014329.01
40 0.21079303586024997 1504014330.35
41 0.24194018469364745 1504014331.45
42 0.21210248190582223 1504014332.69
43 0.28469703282120706 1504014333.85
44 0.25363674886631515 1504014334.73
45 0.2537863902934761 1504014336.25
46 0.23351409999760364 1504014337.45
47 0.3189371940225407 1504014338.65
48 0.30417956111517397 1504014339.86
49 0.3484113376904085 1504014341.16
50 0.41303139002873146 1504014344.65
51 0.4183599573642393 1504014345.26
52 0.4155670179516073 1504014346.24
53 0.43909247977160576 1504014347.42
54 0.41442859316893743 1504014348.73
55 0.4035322680835281 1504014349.99
56 0.45361782872057166 1504014351.16
57 0.4654638615348291 1504014352.33
58 0.4458146859557704 1504014353.7
59 0.46185268645658367 1504014354.72
60 0.45743435748797456 1504014355.91
61 0.48401446349225463 1504014357.25
62 0.46105616615425493 1504014358.43
63 0.5408715720612672 1504014359.8
64 0.5422398878813011 1504014360.84
65 0.5427334974122622 1504014362.05
66 0.5690294472805341 1504014363.15
67 0.5272412145076508 1504014364.33
68 0.6090801401394476 1504014365.65
69 0.6126963828928631 1504014366.73
70 0.5636589163147824 1504014368.06
71 0.5972206539599247 1504014369.37
72 0.6331952285149133 1504014370.5
73 0.6129094084333494 1504014371.64
74 0.6032977597319241 1504014374.84
75 0.6057564642989807 1504014375.23
76 0.5804636812475081 1504014376.03
77 0.6444753150196953 1504014377.34
78 0.5440884671085073 1504014378.53
79 0.6533664815614139 1504014379.73
80 0.6999543849339678 1504014380.94
81 0.6677720935239091 1504014382.15
82 0.7073619288397429 1504014383.41
83 0.6391627884291908 1504014384.52
84 0.689158620884688 1504014385.71
85 0.6896030522757014 1504014386.95
86 0.6041723120024791 1504014388.22
87 0.6304053264752741 1504014389.52
88 0.6454164567941743 1504014390.54
89 0.5929658593288055 1504014391.74
90 0.6419930196329295 1504014392.94
91 0.6185874748644513 1504014394.2
92 0.5985909412230097 1504014395.43
93 0.6103210193364074 1504014396.6
94 0.5702120054643481 1504014397.92
95 0.6077064441570471 1504014399.02
96 0.6577794854445845 1504014400.21
97 0.6134189692431319 1504014401.4
98 0.6557151518930113 1504014402.54
99 0.6760871203306956 1504014406.52
100 0.6761163324584959 1504014406.99
101 0.6644127053596303 1504014407.77
102 0.697709753357153 1504014409.01
103 0.66422619336143 1504014410.22
104 0.6858837294356454 1504014411.4
105 0.7341861598064756 1504014412.63
106 0.7683383124076651 1504014413.9
107 0.7518385147840912 1504014415.07
108 0.7414007628308331 1504014416.3
109 0.7562823762015263 1504014417.36
110 0.7927951841877332 1504014418.62
111 0.778743345383976 1504014419.89
112 0.7884210121408559 1504014421.01
113 0.783800979465958 1504014422.3
114 0.8158482202153623 1504014423.5
115 0.844321276608481 1504014424.6
116 0.8697874967132773 1504014425.9
117 0.8546123330546229 1504014427.15
118 0.8591671394081242 1504014428.31
119 0.8924801919941066 1504014429.5
120 0.8610771842627781 1504014430.81
121 0.8931679640656198 1504014431.9
122 0.8827587945023263 1504014433.15
123 0.8886338355319051 1504014436.32
124 0.8885492863598526 1504014436.75
125 0.9000272877428909 1504014437.8
126 0.9154061862076477 1504014439.11
127 0.934342413510382 1504014440.4
128 0.9574780257574713 1504014441.5
129 1.1310319818721368 1504014442.8
130 1.2608412451873081 1504014443.94
131 0.9747611876802524 1504014445.15
132 1.32982896733802 1504014446.48
133 1.3371440654716518 1504014447.54
134 1.3661510936468537 1504014448.69
135 1.2651707765578397 1504014449.89
136 1.3925996756802252 1504014451.23
137 1.0725923191200875 1504014452.41
138 1.073073132975745 1504014453.54
139 1.4522077458598397 1504014454.81
140 1.1516565528014795 1504014456.02
141 1.105673034888367 1504014457.32
142 1.151550105141194 1504014458.45
143 1.1309082667799253 1504014459.61
144 1.5061158793491525 1504014460.79
145 1.1052894967101476 1504014462.12
146 1.202963330659838 1504014463.33
147 1.1076032693695845 1504014466.7
148 1.1095829154970869 1504014467.04
149 1.1146173258901488 1504014468.12
150 1.6254880671612504 1504014469.32
151 1.6114772461288578 1504014470.65
152 1.610907651500675 1504014471.61
153 1.5959145033979538 1504014556.25
154 1.5946023066935309 1504014556.61
155 1.5268131922067367 1504014557.82
156 1.5550347158270945 1504014559.14
157 1.5547317087796335 1504014560.02
158 1.469515853648438 1504014561.31
159 1.5148137797482355 1504014562.62
160 1.4888765844190655 1504014563.83
161 1.4972074561498978 1504014564.92
162 1.4333324492037347 1504014566.16
163 1.4585891435352032 1504014567.36
164 1.4231842245072495 1504014568.57
165 1.4401243670390604 1504014569.79
166 1.426363760412603 1504014570.97
167 1.4130442968247494 1504014572.17
168 1.3726575254836355 1504014573.05
169 1.3576500346169156 1504014574.57
170 1.3451424075763176 1504014575.77
171 1.3404670827525047 1504014577.09
172 1.2749913185240864 1504014578.29
173 1.2963834504686051 1504014579.45
174 1.2488124131825118 1504014580.66
175 1.2511031946101305 1504014581.89
176 1.1833905504641942 1504014583.03
177 1.169600851278343 1504014586.66
178 1.1613443778712436 1504014587.15
179 1.1331453950316224 1504014588.28
180 1.1026971015376725 1504014589.68
181 1.049861132081864 1504014590.88
182 1.1020518023492505 1504014591.85
183 1.078279052226384 1504014593.05
184 1.0901814649340698 1504014594.25
185 1.0558878299028152 1504014595.56
186 1.0405764721800186 1504014596.76
187 1.0113865376070583 1504014598.02
188 0.9684939553376387 1504014599.16
189 1.007285625849127 1504014600.28
190 0.9592732523257123 1504014601.45
191 0.9753238844556114 1504014602.68
192 0.9584107200920069 1504014603.89
193 0.9134915582960418 1504014605.1
194 0.9200811471291807 1504014606.37
195 0.8424349293989458 1504014607.55
196 0.8580832685478298 1504014608.86
197 0.8632445932557985 1504014610.05
198 0.872571759531882 1504014611.26
199 0.8498617710880764 1504014612.36
200 0.8486301663524486 1504014613.62
201 0.7342004724203129 1504014616.87
202 0.7312304791079938 1504014617.22
203 0.7588269294068964 1504014618.35
204 0.7526570253713701 1504014619.56
205 0.7153624410200331 1504014620.89
206 0.7107571251927659 1504014622.07
207 0.7443078510433091 1504014623.15
208 0.7159360307443209 1504014624.55
209 0.7449894619031939 1504014625.86
210 0.7020357694679921 1504014627.06
211 0.7099821673296494 1504014628.15
212 0.6315735909022289 1504014629.16
213 0.6828682366851394 1504014630.54
214 0.6342950193956979 1504014631.75
215 0.6599823545891289 1504014632.94
216 0.666479391930263 1504014634.14
217 0.6611307558250099 1504014635.39
218 0.6080087158722425 1504014636.66
219 0.6530462747292733 1504014637.86
220 0.6564061516770718 1504014639.06
221 0.6148059713260303 1504014640.15
222 0.5959476827112702 1504014641.27
223 0.635695802616837 1504014642.6
224 0.593186259353199 1504014643.74
225 0.633383514675954 1504014647.28
226 0.6320155010317765 1504014647.75
227 0.6107752973315681 1504014648.96
228 0.6553186173948495 1504014650.22
229 0.5653355470073215 1504014651.37
230 0.563897053816453 1504014652.61
231 0.6167573312872364 1504014653.74
232 0.5596717749379333 1504014655.13
233 0.48987949760840704 1504014656.29
234 0.6402003403783368 1504014657.42
235 0.5303489251893594 1504014658.61
236 0.4722103776123555 1504014659.89
237 0.581199544499972 1504014661.08
238 0.5185647425658811 1504014662.27
239 0.516940985685808 1504014663.53
240 0.513090870244512 1504014664.69
241 0.47526527043419375 1504014665.89
242 0.44189668563398676 1504014667.2
243 0.4448917865527708 1504014668.23
244 0.42677501181537697 1504014669.41
245 0.42303818327130516 1504014670.73
246 0.43764699038508836 1504014672.0
247 0.42497194286211093 1504014673.1
248 0.4407098699871778 1504014674.22
249 0.39691959943350047 1504014678.06
250 0.3985008348752562 1504014678.54
251 0.4121945111549951 1504014679.49
252 0.36309740833191945 1504014680.7
253 0.28609146945498704 1504014681.9
254 0.34091583689487837 1504014683.22
255 0.4053662936225254 1504014684.42
256 0.4027269689581053 1504014685.54
257 0.3481983846561081 1504014686.71
258 0.3527987537898112 1504014687.95
259 0.2677261169378215 1504014689.11
260 0.2949608407926331 1504014690.37
261 0.23922748403374514 1504014691.61
262 0.3032181090418353 1504014692.71
263 0.3264685518379812 1504014694.01
264 0.2755977362324998 1504014695.22
265 0.2868824882682056 1504014696.41
266 0.2000077644924305 1504014697.61
267 0.24954103054422289 1504014698.71
268 0.25762929102515075 1504014699.97
269 0.24439759916959233 1504014701.15
270 0.25413281540133714 1504014702.43
271 0.1664874665561748 1504014703.62
272 0.12651698176180673 1504014704.77
273 0.1868725952311076 1504014708.83
274 0.18960139200081344 1504014709.23
275 0.20818510190245085 1504014710.38
276 0.2129108953010848 1504014711.85
277 0.2124495332292619 1504014712.98
278 0.20124733153819 1504014714.1
279 0.158846324308039 1504014715.19
280 0.22089391383457418 1504014716.53
281 0.21954456787615612 1504014717.72
282 0.15900003534869472 1504014718.87
283 0.17648116474146916 1504014720.01
284 0.15502995988457122 1504014721.21
285 0.1185445718561787 1504014722.47
286 0.09358886444975609 1504014723.85
287 0.09285863200600107 1504014724.92
288 0.06744377294492855 1504014726.13
289 0.07390550706739847 1504014727.18
290 0.09226279920739015 1504014728.53
291 0.07564585614122561 1504014729.72
292 0.05291025329683106 1504014730.92
293 0.0320254627238633 1504014732.24
294 0.031737585457810656 1504014733.32
295 0.041000681884847234 1504014734.23
296 0.01822002537974434 1504014735.42
297 0.10317007300711246 1504014739.84
298 0.0990645128419666 1504014740.51
299 0.07914915218914191 1504014741.41
300 0.055688510260642046 1504014742.73
301 0.04103054894559359 1504014743.82


# Displacement mean and std deviation
-7.213323744353336e-05 0.17606506445106868

# Displacement mean absolute value and std deviation
0.07582192797221453 0.15890232019054737

# Distance to GT
0.04103054894559359

# Orientation to GT
0.021715159589365863

# Displacement 2d (x and y ) and time
0 0 0 1504014283.25
1 0 0 1504014283.68
2 0 0 1504014284.96
3 0 0 1504014286.07
4 0 0 1504014287.23
5 0 0 1504014288.54
6 0 0 1504014289.76
7 0 0 1504014290.93
8 0 0 1504014292.25
9 0 0 1504014293.36
10 0 0 1504014294.54
11 0 0 1504014295.75
12 0 0 1504014297.05
13 0 0 1504014298.14
14 0 0 1504014299.48
15 0 0 1504014300.46
16 0 0 1504014301.75
17 0 0 1504014302.9
18 0 0 1504014304.21
19 0 0 1504014305.32
20 0 0 1504014306.5
21 0 0 1504014307.75
22 0 0 1504014308.94
23 0 0 1504014310.03
24 0 0 1504014313.03
25 0 0 1504014313.33
26 0 0 1504014314.53
27 0 0 1504014315.73
28 0 0 1504014316.94
29 0 0 1504014318.24
30 0 0 1504014319.44
31 0 0 1504014320.78
32 0 0 1504014321.85
33 0 0 1504014322.94
34 0 0 1504014324.32
35 0 0 1504014325.44
36 0 0 1504014326.62
37 0 0 1504014327.92
38 0 0 1504014329.01
39 0 0 1504014330.35
40 0 0 1504014331.45
41 0 0 1504014332.69
42 0 0 1504014333.85
43 0 0 1504014334.73
44 0 0 1504014336.25
45 0 0 1504014337.45
46 0 0 1504014338.65
47 0 0 1504014339.86
48 0 0 1504014341.16
49 0 0 1504014344.65
50 0 0 1504014345.26
51 0 0 1504014346.24
52 0 0 1504014347.42
53 0 0 1504014348.73
54 0 0 1504014349.99
55 0 0 1504014351.16
56 0 0 1504014352.33
57 0 0 1504014353.7
58 0 0 1504014354.72
59 0 0 1504014355.91
60 0 0 1504014357.25
61 0 0 1504014358.43
62 0 0 1504014359.8
63 0 0 1504014360.84
64 0 0 1504014362.05
65 0 0 1504014363.15
66 0 0 1504014364.33
67 0 0 1504014365.65
68 0 0 1504014366.73
69 0 0 1504014368.06
70 0 0 1504014369.37
71 0 0 1504014370.5
72 0 0 1504014371.64
73 0 0 1504014374.84
74 0 0 1504014375.23
75 0 0 1504014376.03
76 0 0 1504014377.34
77 0 0 1504014378.53
78 0 0 1504014379.73
79 0 0 1504014380.94
80 0 0 1504014382.15
81 0 0 1504014383.41
82 0 0 1504014384.52
83 0 0 1504014385.71
84 0 0 1504014386.95
85 0 0 1504014388.22
86 0 0 1504014389.52
87 0 0 1504014390.54
88 0 0 1504014391.74
89 0 0 1504014392.94
90 0 0 1504014394.2
91 0 0 1504014395.43
92 0 0 1504014396.6
93 0 0 1504014397.92
94 0 0 1504014399.02
95 0 0 1504014400.21
96 0 0 1504014401.4
97 0 0 1504014402.54
98 0 0 1504014406.52
99 0 0 1504014406.99
100 0 0 1504014407.77
101 0 0 1504014409.01
102 0 0 1504014410.22
103 0 0 1504014411.4
104 0 0 1504014412.63
105 0 0 1504014413.9
106 0 0 1504014415.07
107 0 0 1504014416.3
108 0 0 1504014417.36
109 0 0 1504014418.62
110 0 0 1504014419.89
111 0 0 1504014421.01
112 0 0 1504014422.3
113 0 0 1504014423.5
114 0 0 1504014424.6
115 0 0 1504014425.9
116 0 0 1504014427.15
117 0 0 1504014428.31
118 0 0 1504014429.5
119 0 0 1504014430.81
120 0 0 1504014431.9
121 0 0 1504014433.15
122 0 0 1504014436.32
123 0 0 1504014436.75
124 0 0 1504014437.8
125 0 0 1504014439.11
126 0 0 1504014440.4
127 0 0 1504014441.5
128 0 0 1504014442.8
129 0 0 1504014443.94
130 0 0 1504014445.15
131 0 0 1504014446.48
132 0 0 1504014447.54
133 0 0 1504014448.69
134 0 0 1504014449.89
135 0 0 1504014451.23
136 0 0 1504014452.41
137 0 0 1504014453.54
138 0 0 1504014454.81
139 0 0 1504014456.02
140 0 0 1504014457.32
141 0 0 1504014458.45
142 0 0 1504014459.61
143 0 0 1504014460.79
144 0 0 1504014462.12
145 0 0 1504014463.33
146 0 0 1504014466.7
147 0 0 1504014467.04
148 0 0 1504014468.12
149 0 0 1504014469.32
150 0 0 1504014470.65
151 0 0 1504014471.61
152 0 0 1504014556.25
153 0 0 1504014556.61
154 0 0 1504014557.82
155 0 0 1504014559.14
156 0 0 1504014560.02
157 0 0 1504014561.31
158 0 0 1504014562.62
159 0 0 1504014563.83
160 0 0 1504014564.92
161 0 0 1504014566.16
162 0 0 1504014567.36
163 0 0 1504014568.57
164 0 0 1504014569.79
165 0 0 1504014570.97
166 0 0 1504014572.17
167 0 0 1504014573.05
168 0 0 1504014574.57
169 0 0 1504014575.77
170 0 0 1504014577.09
171 0 0 1504014578.29
172 0 0 1504014579.45
173 0 0 1504014580.66
174 0 0 1504014581.89
175 0 0 1504014583.03
176 0 0 1504014586.66
177 0 0 1504014587.15
178 0 0 1504014588.28
179 0 0 1504014589.68
180 0 0 1504014590.88
181 0 0 1504014591.85
182 0 0 1504014593.05
183 0 0 1504014594.25
184 0 0 1504014595.56
185 0 0 1504014596.76
186 0 0 1504014598.02
187 0 0 1504014599.16
188 0 0 1504014600.28
189 0 0 1504014601.45
190 0 0 1504014602.68
191 0 0 1504014603.89
192 0 0 1504014605.1
193 0 0 1504014606.37
194 0 0 1504014607.55
195 0 0 1504014608.86
196 0 0 1504014610.05
197 0 0 1504014611.26
198 0 0 1504014612.36
199 0 0 1504014613.62
200 0 0 1504014616.87
201 0 0 1504014617.22
202 0 0 1504014618.35
203 0 0 1504014619.56
204 0 0 1504014620.89
205 0 0 1504014622.07
206 0 0 1504014623.15
207 0 0 1504014624.55
208 0 0 1504014625.86
209 0 0 1504014627.06
210 0 0 1504014628.15
211 0 0 1504014629.16
212 0 0 1504014630.54
213 0 0 1504014631.75
214 0 0 1504014632.94
215 0 0 1504014634.14
216 0 0 1504014635.39
217 0 0 1504014636.66
218 0 0 1504014637.86
219 0 0 1504014639.06
220 0 0 1504014640.15
221 0 0 1504014641.27
222 0 0 1504014642.6
223 0 0 1504014643.74
224 0 0 1504014647.28
225 0 0 1504014647.75
226 0 0 1504014648.96
227 0 0 1504014650.22
228 0 0 1504014651.37
229 0 0 1504014652.61
230 0 0 1504014653.74
231 0 0 1504014655.13
232 0 0 1504014656.29
233 0 0 1504014657.42
234 0 0 1504014658.61
235 0 0 1504014659.89
236 0 0 1504014661.08
237 0 0 1504014662.27
238 0 0 1504014663.53
239 0 0 1504014664.69
240 0 0 1504014665.89
241 0 0 1504014667.2
242 0 0 1504014668.23
243 0 0 1504014669.41
244 0 0 1504014670.73
245 0 0 1504014672.0
246 0 0 1504014673.1
247 0 0 1504014674.22
248 0 0 1504014678.06
249 0 0 1504014678.54
250 0 0 1504014679.49
251 0 0 1504014680.7
252 0 0 1504014681.9
253 0 0 1504014683.22
254 0 0 1504014684.42
255 0 0 1504014685.54
256 0 0 1504014686.71
257 0 0 1504014687.95
258 0 0 1504014689.11
259 0 0 1504014690.37
260 0 0 1504014691.61
261 0 0 1504014692.71
262 0 0 1504014694.01
263 0 0 1504014695.22
264 0 0 1504014696.41
265 0 0 1504014697.61
266 0 0 1504014698.71
267 0 0 1504014699.97
268 0 0 1504014701.15
269 0 0 1504014702.43
270 0 0 1504014703.62
271 0 0 1504014704.77
272 0 0 1504014708.83
273 0 0 1504014709.23
274 0 0 1504014710.38
275 0 0 1504014711.85
276 0 0 1504014712.98
277 0 0 1504014714.1
278 0 0 1504014715.19
279 0 0 1504014716.53
280 0 0 1504014717.72
281 0 0 1504014718.87
282 0 0 1504014720.01
283 0 0 1504014721.21
284 0 0 1504014722.47
285 0 0 1504014723.85
286 0 0 1504014724.92
287 0 0 1504014726.13
288 0 0 1504014727.18
289 0 0 1504014728.53
290 0 0 1504014729.72
291 0 0 1504014730.92
292 0 0 1504014732.24
293 0 0 1504014733.32
294 0 0 1504014734.23
295 0 0 1504014735.42
296 0 0 1504014739.84
297 0 0 1504014740.51
298 0 0 1504014741.41
299 0 0 1504014742.73
300 0 0 1504014743.82


# Displacement mean 2d values
0 0