# SLAM - pose_x pose_y orientation time
0 16.5345 3.00311 -3.13329 1504013510.9331782
1 16.4232 3.00845 -3.13555 1504013511.7400389
2 16.3156 3.00991 -3.13904 1504013512.849487
3 16.2156 3.01236 3.14052 1504013513.8580759
4 16.1089 3.01354 3.13673 1504013514.967516
5 16.0043 3.01142 3.13278 1504013515.9761028
6 15.898 3.01046 3.12954 1504013516.98469
7 15.7879 3.0098 3.12642 1504013518.094142
8 15.6842 3.01047 3.12366 1504013519.102732
9 15.5764 3.0126 3.12067 1504013520.2121642
10 15.4769 3.01253 3.11702 1504013521.220758
11 15.3684 3.01707 3.11326 1504013522.330204
12 15.2639 3.01899 3.10937 1504013523.33878
13 15.1634 3.02411 3.10633 1504013524.347352
14 15.0623 3.02936 3.10385 1504013525.355964
15 14.9521 3.03348 3.10121 1504013526.465429
16 14.8517 3.03853 3.09923 1504013527.474014
17 14.7472 3.04491 3.09656 1504013528.482578
18 14.6428 3.05348 3.09403 1504013529.592022
19 14.5439 3.0588 3.09142 1504013530.600626
20 14.4349 3.06318 3.08738 1504013531.7100449
21 14.3333 3.06478 3.08194 1504013532.7186828
22 14.2189 3.06689 3.07443 1504013533.828054
23 14.1182 3.07088 3.0663 1504013534.836663
24 14.0121 3.07382 3.05687 1504013535.845248
25 13.9023 3.07747 3.04684 1504013536.9546938
26 13.7948 3.08547 3.03786 1504013538.064121
27 13.6905 3.08959 3.02857 1504013539.17358
28 13.5834 3.09945 3.0193 1504013540.283058
29 13.4739 3.10702 3.0096 1504013541.392467
30 13.3636 3.11758 2.99846 1504013542.5019252
31 13.2528 3.126 2.98615 1504013543.611358
32 13.1528 3.13694 2.97341 1504013544.619957
33 13.0547 3.14862 2.95977 1504013545.6285539
34 12.9493 3.16037 2.9446 1504013546.738008
35 12.8489 3.17366 2.92937 1504013547.746573
36 12.7428 3.18564 2.91199 1504013548.856034
37 12.6375 3.20007 2.89239 1504013549.965448
38 12.5338 3.21596 2.87076 1504013551.074924
39 12.4355 3.22989 2.84805 1504013552.184358
40 12.3316 3.25017 2.82276 1504013553.2937999
41 12.2304 3.27188 2.79816 1504013554.403241
42 12.1283 3.29431 2.77437 1504013555.512684
43 12.0226 3.32115 2.74849 1504013556.723086
44 11.9184 3.34625 2.72366 1504013557.8324459
45 11.8167 3.37413 2.69762 1504013559.042743
46 11.7151 3.40411 2.67055 1504013560.152181
47 11.61 3.4379 2.64163 1504013561.362493
48 11.5091 3.47498 2.61221 1504013562.5728152
49 11.4141 3.51032 2.5848 1504013563.6822379
50 11.312 3.55043 2.5546 1504013564.892546
51 11.2185 3.59439 2.52639 1504013566.002013
52 11.1206 3.64159 2.49743 1504013567.2122948
53 11.0285 3.69369 2.46967 1504013568.321737
54 10.9338 3.74829 2.44215 1504013569.532037
55 10.8435 3.80458 2.41491 1504013570.6414778
56 10.7607 3.86094 2.39004 1504013571.751016
57 10.6723 3.91797 2.36455 1504013572.8603709
58 10.5828 3.98411 2.33842 1504013574.0706859
59 10.4959 4.05065 2.31205 1504013575.180116
60 10.4138 4.11764 2.28505 1504013576.390409
61 10.3363 4.18514 2.25893 1504013577.4998631
62 10.2609 4.2563 2.23342 1504013578.609308
63 10.1873 4.32684 2.20912 1504013579.718744
64 10.1171 4.40159 2.18522 1504013580.828186
65 10.0509 4.47943 2.16261 1504013581.937639
66 9.985 4.55892 2.14143 1504013583.04708
67 9.91782 4.64579 2.12066 1504013584.2573838
68 9.85554 4.72443 2.10116 1504013585.3668292
69 9.79269 4.808 2.0797 1504013586.476287
70 9.73074 4.89778 2.05706 1504013587.5857651
71 9.67287 4.97982 2.03686 1504013588.695162
72 9.61186 5.06878 2.016 1504013589.804738
73 9.55751 5.16059 1.99715 1504013590.914059
74 9.50282 5.25666 1.9795 1504013592.023545
75 9.4477 5.34875 1.96385 1504013593.132958
76 9.39936 5.44153 1.94974 1504013594.242391
77 9.34695 5.53853 1.93434 1504013595.3518279
78 9.30302 5.63051 1.92145 1504013596.360427
79 9.25998 5.72581 1.9087 1504013597.369028
80 9.21792 5.8275 1.89543 1504013598.478434
81 9.18344 5.92431 1.88258 1504013599.4870222
82 9.14469 6.02463 1.87006 1504013600.596491
83 9.11231 6.12515 1.85921 1504013601.705973
84 9.08158 6.23011 1.85028 1504013602.815388
85 9.05169 6.33097 1.84232 1504013603.9248269
86 9.02332 6.42548 1.83572 1504013604.933453
87 8.99076 6.53755 1.82785 1504013606.143735
88 8.96634 6.63575 1.82343 1504013607.152294
89 8.94017 6.72938 1.81922 1504013608.1608808
90 8.91134 6.83836 1.81458 1504013609.270325
91 8.88395 6.9386 1.81066 1504013610.278925
92 8.85625 7.04663 1.80711 1504013611.3883579
93 8.83285 7.15729 1.80699 1504013612.49778
94 8.81277 7.25418 1.81041 1504013613.5063732
95 8.79312 7.35349 1.81604 1504013614.515022
96 8.77602 7.45778 1.82334 1504013615.6244328
97 8.75964 7.56514 1.83171 1504013616.7338471
98 8.73969 7.67112 1.8406 1504013617.843311
99 8.72253 7.77194 1.84926 1504013618.851882
100 8.70663 7.87731 1.85921 1504013619.9613702
101 8.68639 7.97465 1.86904 1504013620.969933
102 8.66658 8.08165 1.88112 1504013621.978513
103 8.64524 8.18849 1.89407 1504013622.9870899
104 8.62093 8.28957 1.90628 1504013624.096564
105 8.59685 8.39427 1.91899 1504013625.2060218
106 8.56744 8.49878 1.93218 1504013626.315458
107 8.53977 8.6006 1.94588 1504013627.424893
108 8.51209 8.70531 1.96085 1504013628.534337
109 8.48391 8.80426 1.97617 1504013629.643761
110 8.45164 8.90697 1.99377 1504013630.753189
111 8.42126 9.00934 2.01283 1504013631.8626392
112 8.38828 9.11216 2.0327 1504013632.9721138
113 8.35677 9.20468 2.05126 1504013633.9806771
114 8.31839 9.31698 2.07305 1504013635.1909928
115 8.28274 9.40084 2.08988 1504013636.0987258
116 8.24313 9.49434 2.10852 1504013637.208152
117 8.19918 9.59348 2.12838 1504013638.317612
118 8.15643 9.69109 2.14736 1504013639.4270442
119 8.11093 9.78835 2.16596 1504013640.536503
120 8.06454 9.88485 2.18427 1504013641.645945
121 8.02072 9.98064 2.2029 1504013642.755392
122 7.96347 10.0777 2.22125 1504013643.864825
123 7.90879 10.1734 2.23879 1504013644.974284
124 7.85252 10.2657 2.25544 1504013646.0837219
125 7.79694 10.3574 2.27135 1504013647.193175
126 7.73712 10.4488 2.28683 1504013648.3026261
127 7.67613 10.5372 2.30031 1504013649.412054
128 7.61141 10.6257 2.31342 1504013650.521503
129 7.54642 10.7168 2.32665 1504013651.630947
130 7.48281 10.8032 2.33903 1504013652.740396
131 7.41996 10.8824 2.35007 1504013653.7489622
132 7.35857 10.9605 2.36088 1504013654.7575748
133 7.29252 11.0394 2.37236 1504013655.766165
134 7.22134 11.125 2.38502 1504013656.875594
135 7.14823 11.2132 2.39752 1504013657.985056
136 7.08055 11.2854 2.40734 1504013658.9936051
137 7.00549 11.3629 2.41804 1504013660.103059
138 6.93686 11.437 2.42855 1504013661.1116679
139 6.86 11.5155 2.43944 1504013662.2210948
140 6.78391 11.5957 2.45245 1504013663.3305678
141 6.71263 11.6691 2.46464 1504013664.339124
142 6.63391 11.7463 2.47816 1504013665.448564
143 6.55626 11.8192 2.49225 1504013666.557996
144 6.47464 11.8932 2.50732 1504013667.667456
145 6.39393 11.9622 2.52181 1504013668.776911
146 6.31193 12.0335 2.53882 1504013669.8863502
147 6.23562 12.1075 2.55644 1504013670.9958029
148 6.15656 12.1768 2.57569 1504013672.10524
149 6.07831 12.2484 2.59758 1504013673.214695
150 5.99909 12.3165 2.62156 1504013674.324141
151 5.91534 12.3854 2.64735 1504013675.4335518
152 5.83284 12.4506 2.67421 1504013676.543021
153 5.75187 12.5146 2.70214 1504013677.652513
154 5.66321 12.5838 2.73248 1504013678.8627741
155 5.57358 12.6472 2.76321 1504013680.073053
156 5.48003 12.7094 2.79488 1504013681.283372
157 5.38973 12.7658 2.82495 1504013682.3928099
158 5.29652 12.8193 2.85615 1504013683.502272
159 5.20332 12.8741 2.88897 1504013684.712548
160 5.10506 12.9238 2.92175 1504013685.922871
161 5.00917 12.9693 2.95423 1504013687.1331918
162 4.90921 13.0122 2.98573 1504013688.343488
163 4.81198 13.0485 3.01401 1504013689.452917
164 4.71036 13.0815 3.04183 1504013690.5623639
165 4.60071 13.116 3.06842 1504013691.772697
166 4.5036 13.1362 3.08641 1504013692.7812538
167 4.39724 13.1529 3.10082 1504013693.890683
168 4.28304 13.1658 3.10902 1504013695.0001469


# GT - pose_x pose_y orientation time
0 16.5583 2.9931 -3.13289 1504013510.915359
1 16.4485 2.9929 -3.13519 1504013511.7559261
2 16.3442 2.9949 -3.13909 1504013512.8336124
3 16.2411 2.9963 3.1405 1504013513.8552132
4 16.1317 2.998 3.1363 1504013514.9930263
5 16.0288 3.0 3.1318 1504013515.9538674
6 15.9224 2.9987 3.129 1504013516.9748607
7 15.8148 2.9979 3.1259 1504013518.1122143
8 15.7156 2.9978 3.1233 1504013519.073758
9 15.6039 3.0007 3.1191 1504013520.2146497
10 15.4995 3.0022 3.1166 1504013521.2321563
11 15.395 3.0057 3.112 1504013522.3170342
12 15.294 3.0086 3.1092 1504013523.3341665
13 15.1925 3.0124 3.1056 1504013524.3518739
14 15.089 3.017 3.1034 1504013525.374916
15 14.985 3.0216 3.1005 1504013526.4541392
16 14.8838 3.0265 3.0986 1504013527.4722872
17 14.7804 3.0312 3.096 1504013528.4954185
18 14.6769 3.0371 3.0933 1504013529.573637
19 14.5755 3.0444 3.0913 1504013530.5922377
20 14.4691 3.0485 3.0868 1504013531.7349439
21 14.3662 3.0551 3.0821 1504013532.6942968
22 14.2536 3.0599 3.0735 1504013533.835461
23 14.1491 3.068 3.065 1504013534.8558495
24 14.0438 3.0762 3.0566 1504013535.8741112
25 13.9378 3.0853 3.0461 1504013536.9558234
26 13.8323 3.095 3.0376 1504013538.0353131
27 13.7238 3.1061 3.0282 1504013539.1739624
28 13.6189 3.1194 3.0186 1504013540.2521312
29 13.508 3.1358 3.0086 1504013541.394434
30 13.403 3.1485 2.9982 1504013542.477425
31 13.2924 3.1651 2.9854 1504013543.6121395
32 13.1906 3.1811 2.9726 1504013544.6370854
33 13.0884 3.2056 2.9565 1504013545.6534784
34 12.9913 3.2233 2.9438 1504013546.7313046
35 12.8884 3.2431 2.9279 1504013547.7560892
36 12.7897 3.2648 2.912 1504013548.834087
37 12.6839 3.29 2.8918 1504013549.97155
38 12.5859 3.3168 2.8705 1504013551.0539925
39 12.4856 3.3475 2.8479 1504013552.1952665
40 12.3887 3.3803 2.8223 1504013553.2744622
41 12.2919 3.4133 2.7979 1504013554.4116285
42 12.1976 3.4516 2.7745 1504013555.49444
43 12.0969 3.4926 2.749 1504013556.6933393
44 11.9971 3.5354 2.7229 1504013557.8343217
45 11.9004 3.5802 2.6977 1504013559.0363464
46 11.8072 3.6294 2.6706 1504013560.174697
47 11.7098 3.6774 2.6415 1504013561.3730202
48 11.617 3.7301 2.6122 1504013562.5727854
49 11.5332 3.7814 2.5849 1504013563.6539223
50 11.4373 3.8428 2.5541 1504013564.9150963
51 11.354 3.8998 2.5258 1504013565.9946744
52 11.267 3.9639 2.4975 1504013567.194511
53 11.1828 4.0303 2.4689 1504013568.3335223
54 11.1007 4.099 2.4417 1504013569.5342412
55 11.0181 4.1707 2.4132 1504013570.671221
56 10.9455 4.2373 2.3889 1504013571.7556434
57 10.8734 4.3082 2.3636 1504013572.833841
58 10.7932 4.3858 2.3376 1504013574.0917196
59 10.7184 4.4633 2.3118 1504013575.1718972
60 10.65 4.5409 2.2851 1504013576.3741732
61 10.5818 4.6246 2.2582 1504013577.516779
62 10.522 4.7011 2.2335 1504013578.5917885
63 10.459 4.7842 2.2092 1504013579.732706
64 10.4011 4.8667 2.1859 1504013580.8134942
65 10.3463 4.954 2.1629 1504013581.9514322
66 10.2883 5.0419 2.1422 1504013583.0360847
67 10.2325 5.1333 2.1212 1504013584.237863
68 10.1786 5.223 2.1014 1504013585.372754
69 10.1288 5.3125 2.0803 1504013586.4511695
70 10.0776 5.41 2.0573 1504013587.5963922
71 10.0304 5.4986 2.0373 1504013588.6735573
72 9.9802 5.5982 2.0165 1504013589.8107367
73 9.9358 5.693 1.9972 1504013590.8933926
74 9.8912 5.7944 1.9793 1504013592.0337396
75 9.8486 5.8886 1.9648 1504013593.1132169
76 9.8061 5.9889 1.9493 1504013594.251612
77 9.7636 6.0879 1.9347 1504013595.3357182
78 9.7262 6.1839 1.9212 1504013596.3510408
79 9.6909 6.2816 1.9085 1504013597.373375
80 9.6575 6.3816 1.8954 1504013598.4535463
81 9.6256 6.4817 1.8829 1504013599.4706714
82 9.5938 6.587 1.8704 1504013600.6126342
83 9.5647 6.6902 1.8602 1504013601.693628
84 9.5364 6.7952 1.8503 1504013602.83176
85 9.5083 6.8962 1.8428 1504013603.9150133
86 9.4834 7.0035 1.8351 1504013604.934524
87 9.4565 7.1046 1.8292 1504013606.1323664
88 9.4297 7.2033 1.8246 1504013607.1523395
89 9.4006 7.3061 1.8169 1504013608.1747375
90 9.3747 7.4083 1.8151 1504013609.252081
91 9.348 7.5107 1.8109 1504013610.2721484
92 9.321 7.6216 1.8078 1504013611.415414
93 9.2976 7.721 1.8055 1504013612.492681
94 9.2719 7.8246 1.8114 1504013613.5145187
95 9.2467 7.925 1.8174 1504013614.5340815
96 9.2217 8.024 1.8246 1504013615.611075
97 9.1932 8.1321 1.8332 1504013616.7511744
98 9.1671 8.2328 1.8418 1504013617.838129
99 9.1402 8.3314 1.8508 1504013618.8516283
100 9.1131 8.4296 1.8604 1504013619.9304578
101 9.0843 8.5282 1.8705 1504013620.9581785
102 9.0521 8.6313 1.8825 1504013621.9708223
103 9.018 8.7351 1.8955 1504013622.99176
104 8.9847 8.8309 1.9072 1504013624.077107
105 8.9479 8.9329 1.9203 1504013625.2110353
106 8.9098 9.031 1.9329 1504013626.2904353
107 8.8682 9.1331 1.947 1504013627.436715
108 8.8288 9.2286 1.9618 1504013628.511712
109 8.7867 9.3265 1.9775 1504013629.6503305
110 8.7447 9.4201 1.9945 1504013630.7323477
111 8.6981 9.5185 2.0144 1504013631.87254
112 8.6543 9.607 2.0329 1504013632.9539115
113 8.6048 9.6992 2.0526 1504013633.9719658
114 8.5547 9.7898 2.0733 1504013635.172185
115 8.5039 9.8769 2.0912 1504013636.0722542
116 8.4502 9.9653 2.1099 1504013637.2121925
117 8.3946 10.0526 2.1296 1504013638.2918723
118 8.3363 10.1426 2.1484 1504013639.4333143
119 8.2784 10.23 2.1666 1504013640.5112119
120 8.2175 10.3175 2.1855 1504013641.6529455
121 8.1579 10.4005 2.2031 1504013642.7302508
122 8.091 10.4908 2.2223 1504013643.8698869
123 8.0269 10.5736 2.2393 1504013644.9592018
124 7.9583 10.6593 2.2564 1504013646.0916338
125 7.8924 10.7387 2.2721 1504013647.1699562
126 7.8183 10.824 2.2875 1504013648.3159218
127 7.7498 10.9016 2.3008 1504013649.3925633
128 7.6759 10.9842 2.3144 1504013650.5294495
129 7.6049 11.0617 2.3264 1504013651.6111093
130 7.5286 11.1423 2.3391 1504013652.7524414
131 7.4567 11.2156 2.351 1504013653.769641
132 7.3889 11.2844 2.3616 1504013654.732325
133 7.3154 11.3567 2.3729 1504013655.7548418
134 7.2344 11.4344 2.3853 1504013656.8899431
135 7.1586 11.5076 2.3962 1504013657.9710183
136 7.0812 11.577 2.4067 1504013658.9920118
137 7.0004 11.6485 2.4187 1504013660.1295178
138 6.9282 11.7115 2.4287 1504013661.0916119
139 6.8436 11.7845 2.4393 1504013662.234778
140 6.7623 11.8527 2.4515 1504013663.3097072
141 6.682 11.9159 2.4634 1504013664.3324146
142 6.5939 11.9842 2.4776 1504013665.471529
143 6.5107 12.0465 2.492 1504013666.552476
144 6.4206 12.1114 2.5061 1504013667.6909213
145 6.3355 12.17 2.5212 1504013668.7722564
146 6.2454 12.2315 2.5388 1504013669.9146934
147 6.1612 12.2888 2.5554 1504013670.9904857
148 6.0712 12.3469 2.576 1504013672.1328378
149 5.9854 12.4002 2.5974 1504013673.2119794
150 5.8954 12.4526 2.6225 1504013674.3497353
151 5.8056 12.502 2.6479 1504013675.434609
152 5.7134 12.5487 2.6754 1504013676.571966
153 5.6228 12.592 2.7027 1504013677.6488354
154 5.5252 12.6363 2.7322 1504013678.8516319
155 5.4264 12.6771 2.7623 1504013680.0532556
156 5.3207 12.7171 2.7955 1504013681.312327
157 5.2265 12.7494 2.8257 1504013682.3926802
158 5.1278 12.7799 2.8572 1504013683.5316148
159 5.0287 12.8074 2.8892 1504013684.7333598
160 4.9259 12.8316 2.9221 1504013685.9300954
161 4.8255 12.8536 2.9538 1504013687.1300478
162 4.7258 12.8825 2.9841 1504013688.331809
163 4.6203 12.8891 3.0144 1504013689.4718022
164 4.5217 12.898 3.0406 1504013690.5516703
165 4.4139 12.9124 3.0671 1504013691.752257
166 4.3087 12.9158 3.0857 1504013692.770894
167 4.2019 12.9286 3.0989 1504013693.914236
168 4.092 12.9337 3.1074 1504013694.9901729


# Displacement and sum and time
0 0 0 1504013511.7400389
0 -0.0016278466406761671 -0.0016278466406761671 1504013511.7400389

1 0 0 1504013512.849487
1 -0.003290731055543644 -0.004918577696219811 1504013512.849487

2 0 0 1504013513.8580759
2 0.0030794968988928917 -0.0018390807973269196 1504013513.8580759

3 0 0 1504013514.967516
3 0.0027066829757446953 0.0008676021784177756 1504013514.967516

4 0 0 1504013515.9761028
4 -0.0017020470311048669 -0.0008344448526870912 1504013515.9761028

5 0 0 1504013516.98469
5 0.00010360662012043331 -0.0007308382325666579 1504013516.98469

6 0 0 1504013518.094142
6 -0.0024990042472660956 -0.0032298424798327535 1504013518.094142

7 0 0 1504013519.102732
7 -0.004502113990786191 -0.007731956470618945 1504013519.102732

8 0 0 1504013520.2121642
8 0.003916598055429946 -0.003815358415188999 1504013520.2121642

9 0 0 1504013521.220758
9 0.00491075068288839 0.001095392267699391 1504013521.220758

10 0 0 1504013522.330204
10 -0.00403634678001466 -0.002940954512315269 1504013522.330204

11 0 0 1504013523.33878
11 -0.003476011703302778 -0.006416966215618047 1504013523.33878

12 0 0 1504013524.347352
12 0.0009407727102386104 -0.005476193505379437 1504013524.347352

13 0 0 1504013525.355964
13 0.0023659505072328585 -0.0031102429981465785 1504013525.355964

14 0 0 1504013526.465429
14 -0.006175308377911831 -0.00928555137605841 1504013526.465429

15 0 0 1504013527.474014
15 0.0007916327825509967 -0.008493918593507413 1504013527.474014

16 0 0 1504013528.482578
16 -0.0011878136818215396 -0.009681732275328953 1504013528.482578

17 0 0 1504013529.592022
17 -0.0010831291760235312 -0.010764861451352484 1504013529.592022

18 0 0 1504013530.600626
18 0.002619449017412581 -0.008145412433939903 1504013530.600626

19 0 0 1504013531.7100449
19 -0.00260900128026427 -0.010754413714204172 1504013531.7100449

20 0 0 1504013532.7186828
20 0.0014988469194460313 -0.009255566794758141 1504013532.7186828

21 0 0 1504013533.828054
21 -0.001717194202966274 -0.010972760997724415 1504013533.828054

22 0 0 1504013534.836663
22 0.004034437165918975 -0.00693832383180544 1504013534.836663

23 0 0 1504013535.845248
23 -0.0005219297786928506 -0.007460253610498291 1504013535.845248

24 0 0 1504013536.9546938
24 -0.003470754234472892 -0.010931007844971183 1504013536.9546938

25 0 0 1504013538.064121
25 -0.001852277692376808 -0.012783285537347991 1504013538.064121

26 0 0 1504013539.17358
26 0.004684968860869346 -0.008098316676478645 1504013539.17358

27 0 0 1504013540.283058
27 -0.001813140429304097 -0.009911457105782742 1504013540.283058

28 0 0 1504013541.392467
28 0.002344711538218386 -0.007566745567564356 1504013541.392467

29 0 0 1504013542.5019252
29 -0.005039089343725392 -0.012605834911289748 1504013542.5019252

30 0 0 1504013543.611358
30 0.0007193435419023536 -0.011886491369387395 1504013543.611358

31 0 0 1504013544.619957
31 0.002453058633904201 -0.009433432735483194 1504013544.619957

32 0 0 1504013545.6285539
32 0.006302746863450212 -0.0031306858720329817 1504013545.6285539

33 0 0 1504013546.738008
33 -0.0073528724506258525 -0.010483558322658834 1504013546.738008

34 0 0 1504013547.746573
34 0.0035118600048074794 -0.006971698317851355 1504013547.746573

35 0 0 1504013548.856034
35 -0.0057168924040905955 -0.01268859072194195 1504013548.856034

36 0 0 1504013549.965448
36 0.0024756117348428835 -0.010212978987099067 1504013549.965448

37 0 0 1504013551.074924
37 -0.003311927498014844 -0.01352490648511391 1504013551.074924

38 0 0 1504013552.184358
38 0.00561108618271286 -0.00791382030240105 1504013552.184358

39 0 0 1504013553.2937999
39 -0.0035599208020090506 -0.011473741104410101 1504013553.2937999

40 0 0 1504013554.403241
40 -0.001232057712391335 -0.012705798816801436 1504013554.403241

41 0 0 1504013555.512684
41 -0.0027537150161248553 -0.015459513832926292 1504013555.512684

42 0 0 1504013556.723086
42 -0.0003277859638824848 -0.015787299796808776 1504013556.723086

43 0 0 1504013557.8324459
43 0.001409967842619056 -0.01437733195418972 1504013557.8324459

44 0 0 1504013559.042743
44 0.001121304654501415 -0.013256027299688306 1504013559.042743

45 0 0 1504013560.152181
45 -0.0005417392694673229 -0.013797766569155628 1504013560.152181

46 0 0 1504013561.362493
46 -0.0018129862151595733 -0.015610752784315202 1504013561.362493

47 0 0 1504013562.5728152
47 -0.0007777441948021852 -0.016388496979117387 1504013562.5728152

48 0 0 1504013563.6822379
48 -0.0031048931519051803 -0.019493390131022567 1504013563.6822379

49 0 0 1504013564.892546
49 0.004175681937914233 -0.015317708193108334 1504013564.892546

50 0 0 1504013566.002013
50 -0.002383514567735334 -0.01770122276084367 1504013566.002013

51 0 0 1504013567.2122948
51 -0.0006202592092642428 -0.01832148197010791 1504013567.2122948

52 0 0 1504013568.321737
52 0.0014164979271132083 -0.016904984042994703 1504013568.321737

53 0 0 1504013569.532037
53 -0.002260768478435607 -0.01916575252143031 1504013569.532037

54 0 0 1504013570.6414778
54 0.0029705106750473054 -0.016195241846383004 1504013570.6414778

55 0 0 1504013571.751016
55 -0.0016406601504282692 -0.017835901996811274 1504013571.751016

56 0 0 1504013572.8603709
56 -0.004079889201169529 -0.021915791197980802 1504013572.8603709

57 0 0 1504013574.0706859
57 0.00030980505819815096 -0.02160598613978265 1504013574.0706859

58 0 0 1504013575.180116
58 -0.0017401630407568036 -0.023346149180539455 1504013575.180116

59 0 0 1504013576.390409
59 -0.0025202371145317676 -0.025866386295071223 1504013576.390409

60 0 0 1504013577.4998631
60 0.005193239601589739 -0.020673146693481484 1504013577.4998631

61 0 0 1504013578.609308
61 -0.006577546888500749 -0.027250693581982233 1504013578.609308

62 0 0 1504013579.718744
62 0.0023360618166695796 -0.024914631765312653 1504013579.718744

63 0 0 1504013580.828186
63 -0.0017554337098411865 -0.02667006547515384 1504013580.828186

64 0 0 1504013581.937639
64 0.000890705025528335 -0.025779360449625505 1504013581.937639

65 0 0 1504013583.04708
65 0.0020566205043305863 -0.02372273994529492 1504013583.04708

66 0 0 1504013584.2573838
66 -0.0027290986405134054 -0.026451838585808324 1504013584.2573838

67 0 0 1504013585.3668292
67 0.004333714459266072 -0.022118124126542252 1504013585.3668292

68 0 0 1504013586.476287
68 -0.0021439743098705805 -0.024262098436412832 1504013586.476287

69 0 0 1504013587.5857651
69 0.0010466878460764634 -0.02321541059033637 1504013587.5857651

70 0 0 1504013588.695162
70 -8.459299283891664e-06 -0.02322386988962026 1504013588.695162

71 0 0 1504013589.804738
71 0.003664880647015395 -0.019558989242604866 1504013589.804738

72 0 0 1504013590.914059
72 -0.002008759723785558 -0.021567748966390424 1504013590.914059

73 0 0 1504013592.023545
73 0.00022898394763348762 -0.021338765018756936 1504013592.023545

74 0 0 1504013593.132958
74 -0.003940872670330317 -0.025279637689087253 1504013593.132958

75 0 0 1504013594.242391
75 0.0043149319037261435 -0.02096470578536111 1504013594.242391

76 0 0 1504013595.3518279
76 -0.00251643318861465 -0.02348113897397576 1504013595.3518279

77 0 0 1504013596.360427
77 0.0010957970876027262 -0.022385341886373034 1504013596.360427

78 0 0 1504013597.369028
78 -0.0006867435062268973 -0.02307208539259993 1504013597.369028

79 0 0 1504013598.478434
79 -0.0046146332762560666 -0.027686718668855997 1504013598.478434

80 0 0 1504013599.4870222
80 0.002293125677776134 -0.025393592991079864 1504013599.4870222

81 0 0 1504013600.596491
81 0.0024531731861037465 -0.022940419804976117 1504013600.596491

82 0 0 1504013601.705973
82 0.0016177883504447238 -0.021322631454531393 1504013601.705973

83 0 0 1504013602.815388
83 -0.0006191493466828901 -0.021941780801214283 1504013602.815388

84 0 0 1504013603.9248269
84 -0.00035966776600453165 -0.022301448567218815 1504013603.9248269

85 0 0 1504013604.933453
85 0.011475036565492994 -0.010826412001725821 1504013604.933453

86 0 0 1504013606.143735
86 -0.012086570011129297 -0.022912982012855118 1504013606.143735

87 0 0 1504013607.152294
87 0.001083007115086937 -0.02182997489776818 1504013607.152294

88 0 0 1504013608.1608808
88 0.009620818819843516 -0.012209156077924666 1504013608.1608808

89 0 0 1504013609.270325
89 -0.007298136556028553 -0.01950729263395322 1504013609.270325

90 0 0 1504013610.278925
90 0.001908950888981742 -0.017598341744971477 1504013610.278925

91 0 0 1504013611.3883579
91 0.0026146776235862756 -0.014983664121385201 1504013611.3883579

92 0 0 1504013612.49778
92 -0.010989821925016088 -0.02597348604640129 1504013612.49778

93 0 0 1504013613.5063732
93 0.007791236819074357 -0.018182249227326933 1504013613.5063732

94 0 0 1504013614.515022
94 0.002278887828000342 -0.01590336139932659 1504013614.515022

95 0 0 1504013615.6244328
95 -0.003574824019270506 -0.019478185418597097 1504013615.6244328

96 0 0 1504013616.7338471
96 0.003191461637677029 -0.016286723780920068 1504013616.7338471

97 0 0 1504013617.843311
97 -0.0038139781855309196 -0.020100701966450987 1504013617.843311

98 0 0 1504013618.851882
98 -6.635578741460979e-05 -0.020167057753865597 1504013618.851882

99 0 0 1504013619.9613702
99 -0.004692126237462152 -0.02485918399132775 1504013619.9613702

100 0 0 1504013620.969933
100 0.003298012233856687 -0.021561171757471062 1504013620.969933

101 0 0 1504013621.978513
101 -0.0008070208835032483 -0.02236819264097431 1504013621.978513

102 0 0 1504013622.9870899
102 0.00030736166491289463 -0.022060830976061416 1504013622.9870899

103 0 0 1504013624.096564
103 -0.002539684680979634 -0.02460051565704105 1504013624.096564

104 0 0 1504013625.2060218
104 0.0010020140793709081 -0.023598501577670142 1504013625.2060218

105 0 0 1504013626.315458
105 -0.003330407197769336 -0.026928908775439478 1504013626.315458

106 0 0 1504013627.424893
106 0.00473682629271216 -0.02219208248272732 1504013627.424893

107 0 0 1504013628.534337
107 -0.004998491567555038 -0.027190574050282357 1504013628.534337

108 0 0 1504013629.643761
108 0.0036839082411154744 -0.023506665809166882 1504013629.643761

109 0 0 1504013630.753189
109 -0.005068871691753837 -0.02857553750092072 1504013630.753189

110 0 0 1504013631.8626392
110 0.0020938511946869826 -0.026481686306233737 1504013631.8626392

111 0 0 1504013632.9721138
111 -0.00923419740892703 -0.03571588371516077 1504013632.9721138

112 0 0 1504013633.9806771
112 0.00690887332073703 -0.028807010394423738 1504013633.9806771

113 0 0 1504013635.1909928
113 -0.015147793204487225 -0.04395480359891096 1504013635.1909928

114 0 0 1504013636.0987258
114 0.0097086755521376 -0.034246128046773364 1504013636.0987258

115 0 0 1504013637.208152
115 0.0018882555986898392 -0.032357872448083524 1504013637.208152

116 0 0 1504013638.317612
116 -0.004943178651799898 -0.03730105109988342 1504013638.317612

117 0 0 1504013639.4270442
117 0.0006717466087406282 -0.036629304491142795 1504013639.4270442

118 0 0 1504013640.536503
118 -0.002537927841366208 -0.039167232332509 1504013640.536503

119 0 0 1504013641.645945
119 -0.0004643524529783505 -0.03963158478548735 1504013641.645945

120 0 0 1504013642.755392
120 -0.0031551618124711633 -0.04278674659795852 1504013642.755392

121 0 0 1504013643.864825
121 -0.0003043792199938222 -0.04309112581795234 1504013643.864825

122 0 0 1504013644.974284
122 -0.0055075212700790716 -0.04859864708803141 1504013644.974284

123 0 0 1504013646.0837219
123 0.0016745745151661856 -0.046924072572865225 1504013646.0837219

124 0 0 1504013647.193175
124 -0.004043725698396172 -0.0509677982712614 1504013647.193175

125 0 0 1504013648.3026261
125 0.003755217012840484 -0.04721258125842091 1504013648.3026261

126 0 0 1504013649.412054
126 -0.0038895430742403314 -0.051102124332661245 1504013649.412054

127 0 0 1504013650.521503
127 0.001193078153852667 -0.04990904617880858 1504013650.521503

128 0 0 1504013651.630947
128 -0.006799910075737062 -0.05670895625454564 1504013651.630947

129 0 0 1504013652.740396
129 0.0036964872236542323 -0.05301246903089141 1504013652.740396

130 0 0 1504013653.7489622
130 0.0015689992511465356 -0.05144346977974487 1504013653.7489622

131 0 0 1504013654.7575748
131 -0.0027461548788945966 -0.05418962465863947 1504013654.7575748

132 0 0 1504013655.766165
132 0.00020256386834108242 -0.053987060790298386 1504013655.766165

133 0 0 1504013656.875594
133 0.0009139749800767399 -0.053073085810221646 1504013656.875594

134 0 0 1504013657.985056
134 -0.009186440508019311 -0.06225952631824096 1504013657.985056

135 0 0 1504013658.9936051
135 0.004995577033188953 -0.057263949285052004 1504013658.9936051

136 0 0 1504013660.103059
136 2.949259712989316e-06 -0.057261000025339015 1504013660.103059

137 0 0 1504013661.1116679
137 -0.005177521936737123 -0.06243852196207614 1504013661.1116679

138 0 0 1504013662.2210948
138 0.0018792572831065196 -0.06055926467896962 1504013662.2210948

139 0 0 1504013663.3305678
139 -0.004434395720644108 -0.06499366039961373 1504013663.3305678

140 0 0 1504013664.339124
140 -0.0001274720241885019 -0.06512113242380223 1504013664.339124

141 0 0 1504013665.448564
141 0.0012168841634128125 -0.06390424826038942 1504013665.448564

142 0 0 1504013666.557996
142 -0.0025678679811321353 -0.06647211624152155 1504013666.557996

143 0 0 1504013667.667456
143 0.0008688282584660006 -0.06560328798305555 1504013667.667456

144 0 0 1504013668.776911
144 -0.0028597074433611147 -0.06846299542641666 1504013668.776911

145 0 0 1504013669.8863502
145 0.0004251176068185286 -0.06803787781959814 1504013669.8863502

146 0 0 1504013670.9958029
146 -0.004450188707884939 -0.07248806652748307 1504013670.9958029

147 0 0 1504013672.10524
147 0.0019911503969237826 -0.07049691613055929 1504013672.10524

148 0 0 1504013673.214695
148 -0.0050566636375470875 -0.07555357976810638 1504013673.214695

149 0 0 1504013674.324141
149 -0.00032432916493708996 -0.07587790893304347 1504013674.324141

150 0 0 1504013675.4335518
150 -0.005958425431348266 -0.08183633436439174 1504013675.4335518

151 0 0 1504013676.543021
151 -0.0018011942649416995 -0.08363752862933344 1504013676.543021

152 0 0 1504013677.652513
152 -0.0027938221088157217 -0.08643135073814916 1504013677.652513

153 0 0 1504013678.8627741
153 -0.005285566279100359 -0.09171691701724952 1504013678.8627741

154 0 0 1504013680.073053
154 -0.002893753547572167 -0.09461067056482168 1504013680.073053

155 0 0 1504013681.283372
155 0.0006746985910455056 -0.09393597197377618 1504013681.283372

156 0 0 1504013682.3928099
156 -0.006882407996473258 -0.10081837997024944 1504013682.3928099

157 0 0 1504013683.502272
157 -0.0041674915510995225 -0.10498587152134896 1504013683.502272

158 0 0 1504013684.712548
158 -0.005272139109503457 -0.11025801063085242 1504013684.712548

159 0 0 1504013685.922871
159 -0.004504074318769438 -0.11476208494962185 1504013685.922871

160 0 0 1504013687.1331918
160 -0.0033552741103238665 -0.11811735905994572 1504013687.1331918

161 0 0 1504013688.343488
161 -0.004972746590320626 -0.12309010565026635 1504013688.343488

162 0 0 1504013689.452917
162 0.0019210672153861658 -0.12116903843488018 1504013689.452917

163 0 0 1504013690.5623639
163 -0.007843066841821067 -0.12901210527670126 1504013690.5623639

164 0 0 1504013691.772697
164 -0.006191906060319427 -0.1352040113370207 1504013691.772697

165 0 0 1504013692.7812538
165 0.006066259413933156 -0.12913775192308755 1504013692.7812538

166 0 0 1504013693.890683
166 -9.877739070081326e-05 -0.12923652931378837 1504013693.890683

167 0 0 1504013695.0001469
167 -0.004908009509593081 -0.13414453882338145 1504013695.0001469



# Displacement abs and sum and time
0 0 0 1504013511.7400389
0 0.0016278466406761671 0.0016278466406761671 1504013511.7400389

1 0 0 1504013512.849487
1 0.003290731055543644 0.004918577696219811 1504013512.849487

2 0 0 1504013513.8580759
2 0.0030794968988928917 0.007998074595112703 1504013513.8580759

3 0 0 1504013514.967516
3 0.0027066829757446953 0.010704757570857398 1504013514.967516

4 0 0 1504013515.9761028
4 0.0017020470311048669 0.012406804601962265 1504013515.9761028

5 0 0 1504013516.98469
5 0.00010360662012043331 0.012510411222082699 1504013516.98469

6 0 0 1504013518.094142
6 0.0024990042472660956 0.015009415469348794 1504013518.094142

7 0 0 1504013519.102732
7 0.004502113990786191 0.019511529460134985 1504013519.102732

8 0 0 1504013520.2121642
8 0.003916598055429946 0.02342812751556493 1504013520.2121642

9 0 0 1504013521.220758
9 0.00491075068288839 0.02833887819845332 1504013521.220758

10 0 0 1504013522.330204
10 0.00403634678001466 0.03237522497846798 1504013522.330204

11 0 0 1504013523.33878
11 0.003476011703302778 0.03585123668177076 1504013523.33878

12 0 0 1504013524.347352
12 0.0009407727102386104 0.03679200939200937 1504013524.347352

13 0 0 1504013525.355964
13 0.0023659505072328585 0.03915795989924223 1504013525.355964

14 0 0 1504013526.465429
14 0.006175308377911831 0.04533326827715406 1504013526.465429

15 0 0 1504013527.474014
15 0.0007916327825509967 0.046124901059705056 1504013527.474014

16 0 0 1504013528.482578
16 0.0011878136818215396 0.047312714741526596 1504013528.482578

17 0 0 1504013529.592022
17 0.0010831291760235312 0.04839584391755013 1504013529.592022

18 0 0 1504013530.600626
18 0.002619449017412581 0.05101529293496271 1504013530.600626

19 0 0 1504013531.7100449
19 0.00260900128026427 0.05362429421522698 1504013531.7100449

20 0 0 1504013532.7186828
20 0.0014988469194460313 0.05512314113467301 1504013532.7186828

21 0 0 1504013533.828054
21 0.001717194202966274 0.05684033533763928 1504013533.828054

22 0 0 1504013534.836663
22 0.004034437165918975 0.06087477250355826 1504013534.836663

23 0 0 1504013535.845248
23 0.0005219297786928506 0.06139670228225111 1504013535.845248

24 0 0 1504013536.9546938
24 0.003470754234472892 0.064867456516724 1504013536.9546938

25 0 0 1504013538.064121
25 0.001852277692376808 0.06671973420910081 1504013538.064121

26 0 0 1504013539.17358
26 0.004684968860869346 0.07140470306997015 1504013539.17358

27 0 0 1504013540.283058
27 0.001813140429304097 0.07321784349927425 1504013540.283058

28 0 0 1504013541.392467
28 0.002344711538218386 0.07556255503749264 1504013541.392467

29 0 0 1504013542.5019252
29 0.005039089343725392 0.08060164438121803 1504013542.5019252

30 0 0 1504013543.611358
30 0.0007193435419023536 0.08132098792312038 1504013543.611358

31 0 0 1504013544.619957
31 0.002453058633904201 0.08377404655702458 1504013544.619957

32 0 0 1504013545.6285539
32 0.006302746863450212 0.0900767934204748 1504013545.6285539

33 0 0 1504013546.738008
33 0.0073528724506258525 0.09742966587110065 1504013546.738008

34 0 0 1504013547.746573
34 0.0035118600048074794 0.10094152587590813 1504013547.746573

35 0 0 1504013548.856034
35 0.0057168924040905955 0.10665841827999872 1504013548.856034

36 0 0 1504013549.965448
36 0.0024756117348428835 0.10913403001484161 1504013549.965448

37 0 0 1504013551.074924
37 0.003311927498014844 0.11244595751285645 1504013551.074924

38 0 0 1504013552.184358
38 0.00561108618271286 0.11805704369556931 1504013552.184358

39 0 0 1504013553.2937999
39 0.0035599208020090506 0.12161696449757836 1504013553.2937999

40 0 0 1504013554.403241
40 0.001232057712391335 0.1228490222099697 1504013554.403241

41 0 0 1504013555.512684
41 0.0027537150161248553 0.12560273722609455 1504013555.512684

42 0 0 1504013556.723086
42 0.0003277859638824848 0.12593052318997705 1504013556.723086

43 0 0 1504013557.8324459
43 0.001409967842619056 0.1273404910325961 1504013557.8324459

44 0 0 1504013559.042743
44 0.001121304654501415 0.1284617956870975 1504013559.042743

45 0 0 1504013560.152181
45 0.0005417392694673229 0.12900353495656483 1504013560.152181

46 0 0 1504013561.362493
46 0.0018129862151595733 0.1308165211717244 1504013561.362493

47 0 0 1504013562.5728152
47 0.0007777441948021852 0.13159426536652657 1504013562.5728152

48 0 0 1504013563.6822379
48 0.0031048931519051803 0.13469915851843176 1504013563.6822379

49 0 0 1504013564.892546
49 0.004175681937914233 0.138874840456346 1504013564.892546

50 0 0 1504013566.002013
50 0.002383514567735334 0.14125835502408132 1504013566.002013

51 0 0 1504013567.2122948
51 0.0006202592092642428 0.14187861423334558 1504013567.2122948

52 0 0 1504013568.321737
52 0.0014164979271132083 0.1432951121604588 1504013568.321737

53 0 0 1504013569.532037
53 0.002260768478435607 0.1455558806388944 1504013569.532037

54 0 0 1504013570.6414778
54 0.0029705106750473054 0.1485263913139417 1504013570.6414778

55 0 0 1504013571.751016
55 0.0016406601504282692 0.15016705146436998 1504013571.751016

56 0 0 1504013572.8603709
56 0.004079889201169529 0.1542469406655395 1504013572.8603709

57 0 0 1504013574.0706859
57 0.00030980505819815096 0.15455674572373768 1504013574.0706859

58 0 0 1504013575.180116
58 0.0017401630407568036 0.15629690876449448 1504013575.180116

59 0 0 1504013576.390409
59 0.0025202371145317676 0.15881714587902623 1504013576.390409

60 0 0 1504013577.4998631
60 0.005193239601589739 0.16401038548061597 1504013577.4998631

61 0 0 1504013578.609308
61 0.006577546888500749 0.17058793236911673 1504013578.609308

62 0 0 1504013579.718744
62 0.0023360618166695796 0.1729239941857863 1504013579.718744

63 0 0 1504013580.828186
63 0.0017554337098411865 0.1746794278956275 1504013580.828186

64 0 0 1504013581.937639
64 0.000890705025528335 0.1755701329211558 1504013581.937639

65 0 0 1504013583.04708
65 0.0020566205043305863 0.1776267534254864 1504013583.04708

66 0 0 1504013584.2573838
66 0.0027290986405134054 0.1803558520659998 1504013584.2573838

67 0 0 1504013585.3668292
67 0.004333714459266072 0.18468956652526586 1504013585.3668292

68 0 0 1504013586.476287
68 0.0021439743098705805 0.18683354083513642 1504013586.476287

69 0 0 1504013587.5857651
69 0.0010466878460764634 0.1878802286812129 1504013587.5857651

70 0 0 1504013588.695162
70 8.459299283891664e-06 0.1878886879804968 1504013588.695162

71 0 0 1504013589.804738
71 0.003664880647015395 0.1915535686275122 1504013589.804738

72 0 0 1504013590.914059
72 0.002008759723785558 0.19356232835129775 1504013590.914059

73 0 0 1504013592.023545
73 0.00022898394763348762 0.19379131229893123 1504013592.023545

74 0 0 1504013593.132958
74 0.003940872670330317 0.19773218496926154 1504013593.132958

75 0 0 1504013594.242391
75 0.0043149319037261435 0.20204711687298768 1504013594.242391

76 0 0 1504013595.3518279
76 0.00251643318861465 0.20456355006160232 1504013595.3518279

77 0 0 1504013596.360427
77 0.0010957970876027262 0.20565934714920503 1504013596.360427

78 0 0 1504013597.369028
78 0.0006867435062268973 0.2063460906554319 1504013597.369028

79 0 0 1504013598.478434
79 0.0046146332762560666 0.21096072393168797 1504013598.478434

80 0 0 1504013599.4870222
80 0.002293125677776134 0.21325384960946409 1504013599.4870222

81 0 0 1504013600.596491
81 0.0024531731861037465 0.21570702279556783 1504013600.596491

82 0 0 1504013601.705973
82 0.0016177883504447238 0.21732481114601254 1504013601.705973

83 0 0 1504013602.815388
83 0.0006191493466828901 0.21794396049269543 1504013602.815388

84 0 0 1504013603.9248269
84 0.00035966776600453165 0.21830362825869998 1504013603.9248269

85 0 0 1504013604.933453
85 0.011475036565492994 0.22977866482419296 1504013604.933453

86 0 0 1504013606.143735
86 0.012086570011129297 0.24186523483532224 1504013606.143735

87 0 0 1504013607.152294
87 0.001083007115086937 0.24294824195040918 1504013607.152294

88 0 0 1504013608.1608808
88 0.009620818819843516 0.2525690607702527 1504013608.1608808

89 0 0 1504013609.270325
89 0.007298136556028553 0.2598671973262813 1504013609.270325

90 0 0 1504013610.278925
90 0.001908950888981742 0.261776148215263 1504013610.278925

91 0 0 1504013611.3883579
91 0.0026146776235862756 0.2643908258388493 1504013611.3883579

92 0 0 1504013612.49778
92 0.010989821925016088 0.2753806477638654 1504013612.49778

93 0 0 1504013613.5063732
93 0.007791236819074357 0.28317188458293974 1504013613.5063732

94 0 0 1504013614.515022
94 0.002278887828000342 0.2854507724109401 1504013614.515022

95 0 0 1504013615.6244328
95 0.003574824019270506 0.2890255964302106 1504013615.6244328

96 0 0 1504013616.7338471
96 0.003191461637677029 0.2922170580678876 1504013616.7338471

97 0 0 1504013617.843311
97 0.0038139781855309196 0.29603103625341853 1504013617.843311

98 0 0 1504013618.851882
98 6.635578741460979e-05 0.29609739204083313 1504013618.851882

99 0 0 1504013619.9613702
99 0.004692126237462152 0.30078951827829525 1504013619.9613702

100 0 0 1504013620.969933
100 0.003298012233856687 0.3040875305121519 1504013620.969933

101 0 0 1504013621.978513
101 0.0008070208835032483 0.3048945513956552 1504013621.978513

102 0 0 1504013622.9870899
102 0.00030736166491289463 0.3052019130605681 1504013622.9870899

103 0 0 1504013624.096564
103 0.002539684680979634 0.30774159774154775 1504013624.096564

104 0 0 1504013625.2060218
104 0.0010020140793709081 0.30874361182091864 1504013625.2060218

105 0 0 1504013626.315458
105 0.003330407197769336 0.312074019018688 1504013626.315458

106 0 0 1504013627.424893
106 0.00473682629271216 0.31681084531140014 1504013627.424893

107 0 0 1504013628.534337
107 0.004998491567555038 0.3218093368789552 1504013628.534337

108 0 0 1504013629.643761
108 0.0036839082411154744 0.32549324512007066 1504013629.643761

109 0 0 1504013630.753189
109 0.005068871691753837 0.3305621168118245 1504013630.753189

110 0 0 1504013631.8626392
110 0.0020938511946869826 0.3326559680065115 1504013631.8626392

111 0 0 1504013632.9721138
111 0.00923419740892703 0.3418901654154385 1504013632.9721138

112 0 0 1504013633.9806771
112 0.00690887332073703 0.3487990387361755 1504013633.9806771

113 0 0 1504013635.1909928
113 0.015147793204487225 0.36394683194066274 1504013635.1909928

114 0 0 1504013636.0987258
114 0.0097086755521376 0.37365550749280035 1504013636.0987258

115 0 0 1504013637.208152
115 0.0018882555986898392 0.3755437630914902 1504013637.208152

116 0 0 1504013638.317612
116 0.004943178651799898 0.38048694174329006 1504013638.317612

117 0 0 1504013639.4270442
117 0.0006717466087406282 0.3811586883520307 1504013639.4270442

118 0 0 1504013640.536503
118 0.002537927841366208 0.3836966161933969 1504013640.536503

119 0 0 1504013641.645945
119 0.0004643524529783505 0.3841609686463753 1504013641.645945

120 0 0 1504013642.755392
120 0.0031551618124711633 0.38731613045884644 1504013642.755392

121 0 0 1504013643.864825
121 0.0003043792199938222 0.38762050967884026 1504013643.864825

122 0 0 1504013644.974284
122 0.0055075212700790716 0.39312803094891935 1504013644.974284

123 0 0 1504013646.0837219
123 0.0016745745151661856 0.3948026054640855 1504013646.0837219

124 0 0 1504013647.193175
124 0.004043725698396172 0.3988463311624817 1504013647.193175

125 0 0 1504013648.3026261
125 0.003755217012840484 0.4026015481753222 1504013648.3026261

126 0 0 1504013649.412054
126 0.0038895430742403314 0.4064910912495625 1504013649.412054

127 0 0 1504013650.521503
127 0.001193078153852667 0.4076841694034152 1504013650.521503

128 0 0 1504013651.630947
128 0.006799910075737062 0.4144840794791522 1504013651.630947

129 0 0 1504013652.740396
129 0.0036964872236542323 0.41818056670280646 1504013652.740396

130 0 0 1504013653.7489622
130 0.0015689992511465356 0.41974956595395296 1504013653.7489622

131 0 0 1504013654.7575748
131 0.0027461548788945966 0.4224957208328476 1504013654.7575748

132 0 0 1504013655.766165
132 0.00020256386834108242 0.42269828470118864 1504013655.766165

133 0 0 1504013656.875594
133 0.0009139749800767399 0.42361225968126537 1504013656.875594

134 0 0 1504013657.985056
134 0.009186440508019311 0.4327987001892847 1504013657.985056

135 0 0 1504013658.9936051
135 0.004995577033188953 0.43779427722247366 1504013658.9936051

136 0 0 1504013660.103059
136 2.949259712989316e-06 0.43779722648218666 1504013660.103059

137 0 0 1504013661.1116679
137 0.005177521936737123 0.4429747484189238 1504013661.1116679

138 0 0 1504013662.2210948
138 0.0018792572831065196 0.4448540057020303 1504013662.2210948

139 0 0 1504013663.3305678
139 0.004434395720644108 0.44928840142267445 1504013663.3305678

140 0 0 1504013664.339124
140 0.0001274720241885019 0.44941587344686296 1504013664.339124

141 0 0 1504013665.448564
141 0.0012168841634128125 0.45063275761027577 1504013665.448564

142 0 0 1504013666.557996
142 0.0025678679811321353 0.4532006255914079 1504013666.557996

143 0 0 1504013667.667456
143 0.0008688282584660006 0.4540694538498739 1504013667.667456

144 0 0 1504013668.776911
144 0.0028597074433611147 0.456929161293235 1504013668.776911

145 0 0 1504013669.8863502
145 0.0004251176068185286 0.45735427890005353 1504013669.8863502

146 0 0 1504013670.9958029
146 0.004450188707884939 0.4618044676079385 1504013670.9958029

147 0 0 1504013672.10524
147 0.0019911503969237826 0.46379561800486224 1504013672.10524

148 0 0 1504013673.214695
148 0.0050566636375470875 0.46885228164240933 1504013673.214695

149 0 0 1504013674.324141
149 0.00032432916493708996 0.4691766108073464 1504013674.324141

150 0 0 1504013675.4335518
150 0.005958425431348266 0.4751350362386947 1504013675.4335518

151 0 0 1504013676.543021
151 0.0018011942649416995 0.47693623050363637 1504013676.543021

152 0 0 1504013677.652513
152 0.0027938221088157217 0.4797300526124521 1504013677.652513

153 0 0 1504013678.8627741
153 0.005285566279100359 0.4850156188915525 1504013678.8627741

154 0 0 1504013680.073053
154 0.002893753547572167 0.48790937243912463 1504013680.073053

155 0 0 1504013681.283372
155 0.0006746985910455056 0.48858407103017015 1504013681.283372

156 0 0 1504013682.3928099
156 0.006882407996473258 0.4954664790266434 1504013682.3928099

157 0 0 1504013683.502272
157 0.0041674915510995225 0.49963397057774295 1504013683.502272

158 0 0 1504013684.712548
158 0.005272139109503457 0.5049061096872464 1504013684.712548

159 0 0 1504013685.922871
159 0.004504074318769438 0.5094101840060158 1504013685.922871

160 0 0 1504013687.1331918
160 0.0033552741103238665 0.5127654581163397 1504013687.1331918

161 0 0 1504013688.343488
161 0.004972746590320626 0.5177382047066603 1504013688.343488

162 0 0 1504013689.452917
162 0.0019210672153861658 0.5196592719220465 1504013689.452917

163 0 0 1504013690.5623639
163 0.007843066841821067 0.5275023387638675 1504013690.5623639

164 0 0 1504013691.772697
164 0.006191906060319427 0.5336942448241869 1504013691.772697

165 0 0 1504013692.7812538
165 0.006066259413933156 0.53976050423812 1504013692.7812538

166 0 0 1504013693.890683
166 9.877739070081326e-05 0.5398592816288209 1504013693.890683

167 0 0 1504013695.0001469
167 0.004908009509593081 0.544767291138414 1504013695.0001469



# Distance slam gt + time
0 0.025819374508300803 1504013510.9331782
1 0.02969667489804009 1504013511.7400389
2 0.03229953714838735 1504013512.849487
3 0.030135918768141916 1504013513.8580759
4 0.027592238038984744 1504013514.967516
5 0.027030841644314227 1504013515.9761028
6 0.027086114523866354 1504013516.98469
7 0.02941462221412961 1504013518.094142
8 0.033859841996087166 1504013519.102732
9 0.029964312106237102 1504013520.2121642
10 0.02484892150577047 1504013521.220758
11 0.02892813336529004 1504013522.330204
12 0.031842771550228736 1504013523.33878
13 0.03136772385749534 1504013524.347352
14 0.029422093739229382 1504013525.355964
15 0.034979199533436776 1504013526.465429
16 0.034280182321570374 1504013527.474014
17 0.035919411186711325 1504013528.482578
18 0.0378300726935599 1504013529.592022
19 0.03472635886470037 1504013530.600626
20 0.03721750125948663 1504013531.7100449
21 0.03429449518508734 1504013532.7186828
22 0.03539703518658108 1504013533.828054
23 0.031033923374269794 1504013534.836663
24 0.03178921829803202 1504013535.845248
25 0.036353251573964206 1504013536.9546938
26 0.038692000465212165 1504013538.064121
27 0.03716813285598357 1504013539.17358
28 0.0407216465777117 1504013540.283058
29 0.044621725650179925 1504013541.392467
30 0.050083993451002354 1504013542.5019252
31 0.055650426772846935 1504013543.611358
32 0.058128698592003876 1504013544.619957
33 0.06619977643466746 1504013545.6285539
34 0.07565834322796233 1504013546.738008
35 0.07988844472137412 1504013547.746573
36 0.09201041028057622 1504013548.856034
37 0.10119468810169827 1504013549.965448
38 0.11350381315180637 1504013551.074924
39 0.12783630978716512 1504013552.184358
40 0.14210639288927188 1504013553.2937999
41 0.154213703671237 1504013554.403241
42 0.17187970822642232 1504013555.512684
43 0.1868571446319351 1504013556.723086
44 0.20486925708851483 1504013557.8324459
45 0.22241972686791914 1504013559.042743
46 0.2433885660831255 1504013560.152181
47 0.25946153857556625 1504013561.362493
48 0.2769993220208315 1504013562.5728152
49 0.29608981137486023 1504013563.6822379
50 0.3180885205410599 1504013564.892546
51 0.33411901786638765 1504013566.002013
52 0.3540009831907253 1504013567.2122948
53 0.37029013232869235 1504013568.321737
54 0.3883981386412662 1504013569.532037
55 0.40562176272976275 1504013570.6414778
56 0.41928258919253975 1504013571.751016
57 0.438999616059058 1504013572.8603709
58 0.45345674115619883 1504013574.0706859
59 0.4688136863403203 1504013575.180116
60 0.48470554731713156 1504013576.390409
61 0.5033838908824956 1504013577.4998631
62 0.5157715094884558 1504013578.609308
63 0.5319765592580183 1504013579.718744
64 0.5449617528781259 1504013580.828186
65 0.5589971778998525 1504013581.937639
66 0.5703162021194913 1504013583.04708
67 0.5802495174491745 1504013584.2573838
68 0.5940873744660796 1504013585.3668292
69 0.6062096849275834 1504013586.476287
70 0.6186123083159595 1504013587.5857651
71 0.6300479261929206 1504013588.695162
72 0.644949526707323 1504013589.804738
73 0.6531184672017776 1504013590.914059
74 0.6633274696558256 1504013592.023545
75 0.6724275667311688 1504013593.132958
76 0.6819467314240906 1504013594.242391
77 0.6894959168842127 1504013595.3518279
78 0.6966504177132177 1504013596.360427
79 0.7032741787524969 1504013597.369028
80 0.7072887574392803 1504013598.478434
81 0.7114696604213007 1504013599.4870222
82 0.7196942468854387 1504013600.596491
83 0.7238357649356654 1504013601.705973
84 0.7253881309340541 1504013602.815388
85 0.7266207022924686 1504013603.9248269
86 0.7387697386872307 1504013604.933453
87 0.7337979627254353 1504013606.143735
88 0.7326769356953988 1504013607.152294
89 0.7379713702441311 1504013608.1608808
90 0.7345298450029115 1504013609.270325
91 0.7366415766843466 1504013610.278925
92 0.7393125613703583 1504013611.3883579
93 0.7305898484101727 1504013612.49778
94 0.7322426737769389 1504013613.5063732
95 0.7296290129236915 1504013614.515022
96 0.7205801487690311 1504013615.6244328
97 0.7137351856255925 1504013616.7338471
98 0.7058071482352661 1504013617.843311
99 0.6981716984381421 1504013618.851882
100 0.6857420105258246 1504013619.9613702
101 0.6817257297476761 1504013620.969933
102 0.6713723206239586 1504013621.978513
103 0.6616135652327575 1504013622.9870899
104 0.6522014886520888 1504013624.096564
105 0.6429295291087508 1504013625.2060218
106 0.6328258038354642 1504013626.315458
107 0.6256376866046355 1504013627.424893
108 0.6116679231413059 1504013628.534337
109 0.6036691160727042 1504013629.643761
110 0.5909200965443642 1504013630.753189
111 0.5795552529310727 1504013631.8626392
112 0.5618124829513843 1504013632.9721138
113 0.5532349512639269 1504013633.9806771
114 0.5285841167685614 1504013635.1909928
115 0.5249236794049191 1504013636.0987258
116 0.5144718714371076 1504013637.208152
117 0.49897910858071054 1504013638.317612
118 0.4860190294628378 1504013639.4270442
119 0.4723356046287436 1504013640.536503
120 0.45889299853015914 1504013641.645945
121 0.44170213040011436 1504013642.755392
122 0.43233726522241844 1504013643.864825
123 0.4172649183672165 1504013644.974284
124 0.40756639753541934 1504013646.0837219
125 0.39306780789069923 1504013647.193175
126 0.38388179482752194 1504013648.3026261
127 0.3717722809731783 1504013649.412054
128 0.36425432063326246 1504013650.521503
129 0.34982269852026543 1504013651.630947
130 0.3421776353007311 1504013652.740396
131 0.3352194320143148 1504013653.7489622
132 0.32531695144889083 1504013654.7575748
133 0.31812385072483906 1504013655.766165
134 0.3096755134007209 1504013656.875594
135 0.294582580781688 1504013657.985056
136 0.29160072445040397 1504013658.9936051
137 0.2856453537168079 1504013660.103059
138 0.27463657003392655 1504013661.1116679
139 0.2694994619660679 1504013662.2210948
140 0.2579069446525235 1504013663.3305678
141 0.2486934597049149 1504013664.339124
142 0.2412409793132169 1504013665.448564
143 0.23182105944024978 1504013666.557996
144 0.2247922632120593 1504013667.667456
145 0.215858529829146 1504013668.776911
146 0.20887853144830412 1504013669.8863502
147 0.19597965812808243 1504013670.9958029
148 0.1903164196804885 1504013672.10524
149 0.17797614474979473 1504013673.214695
150 0.17109887813776012 1504013674.324141
151 0.16012004121908008 1504013675.4335518
152 0.1545623615244025 1504013676.543021
153 0.15049858770101548 1504013677.652513
154 0.14765842373532279 1504013678.8627741
155 0.1501864254851279 1504013680.073053
156 0.15951595186688983 1504013681.283372
157 0.16405179944151838 1504013682.3928099
158 0.17325933856505452 1504013683.502272
159 0.1869252107127343 1504013684.712548
160 0.20149229662694265 1504013685.922871
161 0.21707408620100227 1504013687.1331918
162 0.2246359679570483 1504013688.343488
163 0.24929817969652412 1504013689.452917
164 0.26318215289035085 1504013690.5623639
165 0.2763167314876174 1504013691.772697
166 0.29421449658369947 1504013692.7812538
167 0.2974360529592882 1504013693.890683
168 0.30061053141897814 1504013695.0001469


# Displacement mean and std deviation
-0.0007984793977582229 0.004057280521777855

# Displacement mean absolute value and std deviation
0.0032426624472524646 0.0025659763900357643

# Distance to GT
0.30061053141897814

# Orientation to GT
-0.005089380098815323

# Displacement 2d (x and y ) and time
0 0 0 1504013511.7400389
0 0.0015000000000000568 -0.005539999999999878 1504013511.7400389

1 0 0 1504013512.849487
1 0.0033000000000029672 0.0005399999999995408 1504013512.849487

2 0 0 1504013513.8580759
2 -0.0030999999999998806 -0.0010499999999997733 1504013513.8580759

3 0 0 1504013514.967516
3 -0.002700000000000813 0.000520000000000298 1504013514.967516

4 0 0 1504013515.9761028
4 0.0016999999999995907 0.004119999999999457 1504013515.9761028

5 0 0 1504013516.98469
5 -9.999999999976694e-05 -0.00034000000000000696 1504013516.98469

6 0 0 1504013518.094142
6 0.0024999999999995026 -0.0001399999999995849 1504013518.094142

7 0 0 1504013519.102732
7 0.0045000000000001705 -0.0007700000000006035 1504013519.102732

8 0 0 1504013520.2121642
8 -0.0038999999999997925 0.0007700000000006035 1504013520.2121642

9 0 0 1504013521.220758
9 -0.004900000000001015 0.0015700000000000713 1504013521.220758

10 0 0 1504013522.330204
10 0.004000000000001336 -0.001040000000000152 1504013522.330204

11 0 0 1504013523.33878
11 0.0035000000000007248 0.0009799999999997588 1504013523.33878

12 0 0 1504013524.347352
12 -0.0009999999999994458 -0.0013199999999997658 1504013524.347352

13 0 0 1504013525.355964
13 -0.002400000000001512 -0.0006500000000002615 1504013525.355964

14 0 0 1504013526.465429
14 0.006199999999999761 0.00048000000000003595 1504013526.465429

15 0 0 1504013527.474014
15 -0.0007999999999981355 -0.0001500000000000945 1504013527.474014

16 0 0 1504013528.482578
16 0.0010999999999992127 -0.0016799999999994597 1504013528.482578

17 0 0 1504013529.592022
17 0.0008999999999996788 -0.0026700000000001722 1504013529.592022

18 0 0 1504013530.600626
18 -0.002500000000001279 0.0019799999999996487 1504013530.600626

19 0 0 1504013531.7100449
19 0.0025999999999992696 -0.0002799999999996139 1504013531.7100449

20 0 0 1504013532.7186828
20 -0.0012999999999987466 0.004999999999999893 1504013532.7186828

21 0 0 1504013533.828054
21 0.001800000000001134 0.002689999999999859 1504013533.828054

22 0 0 1504013534.836663
22 -0.0038000000000000256 0.00411000000000028 1504013534.836663

23 0 0 1504013535.845248
23 0.0007999999999981355 0.00525999999999982 1504013535.845248

24 0 0 1504013536.9546938
24 0.0038000000000000256 0.005450000000000177 1504013536.9546938

25 0 0 1504013538.064121
25 0.002000000000000668 0.0017000000000000348 1504013538.064121

26 0 0 1504013539.17358
26 -0.004199999999999093 0.006979999999999986 1504013539.17358

27 0 0 1504013540.283058
27 0.002200000000000202 0.0034399999999998876 1504013540.283058

28 0 0 1504013541.392467
28 -0.0014000000000020663 0.008830000000000116 1504013541.392467

29 0 0 1504013542.5019252
29 0.005300000000001859 0.0021399999999998087 1504013542.5019252

30 0 0 1504013543.611358
30 0.00019999999999953388 0.008179999999999854 1504013543.611358

31 0 0 1504013544.619957
31 -0.0017999999999993577 0.005059999999999842 1504013544.619957

32 0 0 1504013545.6285539
32 -0.004100000000001103 0.012820000000000054 1504013545.6285539

33 0 0 1504013546.738008
33 0.008300000000001972 0.005950000000000344 1504013546.738008

34 0 0 1504013547.746573
34 -0.002500000000001279 0.006510000000000016 1504013547.746573

35 0 0 1504013548.856034
35 0.007399999999998741 0.009720000000000173 1504013548.856034

36 0 0 1504013549.965448
36 -0.0004999999999988347 0.010769999999999502 1504013549.965448

37 0 0 1504013551.074924
37 0.0057000000000009265 0.01091000000000042 1504013551.074924

38 0 0 1504013552.184358
38 -0.002000000000000668 0.01676999999999973 1504013552.184358

39 0 0 1504013553.2937999
39 0.006999999999999673 0.012520000000000309 1504013553.2937999

40 0 0 1504013554.403241
40 0.004400000000000404 0.0112899999999998 1504013554.403241

41 0 0 1504013555.512684
41 0.007799999999999585 0.01587000000000005 1504013555.512684

42 0 0 1504013556.723086
42 0.004999999999999005 0.01415999999999995 1504013556.723086

43 0 0 1504013557.8324459
43 0.004400000000000404 0.01770000000000005 1504013557.8324459

44 0 0 1504013559.042743
44 0.004999999999999005 0.016919999999999824 1504013559.042743

45 0 0 1504013560.152181
45 0.00840000000000174 0.019219999999999793 1504013560.152181

46 0 0 1504013561.362493
46 0.007699999999999818 0.014210000000000278 1504013561.362493

47 0 0 1504013562.5728152
47 0.008100000000000662 0.01562000000000019 1504013562.5728152

48 0 0 1504013563.6822379
48 0.011200000000000543 0.015959999999999752 1504013563.6822379

49 0 0 1504013564.892546
49 0.006199999999999761 0.02129000000000003 1504013564.892546

50 0 0 1504013566.002013
50 0.010199999999997544 0.013039999999999718 1504013566.002013

51 0 0 1504013567.2122948
51 0.010900000000001242 0.01690000000000058 1504013567.2122948

52 0 0 1504013568.321737
52 0.007900000000001128 0.01429999999999998 1504013568.321737

53 0 0 1504013569.532037
53 0.012599999999999056 0.014100000000000001 1504013569.532037

54 0 0 1504013570.6414778
54 0.007699999999999818 0.015409999999999702 1504013570.6414778

55 0 0 1504013571.751016
55 0.01019999999999932 0.010240000000000471 1504013571.751016

56 0 0 1504013572.8603709
56 0.01630000000000109 0.013869999999999827 1504013572.8603709

57 0 0 1504013574.0706859
57 0.009299999999999642 0.011459999999999582 1504013574.0706859

58 0 0 1504013575.180116
58 0.012100000000000222 0.010960000000000303 1504013575.180116

59 0 0 1504013576.390409
59 0.013700000000000045 0.010609999999999786 1504013576.390409

60 0 0 1504013577.4998631
60 0.009299999999999642 0.016200000000000436 1504013577.4998631

61 0 0 1504013578.609308
61 0.015600000000000946 0.005339999999999456 1504013578.609308

62 0 0 1504013579.718744
62 0.010599999999998388 0.01256000000000057 1504013579.718744

63 0 0 1504013580.828186
63 0.012299999999999756 0.007749999999999702 1504013580.828186

64 0 0 1504013581.937639
64 0.011400000000000077 0.009459999999999802 1504013581.937639

65 0 0 1504013583.04708
65 0.007900000000001128 0.008410000000000473 1504013583.04708

66 0 0 1504013584.2573838
66 0.011379999999999058 0.004529999999999923 1504013584.2573838

67 0 0 1504013585.3668292
67 0.00838000000000072 0.011059999999999626 1504013585.3668292

68 0 0 1504013586.476287
68 0.013049999999999784 0.005930000000000213 1504013586.476287

69 0 0 1504013587.5857651
69 0.010749999999999815 0.007719999999999949 1504013587.5857651

70 0 0 1504013588.695162
70 0.010670000000001068 0.006559999999999455 1504013588.695162

71 0 0 1504013589.804738
71 0.01080999999999932 0.010640000000000427 1504013589.804738

72 0 0 1504013590.914059
72 0.009949999999999903 0.002989999999999604 1504013590.914059

73 0 0 1504013592.023545
73 0.010089999999999932 0.005330000000000723 1504013592.023545

74 0 0 1504013593.132958
74 0.012520000000000309 0.0021100000000000563 1504013593.132958

75 0 0 1504013594.242391
75 0.0058400000000009555 0.007519999999999527 1504013594.242391

76 0 0 1504013595.3518279
76 0.009909999999999641 0.002000000000000668 1504013595.3518279

77 0 0 1504013596.360427
77 0.006529999999999703 0.0040199999999996905 1504013596.360427

78 0 0 1504013597.369028
78 0.007739999999998304 0.0023999999999997357 1504013597.369028

79 0 0 1504013598.478434
79 0.008660000000002555 -0.0016899999999999693 1504013598.478434

80 0 0 1504013599.4870222
80 0.0025800000000000267 0.003289999999999793 1504013599.4870222

81 0 0 1504013600.596491
81 0.006949999999998013 0.004979999999999762 1504013600.596491

82 0 0 1504013601.705973
82 0.0032800000000001717 0.002680000000000682 1504013601.705973

83 0 0 1504013602.815388
83 0.0024300000000003763 4.000000000026205e-05 1504013602.815388

84 0 0 1504013603.9248269
84 0.0017899999999997362 0.000140000000000029 1504013603.9248269

85 0 0 1504013604.933453
85 0.003470000000000084 0.012789999999998969 1504013604.933453

86 0 0 1504013606.143735
86 0.0056600000000006645 -0.010970000000000368 1504013606.143735

87 0 0 1504013607.152294
87 -0.002380000000000493 0.0005000000000006111 1504013607.152294

88 0 0 1504013608.1608808
88 -0.002929999999999211 0.009170000000000122 1504013608.1608808

89 0 0 1504013609.270325
89 0.0029300000000009874 -0.006780000000000008 1504013609.270325

90 0 0 1504013610.278925
90 0.0006899999999987472 0.0021599999999999397 1504013610.278925

91 0 0 1504013611.3883579
91 0.000700000000000145 0.002869999999999706 1504013611.3883579

92 0 0 1504013612.49778
92 -1.7763568394002505e-15 -0.01125999999999916 1504013612.49778

93 0 0 1504013613.5063732
93 -0.005619999999998626 0.006709999999999994 1504013613.5063732

94 0 0 1504013614.515022
94 -0.0055499999999995 0.0010899999999995913 1504013614.515022

95 0 0 1504013615.6244328
95 -0.007900000000001128 -0.005290000000000461 1504013615.6244328

96 0 0 1504013616.7338471
96 -0.012119999999999465 0.0007399999999995188 1504013616.7338471

97 0 0 1504013617.843311
97 -0.006149999999999878 -0.005279999999999951 1504013617.843311

98 0 0 1504013618.851882
98 -0.009740000000000748 -0.0022199999999985565 1504013618.851882

99 0 0 1504013619.9613702
99 -0.011200000000000543 -0.007169999999999455 1504013619.9613702

100 0 0 1504013620.969933
100 -0.008559999999997459 0.0012599999999993727 1504013620.969933

101 0 0 1504013621.978513
101 -0.012390000000001677 -0.0039000000000006807 1504013621.978513

102 0 0 1504013622.9870899
102 -0.012759999999998328 -0.0030400000000003757 1504013622.9870899

103 0 0 1504013624.096564
103 -0.00899000000000072 -0.005279999999999063 1504013624.096564

104 0 0 1504013625.2060218
104 -0.012719999999999843 -0.002700000000000813 1504013625.2060218

105 0 0 1504013626.315458
105 -0.008689999999999642 -0.0064099999999989166 1504013626.315458

106 0 0 1504013627.424893
106 -0.013930000000001996 0.000280000000000058 1504013627.424893

107 0 0 1504013628.534337
107 -0.011720000000000397 -0.009210000000001273 1504013628.534337

108 0 0 1504013629.643761
108 -0.013919999999998822 -0.0010499999999993292 1504013629.643761

109 0 0 1504013630.753189
109 -0.00972999999999935 -0.00910999999999973 1504013630.753189

110 0 0 1504013631.8626392
110 -0.016220000000000567 -0.003970000000000695 1504013631.8626392

111 0 0 1504013632.9721138
111 -0.010820000000000718 -0.014319999999999666 1504013632.9721138

112 0 0 1504013633.9806771
112 -0.017989999999999284 -0.00032000000000032003 1504013633.9806771

113 0 0 1504013635.1909928
113 -0.011720000000000397 -0.021699999999999164 1504013635.1909928

114 0 0 1504013636.0987258
114 -0.015150000000000219 0.0032399999999981333 1504013636.0987258

115 0 0 1504013637.208152
115 -0.014089999999999492 -0.005099999999998772 1504013637.208152

116 0 0 1504013638.317612
116 -0.011649999999999494 -0.011839999999999407 1504013638.317612

117 0 0 1504013639.4270442
117 -0.015550000000001063 -0.007610000000001449 1504013639.4270442

118 0 0 1504013640.536503
118 -0.012399999999999523 -0.009859999999997981 1504013640.536503

119 0 0 1504013641.645945
119 -0.014509999999999579 -0.009000000000000341 1504013641.645945

120 0 0 1504013642.755392
120 -0.015780000000001237 -0.012790000000000745 1504013642.755392

121 0 0 1504013643.864825
121 -0.009649999999999714 -0.006759999999999877 1504013643.864825

122 0 0 1504013644.974284
122 -0.00941999999999954 -0.012900000000000134 1504013644.974284

123 0 0 1504013646.0837219
123 -0.012329999999999508 -0.006600000000000605 1504013646.0837219

124 0 0 1504013647.193175
124 -0.010320000000000107 -0.012299999999999756 1504013647.193175

125 0 0 1504013648.3026261
125 -0.014280000000000292 -0.006099999999999994 1504013648.3026261

126 0 0 1504013649.412054
126 -0.007509999999999906 -0.010799999999999699 1504013649.412054

127 0 0 1504013650.521503
127 -0.009179999999999744 -0.00590000000000046 1504013650.521503

128 0 0 1504013651.630947
128 -0.006010000000000737 -0.013599999999998502 1504013651.630947

129 0 0 1504013652.740396
129 -0.012689999999999202 -0.0058000000000006935 1504013652.740396

130 0 0 1504013653.7489622
130 -0.009050000000000225 -0.00590000000000046 1504013653.7489622

131 0 0 1504013654.7575748
131 -0.006410000000000693 -0.009299999999999642 1504013654.7575748

132 0 0 1504013655.766165
132 -0.007449999999998624 -0.006600000000000605 1504013655.766165

133 0 0 1504013656.875594
133 -0.009820000000000384 -0.007899999999999352 1504013656.875594

134 0 0 1504013657.985056
134 -0.0026900000000003033 -0.015000000000000568 1504013657.985056

135 0 0 1504013658.9936051
135 -0.009719999999999729 -0.0027999999999988034 1504013658.9936051

136 0 0 1504013660.103059
136 -0.0057400000000003 -0.006000000000000227 1504013660.103059

137 0 0 1504013661.1116679
137 -0.003569999999999851 -0.011100000000000776 1504013661.1116679

138 0 0 1504013662.2210948
138 -0.00774000000000008 -0.005499999999999616 1504013662.2210948

139 0 0 1504013663.3305678
139 -0.005209999999999937 -0.012000000000000455 1504013663.3305678

140 0 0 1504013664.339124
140 -0.009019999999999584 -0.01019999999999932 1504013664.339124

141 0 0 1504013665.448564
141 -0.009380000000001054 -0.008900000000000574 1504013665.448564

142 0 0 1504013666.557996
142 -0.0055499999999995 -0.010600000000000165 1504013666.557996

143 0 0 1504013667.667456
143 -0.008479999999999599 -0.009100000000000108 1504013667.667456

144 0 0 1504013668.776911
144 -0.004390000000000782 -0.010399999999998855 1504013668.776911

145 0 0 1504013669.8863502
145 -0.008099999999999774 -0.009800000000000253 1504013669.8863502

146 0 0 1504013670.9958029
146 -0.00788999999999973 -0.01670000000000016 1504013670.9958029

147 0 0 1504013672.10524
147 -0.010939999999999728 -0.011200000000000543 1504013672.10524

148 0 0 1504013673.214695
148 -0.007550000000000168 -0.018299999999999983 1504013673.214695

149 0 0 1504013674.324141
149 -0.010779999999999568 -0.015699999999998937 1504013674.324141

150 0 0 1504013675.4335518
150 -0.006050000000000111 -0.01950000000000074 1504013675.4335518

151 0 0 1504013676.543021
151 -0.009700000000000486 -0.018499999999999517 1504013676.543021

152 0 0 1504013677.652513
152 -0.009630000000000472 -0.02069999999999972 1504013677.652513

153 0 0 1504013678.8627741
153 -0.008939999999999948 -0.02490000000000059 1504013678.8627741

154 0 0 1504013680.073053
154 -0.009169999999999234 -0.02260000000000062 1504013680.073053

155 0 0 1504013681.283372
155 -0.012150000000000105 -0.022199999999999775 1504013681.283372

156 0 0 1504013682.3928099
156 -0.0039000000000006807 -0.024100000000000676 1504013682.3928099

157 0 0 1504013683.502272
157 -0.005489999999999995 -0.022999999999999687 1504013683.502272

158 0 0 1504013684.712548
158 -0.005899999999999572 -0.027300000000000324 1504013684.712548

159 0 0 1504013685.922871
159 -0.004539999999999544 -0.02549999999999919 1504013685.922871

160 0 0 1504013687.1331918
160 -0.00451000000000068 -0.0235000000000003 1504013687.1331918

161 0 0 1504013688.343488
161 0.00025999999999992696 -0.013999999999999346 1504013688.343488

162 0 0 1504013689.452917
162 -0.008269999999999555 -0.029700000000001836 1504013689.452917

163 0 0 1504013690.5623639
163 0.0030200000000002447 -0.0240999999999989 1504013690.5623639

164 0 0 1504013691.772697
164 0.0018499999999992411 -0.02009999999999934 1504013691.772697

165 0 0 1504013692.7812538
165 -0.008089999999999264 -0.016799999999999926 1504013692.7812538

166 0 0 1504013693.890683
166 -0.000440000000000218 -0.003900000000001569 1504013693.890683

167 0 0 1504013695.0001469
167 0.0042999999999997485 -0.007799999999999585 1504013695.0001469



# Displacement mean 2d values
-0.21483999999999792 -0.222090000000001