# SLAM - pose_x pose_y orientation time
0 4.08123 12.9406 3.10849 1504013869.8591163
1 4.2544 12.896 -3.12498 1504013871.0642838
2 4.37033 12.8806 3.12777 1504013872.2696302
3 4.45678 12.8094 3.05153 1504013873.4755657
4 4.59554 12.8443 3.06258 1504013874.680896
5 4.66568 12.8055 3.01874 1504013875.8858023
6 4.77683 12.767 2.98744 1504013877.0908818
7 4.87203 12.7185 2.94814 1504013878.2960424
8 5.02878 12.7307 2.94397 1504013879.9028413
9 5.12936 12.6674 2.891 1504013881.1098933
10 5.19838 12.5891 2.83784 1504013882.3153675
11 5.2901 12.5621 2.8231 1504013883.5220375
12 5.3822 12.4911 2.77489 1504013884.7277212
13 5.4716 12.4406 2.72391 1504013885.933267
14 5.56195 12.3756 2.70015 1504013887.1387844
15 5.65897 12.3309 2.67457 1504013888.3440282
16 5.74665 12.2362 2.64606 1504013889.5499961
17 5.84641 12.2146 2.63129 1504013890.755441
18 5.9124 12.1217 2.59602 1504013891.9606888
19 6.00712 12.0759 2.57529 1504013893.166043
20 6.10321 11.9711 2.5421 1504013894.3728855
21 6.15452 11.8969 2.50192 1504013895.578913
22 6.2534 11.8459 2.50435 1504013896.7840927
23 6.33579 11.7597 2.47125 1504013897.990519
24 6.47615 11.7188 2.4866 1504013899.1956108
25 6.52091 11.6124 2.43564 1504013900.401105
26 6.58031 11.5065 2.40912 1504013901.6067894
27 6.70349 11.4727 2.41094 1504013902.8118954
28 6.7406 11.3552 2.35968 1504013904.0170949
29 6.87058 11.2772 2.37041 1504013905.2223592
30 6.95143 11.1538 2.35678 1504013906.4278011
31 7.04826 11.1145 2.35647 1504013907.635099
32 7.12462 11.0083 2.33763 1504013908.840328
33 7.21128 10.9359 2.31592 1504013910.0454915
34 7.2994 10.8689 2.32998 1504013911.2511
35 7.37571 10.771 2.30016 1504013912.4565024
36 7.44015 10.6796 2.28967 1504013913.6621933
37 7.56037 10.6152 2.29843 1504013914.8682976
38 7.5808 10.4957 2.2616 1504013916.0732367
39 7.63737 10.3891 2.23832 1504013917.278391
40 7.7707 10.3112 2.25078 1504013918.4833868
41 7.88756 10.2668 2.25966 1504013919.6893144
42 7.85965 10.0942 2.1794 1504013920.8949847
43 8.0284 10.0324 2.2212 1504013922.1002977
44 8.09279 9.98823 2.21194 1504013923.305513
45 8.21904 9.94475 2.21759 1504013924.5107963
46 8.33768 9.86831 2.243 1504013925.717356
47 8.27946 9.69765 2.16132 1504013926.9241574
48 8.40368 9.67588 2.17785 1504013928.130182
49 8.48169 9.5498 2.1593 1504013929.3358839
50 8.5641 9.46648 2.14311 1504013930.5416324
51 8.57198 9.34238 2.10816 1504013931.747548
52 8.60793 9.223 2.08053 1504013932.9537535
53 8.63599 9.11937 2.03921 1504013934.1589875
54 8.64339 9.19161 2.0328 1504013935.3640423
55 8.70698 9.11933 2.04333 1504013936.5698311
56 8.76533 8.80493 2.01244 1504013937.776418
57 8.80875 8.77472 2.05696 1504013938.9818587
58 8.9089 8.54035 2.01297 1504013940.1886365
59 8.91846 8.45766 1.98758 1504013941.3944783
60 8.93002 8.36359 1.94874 1504013942.6001256
61 8.97456 8.42332 1.95471 1504013943.8057702
62 9.02034 8.35111 1.94965 1504013945.0111537
63 9.0731 8.18189 1.95155 1504013946.2162955
64 9.12369 8.2033 1.95013 1504013947.4216835
65 9.13293 8.09666 1.92548 1504013948.6273088
66 9.21625 7.89605 1.93837 1504013949.8326106
67 9.26426 7.71901 1.92672 1504013951.037959
68 9.31492 7.67311 1.93411 1504013952.2429702
69 9.40835 7.60721 1.95676 1504013953.4481313
70 9.42225 7.44558 1.92285 1504013954.6537182
71 9.40049 7.55576 1.89464 1504013955.8588822
72 9.46321 7.44067 1.904 1504013957.0642223
73 9.573 7.1927 1.93897 1504013958.2707467
74 9.61163 7.20268 1.9427 1504013959.47596
75 9.59152 7.12523 1.91571 1504013960.6817527
76 9.64922 7.00925 1.91975 1504013961.8874686
77 9.74078 6.92506 1.96336 1504013963.0954473
78 9.72916 6.71743 1.93077 1504013964.301639
79 9.79593 6.67615 1.95146 1504013965.5068123
80 9.87023 6.58149 1.98212 1504013966.7133899
81 9.94236 6.58337 2.13252 1504013967.9187596
82 9.77136 6.27447 1.87907 1504013969.1246107
83 9.88465 6.18305 1.91655 1504013970.3300915
84 9.95215 6.10169 1.94519 1504013971.535631
85 10.0895 6.05997 2.01568 1504013972.7404666
86 10.0426 5.88503 1.93163 1504013973.9469872
87 10.2047 5.7388 1.99332 1504013975.1523077
88 10.2558 5.63224 2.00882 1504013976.3578274
89 10.3666 5.61237 2.0448 1504013977.563006
90 10.3163 5.53171 1.99761 1504013978.7691915
91 10.6146 5.49223 2.15209 1504013979.9742422
92 10.5405 5.33418 2.08481 1504013981.1793761
93 10.6733 5.23692 2.09829 1504013982.384585
94 10.7625 5.1797 2.14467 1504013983.5907261
95 10.8779 5.09766 2.19032 1504013984.7960248
96 10.9911 5.0375 2.18058 1504013986.0014246
97 10.9624 4.93327 2.20982 1504013987.2066617
98 11.1865 4.87245 2.22664 1504013988.4116802
99 11.1787 4.77231 2.23694 1504013989.6176977
100 11.3257 4.72963 2.24562 1504013990.8229675
101 11.4186 4.63752 2.26914 1504013992.0291624
102 11.6104 4.55744 2.35929 1504013993.2353222
103 11.6082 4.47601 2.35095 1504013994.4403577
104 11.7808 4.41011 2.37501 1504013995.645878
105 11.8388 4.39165 2.3768 1504013996.850874
106 11.9682 4.31801 2.40936 1504013998.0561788
107 12.0483 4.30557 2.42193 1504013999.2613943
108 12.1642 4.2474 2.45121 1504014000.4664233
109 12.3974 4.16154 2.46454 1504014001.6717649
110 12.3417 4.21798 2.53289 1504014002.877077
111 12.4308 4.16792 2.55687 1504014004.0825083
112 12.5754 4.13921 2.60514 1504014005.2877743
113 12.5774 4.07439 2.61135 1504014006.4931996
114 12.6648 4.03994 2.65057 1504014008.1006334
115 12.7339 4.00493 2.67473 1504014009.3056765
116 12.8897 4.03237 2.71594 1504014010.5111234
117 12.9858 3.98923 2.74782 1504014011.7162583
118 13.1353 3.99682 2.81091 1504014013.3239625
119 13.2741 4.05646 2.86948 1504014014.5298474
120 13.3659 3.99873 2.8247 1504014015.7362456
121 13.3707 3.94316 2.8461 1504014016.9421887
122 13.5581 4.01287 2.92549 1504014018.1478577
123 13.6961 3.99442 2.92718 1504014019.3545156
124 13.8263 3.99489 2.95433 1504014020.5623078
125 13.9763 3.97507 2.95934 1504014021.7675912
126 14.081 3.97598 2.9679 1504014022.9728227
127 14.197 3.98419 2.98693 1504014024.1776915
128 14.3328 4.00597 2.99344 1504014025.3833876
129 14.4532 3.98421 3.01288 1504014026.5888605
130 14.5602 3.96968 3.00969 1504014027.794744
131 14.667 3.98691 3.01461 1504014028.9998994
132 14.8191 4.03408 3.0424 1504014030.2049825
133 14.9115 4.03657 3.03802 1504014031.409918
134 15.0347 4.01412 3.02736 1504014032.6149786
135 15.1366 3.99145 3.00817 1504014033.8205335
136 15.242 3.99186 3.00669 1504014035.0259483
137 15.3928 4.03211 3.03479 1504014036.2309754
138 15.5049 4.01775 3.03279 1504014037.4364243
139 15.6169 3.9881 3.02735 1504014038.6414268
140 15.7429 3.97986 3.02744 1504014039.847413
141 15.8074 3.94296 2.9995 1504014041.0526192
142 15.9343 3.94969 3.00265 1504014042.259021
143 16.1209 3.93136 2.99227 1504014043.4646807
144 16.2311 3.94282 3.00708 1504014044.66984
145 16.3494 3.92642 2.99719 1504014045.8749776
146 16.4532 3.90392 3.01022 1504014047.0801601
147 16.5847 3.96554 3.026 1504014048.285313
148 16.6415 3.82959 2.95988 1504014049.4923
149 16.8187 3.84301 2.96397 1504014050.6978023
150 16.9511 3.80679 2.97206 1504014051.9034293
151 17.0969 3.87249 3.01324 1504014053.1086226
152 17.2065 3.80463 2.98706 1504014054.3155138
153 17.3322 3.81499 3.0014 1504014055.5211232
154 17.4357 3.78502 2.98485 1504014056.7272792
155 17.5514 3.82474 3.01153 1504014057.9330673
156 17.663 3.81482 3.01593 1504014059.1389892
157 17.7886 3.82974 3.02592 1504014060.3442798
158 17.8748 3.84329 3.00796 1504014061.5502803
159 18.0144 3.78505 2.98603 1504014062.7554317
160 18.1359 3.83561 3.00926 1504014063.9612691
161 18.2595 3.81394 3.00386 1504014064.7648418


# GT - pose_x pose_y orientation time
0 4.1179 12.9202 3.1091 1504013869.831229
1 4.2475 12.9186 3.099 1504013871.0863867
2 4.3641 12.9111 3.0816 1504013872.285902
3 4.4834 12.9085 3.0563 1504013873.487258
4 4.597 12.8899 3.0248 1504013874.6879816
5 4.6978 12.8763 2.9957 1504013875.8856914
6 4.802 12.8622 2.9657 1504013877.0855904
7 4.9035 12.8397 2.933 1504013878.2877936
8 5.0356 12.807 2.8901 1504013879.9111059
9 5.1371 12.7799 2.8579 1504013881.1115627
10 5.2369 12.7491 2.8254 1504013882.3098903
11 5.3384 12.7139 2.7923 1504013883.5083714
12 5.4386 12.6754 2.7585 1504013884.7108605
13 5.5367 12.6338 2.7253 1504013885.912004
14 5.6373 12.5878 2.6922 1504013887.1670198
15 5.7342 12.5391 2.6618 1504013888.3659801
16 5.8302 12.4876 2.6333 1504013889.5675743
17 5.927 12.4325 2.607 1504013890.768547
18 6.0238 12.3737 2.5812 1504013891.9671001
19 6.1183 12.3124 2.5572 1504013893.1658201
20 6.2108 12.2503 2.535 1504013894.3676183
21 6.3036 12.1839 2.5137 1504013895.5689921
22 6.399 12.1164 2.4932 1504013896.7669811
23 6.4895 12.0484 2.4764 1504013897.9650598
24 6.5819 11.977 2.4583 1504013899.167118
25 6.6779 11.8998 2.4403 1504013900.4295378
26 6.7697 11.8233 2.4235 1504013901.6269813
27 6.858 11.7448 2.4084 1504013902.8247933
28 6.946 11.6647 2.3954 1504013904.0269823
29 7.0301 11.5869 2.3855 1504013905.2296445
30 7.1168 11.5029 2.3754 1504013906.4264634
31 7.2002 11.4216 2.3666 1504013907.6251075
32 7.2843 11.336 2.3571 1504013908.8272438
33 7.367 11.2528 2.3472 1504013910.0289474
34 7.4525 11.1643 2.3355 1504013911.226901
35 7.5394 11.072 2.324 1504013912.4853687
36 7.6196 10.9844 2.3128 1504013913.6861587
37 7.6994 10.8965 2.3022 1504013914.8886828
38 7.7776 10.8062 2.2922 1504013916.087256
39 7.8526 10.7188 2.281 1504013917.2848315
40 7.929 10.6294 2.2683 1504013918.485907
41 8.0038 10.5384 2.2541 1504013919.6872816
42 8.0761 10.4465 2.2387 1504013920.887628
43 8.148 10.353 2.2219 1504013922.0859404
44 8.2164 10.2609 2.2051 1504013923.2864773
45 8.2839 10.1674 2.1882 1504013924.4885778
46 8.3497 10.0727 2.171 1504013925.6877587
47 8.417 9.9719 2.1522 1504013926.9488611
48 8.4816 9.8751 2.1331 1504013928.1479611
49 8.5429 9.7782 2.1143 1504013929.3495889
50 8.6087 9.6685 2.0926 1504013930.5496814
51 8.6615 9.5762 2.073 1504013931.7484815
52 8.7217 9.4698 2.0522 1504013932.9487362
53 8.775 9.3679 2.0333 1504013934.1498294
54 8.8215 9.2713 2.0149 1504013935.350137
55 8.8709 9.1642 1.9977 1504013936.5479665
56 8.9192 9.058 1.9831 1504013937.7478905
57 8.9675 8.9491 1.969 1504013939.0064387
58 9.0136 8.8388 1.9538 1504013940.207756
59 9.0553 8.7323 1.9394 1504013941.4054303
60 9.0957 8.6282 1.925 1504013942.6044762
61 9.1399 8.5032 1.9101 1504013943.8060393
62 9.1789 8.3851 1.8983 1504013945.0075712
63 9.2127 8.2773 1.8892 1504013946.2057745
64 9.2484 8.1635 1.8822 1504013947.4043884
65 9.2825 8.0542 1.8766 1504013948.6056437
66 9.3176 7.9406 1.8712 1504013949.806394
67 9.3537 7.8238 1.8648 1504013951.066514
68 9.3896 7.7082 1.8582 1504013952.264769
69 9.4246 7.5928 1.8514 1504013953.466051
70 9.4566 7.4826 1.8457 1504013954.6676345
71 9.4883 7.3648 1.8427 1504013955.8664765
72 9.5232 7.2378 1.8421 1504013957.064585
73 9.5541 7.1262 1.844 1504013958.2664907
74 9.5863 7.0114 1.8469 1504013959.4677699
75 9.618 6.8992 1.851 1504013960.666253
76 9.6508 6.7826 1.855 1504013961.864335
77 9.6826 6.6703 1.8592 1504013963.06629
78 9.717 6.5497 1.8652 1504013964.3286042
79 9.7508 6.4374 1.873 1504013965.5262856
80 9.7863 6.3184 1.8828 1504013966.7242532
81 9.8217 6.2044 1.8941 1504013967.9261606
82 9.8605 6.091 1.9063 1504013969.1279082
83 9.9032 5.9791 1.9197 1504013970.3259244
84 9.9466 5.8678 1.9338 1504013971.5237088
85 9.99 5.7613 1.9476 1504013972.7246814
86 10.0328 5.6539 1.9613 1504013973.9271526
87 10.0787 5.5469 1.9753 1504013975.125557
88 10.1298 5.4349 1.9915 1504013976.3862476
89 10.1767 5.3308 2.0086 1504013977.5874696
90 10.2266 5.2249 2.0284 1504013978.7891302
91 10.2768 5.1226 2.0505 1504013979.9896278
92 10.3298 5.0206 2.076 1504013981.1875832
93 10.3824 4.9234 2.1024 1504013982.3873158
94 10.4377 4.8267 2.1297 1504013983.5896397
95 10.4973 4.7307 2.1559 1504013984.78784
96 10.5605 4.6374 2.1805 1504013985.9866886
97 10.6224 4.5483 2.2038 1504013987.1876855
98 10.691 4.4556 2.2277 1504013988.3892837
99 10.7601 4.3681 2.2513 1504013989.6462839
100 10.8359 4.2773 2.278 1504013990.8442674
101 10.908 4.195 2.3038 1504013992.0441709
102 10.9834 4.1125 2.3311 1504013993.2456284
103 11.0601 4.0319 2.358 1504013994.4455283
104 11.1395 3.9531 2.3871 1504013995.6447213
105 11.2185 3.8783 2.4176 1504013996.844172
106 11.3018 3.8047 2.4513 1504013998.0455093
107 11.3868 3.7373 2.4816 1504013999.2461243
108 11.4718 3.6735 2.5132 1504014000.4430637
109 11.5562 3.6137 2.5457 1504014001.6429453
110 11.649 3.5521 2.5811 1504014002.9070282
111 11.7353 3.4986 2.6143 1504014004.1063282
112 11.8251 3.4471 2.6498 1504014005.3051949
113 11.922 3.3956 2.6855 1504014006.5028253
114 12.0429 3.3392 2.7337 1504014008.122601
115 12.1407 3.2978 2.7702 1504014009.32538
116 12.238 3.2613 2.8042 1504014010.525738
117 12.3373 3.2262 2.8359 1504014011.7246156
118 12.4774 3.1823 2.8795 1504014013.347549
119 12.5838 3.1527 2.9079 1504014014.545761
120 12.6882 3.1267 2.9357 1504014015.7473164
121 12.7979 3.1051 2.9646 1504014016.950354
122 12.9034 3.0878 2.9909 1504014018.147026
123 13.0223 3.0692 3.0154 1504014019.3459346
124 13.1373 3.0545 3.0346 1504014020.547648
125 13.2583 3.0396 3.0509 1504014021.749701
126 13.3747 3.029 3.0658 1504014022.9472718
127 13.5022 3.0196 3.0792 1504014024.2030215
128 13.6169 3.0135 3.0902 1504014025.4045968
129 13.7398 3.008 3.1003 1504014026.6068902
130 13.851 3.0048 3.106 1504014027.804638
131 13.9707 3.0009 3.1088 1504014029.0022192
132 14.0878 2.9986 3.11 1504014030.2046611
133 14.2101 2.9941 3.109 1504014031.4065962
134 14.334 2.9904 3.108 1504014032.605286
135 14.4572 2.9872 3.1073 1504014033.8025856
136 14.5767 2.9832 3.1048 1504014035.004644
137 14.6977 2.9788 3.103 1504014036.2065902
138 14.8158 2.972 3.1009 1504014037.4652388
139 14.933 2.9652 3.0993 1504014038.663211
140 15.0551 2.9597 3.0967 1504014039.8642561
141 15.1788 2.9552 3.0906 1504014041.0653028
142 15.2946 2.9472 3.0931 1504014042.264717
143 15.4133 2.9403 3.0932 1504014043.4622362
144 15.5312 2.934 3.0924 1504014044.6631117
145 15.6511 2.9267 3.0915 1504014045.8645792
146 15.7708 2.9207 3.0903 1504014047.0640266
147 15.8898 2.9156 3.0887 1504014048.2622747
148 16.0122 2.911 3.0868 1504014049.5222301
149 16.1373 2.9043 3.0847 1504014050.7245145
150 16.269 2.8965 3.0821 1504014051.9252307
151 16.3795 2.8884 3.0803 1504014053.1224277
152 16.5021 2.878 3.0797 1504014054.3227415
153 16.6251 2.8687 3.0806 1504014055.5243711
154 16.7396 2.86 3.0828 1504014056.7244916
155 16.8563 2.8532 3.0855 1504014057.9224806
156 16.9753 2.8449 3.0877 1504014059.1225839
157 17.0942 2.8389 3.0898 1504014060.3243482
158 17.2117 2.8334 3.0906 1504014061.5244446
159 17.3418 2.8287 3.0888 1504014062.7858522
160 17.4668 2.8244 3.0864 1504014063.9860685
161 17.5884 2.8191 3.0833 1504014064.764789


# Displacement and sum and time
0 0 0 1504013871.0642838
0 -0.7017375510323537 -0.7017375510323537 1504013871.0642838

1 0 0 1504013872.2696302
1 0.8487012553672829 0.14696370433492922 1504013872.2696302

2 0 0 1504013873.4755657
2 -0.16003272977386332 -0.013069025438934095 1504013873.4755657

3 0 0 1504013874.680896
3 0.13367476741024528 0.12060574197131119 1504013874.680896

4 0 0 1504013875.8858023
4 -0.046307075713912765 0.07429866625739842 1504013875.8858023

5 0 0 1504013877.0908818
5 -0.004084070449668381 0.07021459580773004 1504013877.0908818

6 0 0 1504013878.2960424
6 -0.02073451151369174 0.0494800842940383 1504013878.2960424

7 0 0 1504013879.9028413
7 0.12167388347353317 0.17115396776757147 1504013879.9028413

8 0 0 1504013881.1098933
8 -0.06525087941506055 0.10590308835251092 1504013881.1098933

9 0 0 1504013882.3153675
9 -0.06490530422316622 0.0409977841293447 1504013882.3153675

10 0 0 1504013883.5220375
10 0.05767964111990979 0.09867742524925449 1504013883.5220375

11 0 0 1504013884.7277212
11 -0.04527035013822972 0.05340707511102477 1504013884.7277212

12 0 0 1504013885.933267
12 -0.05585751738082553 -0.002450442269800762 1504013885.933267

13 0 0 1504013887.1387844
13 0.02934247538452696 0.026892033114726197 1504013887.1387844

14 0 0 1504013888.3440282
14 0.015142476590304349 0.042034509705030546 1504013888.3440282

15 0 0 1504013889.5499961
15 -3.1415926537506356e-05 0.04200309377849304 1504013889.5499961

16 0 0 1504013890.755441
16 0.03622256329589044 0.07822565707438348 1504013890.755441

17 0 0 1504013891.9606888
17 -0.029750882429493516 0.04847477464488996 1504013891.9606888

18 0 0 1504013893.166043
18 0.01027300797723757 0.05874778262212753 1504013893.166043

19 0 0 1504013894.3728855
19 -0.034526103262951996 0.024221679359175532 1504013894.3728855

20 0 0 1504013895.578913
20 -0.05931326929977461 -0.03509158994059908 1504013895.578913

21 0 0 1504013896.7840927
21 0.07203671954681432 0.03694512960621524 1504013896.7840927

22 0 0 1504013897.990519
22 -0.05120796025351427 -0.014262830647299031 1504013897.990519

23 0 0 1504013899.1956108
23 0.10508627426257922 0.09082344361528019 1504013899.1956108

24 0 0 1504013900.401105
24 -0.10354689386232128 -0.012723450247041093 1504013900.401105

25 0 0 1504013901.6067894
25 -0.030536280592891936 -0.04325973083993303 1504013901.6067894

26 0 0 1504013902.8118954
26 0.05315574769874014 0.00989601685880711 1504013902.8118954

27 0 0 1504013904.0170949
27 -0.12019733492634607 -0.11030131806753896 1504013904.0170949

28 0 0 1504013905.2223592
28 0.06481105644355789 -0.045490261623981065 1504013905.2223592

29 0 0 1504013906.4278011
29 -0.011089822067172073 -0.05658008369115314 1504013906.4278011

30 0 0 1504013907.635099
30 0.026672121628976288 -0.02990796206217685 1504013907.635099

31 0 0 1504013908.840328
31 -0.029342475384528364 -0.05925043744670522 1504013908.840328

32 0 0 1504013910.0454915
32 -0.037102209238894374 -0.09635264668559959 1504013910.0454915

33 0 0 1504013911.2511
33 0.08092742675647169 -0.015425219929127904 1504013911.2511

34 0 0 1504013912.4565024
34 -0.057553977413763974 -0.07297919734289188 1504013912.4565024

35 0 0 1504013913.6621933
35 0.0022305307840480154 -0.07074866655884386 1504013913.6621933

36 0 0 1504013914.8682976
36 0.060821233773499225 -0.009927432785344636 1504013914.8682976

37 0 0 1504013916.0732367
37 -0.08428893089581387 -0.0942163636811585 1504013916.0732367

38 0 0 1504013917.278391
38 -0.03795043925536639 -0.13216680293652489 1504013917.278391

39 0 0 1504013918.4833868
39 0.07904247116431942 -0.05312433177220546 1504013918.4833868

40 0 0 1504013919.6893144
40 0.0725079584448517 0.01938362667264623 1504013919.6893144

41 0 0 1504013920.8949847
41 -0.20376369951183373 -0.1843800728391875 1504013920.8949847

42 0 0 1504013922.1002977
42 0.18409732950036253 -0.00028274333882497005 1504013922.1002977

43 0 0 1504013923.305513
43 0.02368760860806736 0.02340486526924239 1504013923.305513

44 0 0 1504013924.5107963
44 0.07084291433844936 0.09424777960769175 1504013924.5107963

45 0 0 1504013925.717356
45 0.13386326296946188 0.22811104257715364 1504013925.717356

46 0 0 1504013926.9241574
46 -0.197543346057727 0.030567696519426646 1504013926.9241574

47 0 0 1504013928.130182
47 0.11193494624740379 0.14250264276683045 1504013928.130182

48 0 0 1504013929.3358839
48 0.0007853981633984056 0.14328804093022884 1504013929.3358839

49 0 0 1504013930.5416324
49 0.017310175521280162 0.160598216451509 1504013930.5416324

50 0 0 1504013931.747548
50 -0.048223447232603946 0.11237476921890507 1504013931.747548

51 0 0 1504013932.9537535
51 -0.021457077824017942 0.09091769139488713 1504013932.9537535

52 0 0 1504013934.1589875
52 -0.0704345072934828 0.02048318410140433 1504013934.1589875

53 0 0 1504013935.3640423
53 0.03766769591654145 0.05815088001794578 1504013935.3640423

54 0 0 1504013936.5698311
54 0.08711636428404507 0.14526724430199084 1504013936.5698311

55 0 0 1504013937.776418
55 -0.051176544326978865 0.09409069997501197 1504013937.776418

56 0 0 1504013938.9818587
56 0.18416016135343474 0.27825086132844673 1504013938.9818587

57 0 0 1504013940.1886365
57 -0.09044645249684974 0.187804408831597 1504013940.1886365

58 0 0 1504013941.3944783
58 -0.034526103262952704 0.1532783055686443 1504013941.3944783

59 0 0 1504013942.6001256
59 -0.0767805244537346 0.07649778111490971 1504013942.6001256

60 0 0 1504013943.8057702
60 0.0655650386804195 0.1420628197953292 1504013943.8057702

61 0 0 1504013945.0111537
61 0.021174334485195106 0.1632371542805243 1504013945.0111537

62 0 0 1504013946.2162955
62 0.03455751918948741 0.1977946734700117 1504013946.2162955

63 0 0 1504013947.4216835
63 0.01753008700703079 0.2153247604770425 1504013947.4216835

64 0 0 1504013948.6273088
64 -0.05984734005088489 0.1554774204261576 1504013948.6273088

65 0 0 1504013949.8326106
65 0.057459729634157054 0.21293715006031463 1504013949.8326106

66 0 0 1504013951.037959
66 -0.016493361431346342 0.1964437886289683 1504013951.037959

67 0 0 1504013952.2429702
67 0.04395088122372104 0.24039466985268934 1504013952.2429702

68 0 0 1504013953.4481313
68 0.09251990364822003 0.33291457350090936 1504013953.4481313

69 0 0 1504013954.6537182
69 -0.08862432875776828 0.2442902447431411 1504013954.6537182

70 0 0 1504013955.8588822
70 -0.07919955079699854 0.16509069394614256 1504013955.8588822

71 0 0 1504013957.0642223
71 0.03129026282975354 0.19638095677589612 1504013957.0642223

72 0 0 1504013958.2707467
72 0.10389246905421494 0.3002734258301111 1504013958.2707467

73 0 0 1504013959.47596
73 0.0026075219024798684 0.30288094773259094 1504013959.47596

74 0 0 1504013960.6817527
74 -0.09767211560010687 0.2052088321324841 1504013960.6817527

75 0 0 1504013961.8874686
75 0.00012566370614371797 0.2053344958386278 1504013961.8874686

76 0 0 1504013963.0954473
76 0.12381016647797358 0.3291446623166014 1504013963.0954473

77 0 0 1504013964.301639
77 -0.12123406050202981 0.20791060181457158 1504013964.301639

78 0 0 1504013965.5068123
78 0.04049512930477195 0.24840573111934353 1504013965.5068123

79 0 0 1504013966.7133899
79 0.0655336227538834 0.3139393538732269 1504013966.7133899

80 0 0 1504013967.9187596
80 0.4369955381143402 0.7509348919875671 1504013967.9187596

81 0 0 1504013969.1246107
81 -0.8345640884261291 -0.08362919643856193 1504013969.1246107

82 0 0 1504013970.3300915
82 0.07564955109844254 -0.007979645340119385 1504013970.3300915

83 0 0 1504013971.535631
83 0.04567875718319558 0.03769911184307619 1504013971.535631

84 0 0 1504013972.7404666
84 0.17809688753200575 0.21579599937508195 1504013972.7404666

85 0 0 1504013973.9469872
85 -0.307090681888403 -0.09129468251332104 1504013973.9469872

86 0 0 1504013975.1523077
86 0.14982255364969727 0.058527871136376225 1504013975.1523077

87 0 0 1504013976.3578274
87 -0.0021991148575126115 0.05632875627886361 1504013976.3578274

88 0 0 1504013977.563006
88 0.05931326929977532 0.11564202557863892 1504013977.563006

89 0 0 1504013978.7691915
89 -0.21045529186397988 -0.09481326628534095 1504013978.7691915

90 0 0 1504013979.9742422
90 0.4158840354822159 0.32107076919687494 1504013979.9742422

91 0 0 1504013981.1793761
91 -0.2914769664000606 0.02959380279681434 1504013981.1793761

92 0 0 1504013982.384585
92 -0.04058937708437956 -0.010995574287565223 1504013982.384585

93 0 0 1504013983.5907261
93 0.05994158783049251 0.04894601354292729 1504013983.5907261

94 0 0 1504013984.7960248
94 0.06110397711232138 0.11004999065524868 1504013984.7960248

95 0 0 1504013986.0014246
95 -0.10788229172427291 0.0021676989309757644 1504013986.0014246

96 0 0 1504013987.2066617
96 0.01866106036232286 0.020828759293298624 1504013987.2066617

97 0 0 1504013988.4116802
97 -0.02224247598741496 -0.0014137166941163362 1504013988.4116802

98 0 0 1504013989.6176977
98 -0.04178318229274453 -0.04319689898686087 1504013989.6176977

99 0 0 1504013990.8229675
99 -0.05661149961768784 -0.09980839860454871 1504013990.8229675

100 0 0 1504013992.0291624
100 -0.007162831250184215 -0.10697122985473292 1504013992.0291624

101 0 0 1504013993.2353222
101 0.1974490982781173 0.09047786842338437 1504013993.2353222

102 0 0 1504013994.4403577
102 -0.11070972511250411 -0.02023185668911974 1504013994.4403577

103 0 0 1504013995.645878
103 -0.015833626974093046 -0.036065483663212786 1504013995.645878

104 0 0 1504013996.850874
104 -0.0901951250845637 -0.1262606087477765 1504013996.850874

105 0 0 1504013998.0561788
105 -0.003581415625090706 -0.1298420243728672 1504013998.0561788

106 0 0 1504013999.2613943
106 -0.05570043774814641 -0.1855424621210136 1504013999.2613943

107 0 0 1504014000.4664233
107 -0.007288494956328634 -0.19283095707734224 1504014000.4664233

108 0 0 1504014001.6717649
108 -0.06022433116931745 -0.2530552882466597 1504014001.6717649

109 0 0 1504014002.877077
109 0.10351547793578379 -0.14953981031087588 1504014002.877077

110 0 0 1504014004.0825083
110 -0.028965484266097907 -0.17850529457697378 1504014004.0825083

111 0 0 1504014005.2877743
111 0.0401181381863422 -0.1383871563906316 1504014005.2877743

112 0 0 1504014006.4931996
112 -0.09264556735436444 -0.23103272374499603 1504014006.4931996

113 0 0 1504014008.1006334
113 -0.02821150202923421 -0.25924422577423023 1504014008.1006334

114 0 0 1504014009.3056765
114 -0.0387672533452995 -0.29801147911952974 1504014009.3056765

115 0 0 1504014010.5111234
115 0.022650883032382926 -0.2753605960871468 1504014010.5111234

116 0 0 1504014011.7162583
116 0.0005654866776456796 -0.27479510940950114 1504014011.7162583

117 0 0 1504014013.3239625
117 0.06122964081846441 -0.21356546859103673 1504014013.3239625

118 0 0 1504014014.5298474
118 0.09478185035880415 -0.11878361823223257 1504014014.5298474

119 0 0 1504014015.7362456
119 -0.22801679479754677 -0.3468004130297794 1504014015.7362456

120 0 0 1504014016.9421887
120 -0.02356194490192294 -0.3703623579317023 1504014016.9421887

121 0 0 1504014018.1478577
121 0.1667871539790824 -0.2035752039526199 1504014018.1478577

122 0 0 1504014019.3545156
122 -0.07165972842838388 -0.27523493238100377 1504014019.3545156

123 0 0 1504014020.5623078
123 0.02497566159603925 -0.2502592707849645 1504014020.5623078

124 0 0 1504014021.7675912
124 -0.03546858105902814 -0.28572785184399263 1504014021.7675912

125 0 0 1504014022.9728227
125 -0.019917697423758627 -0.3056455492677513 1504014022.9728227

126 0 0 1504014024.1776915
126 0.017687166639709213 -0.2879583826280421 1504014024.1776915

127 0 0 1504014025.3833876
127 -0.014105751014617102 -0.30206413364265916 1504014025.3833876

128 0 0 1504014026.5888605
128 0.02934247538452836 -0.2727216582581308 1504014026.5888605

129 0 0 1504014027.794744
129 -0.027928758690413467 -0.3006504169485442 1504014027.794744

130 0 0 1504014028.9998994
130 0.006660176425609348 -0.2939902405229349 1504014028.9998994

131 0 0 1504014030.2049825
131 0.08353494865895435 -0.21045529186398054 1504014030.2049825

132 0 0 1504014031.409918
132 -0.010618583169134704 -0.22107387503311524 1504014031.409918

133 0 0 1504014032.6149786
133 -0.0303477850336781 -0.25142166006679334 1504014032.6149786

134 0 0 1504014033.8205335
134 -0.05808804816487494 -0.3095097082316683 1504014033.8205335

135 0 0 1504014035.0259483
135 0.0032044245066616545 -0.30630528372500665 1504014035.0259483

136 0 0 1504014036.2309754
136 0.09393362034233493 -0.21237166338267172 1504014036.2309754

137 0 0 1504014037.4364243
137 0.00031415926535824715 -0.21205750411731347 1504014037.4364243

138 0 0 1504014038.6414268
138 -0.012063715789782919 -0.22412121990709638 1504014038.6414268

139 0 0 1504014039.847413
139 0.008450884238156101 -0.21567033566894028 1504014039.847413

140 0 0 1504014041.0526192
140 -0.06861238355440134 -0.28428271922334164 1504014041.0526192

141 0 0 1504014042.259021
141 0.0020420352248327923 -0.2822406839985088 1504014042.259021

142 0 0 1504014043.4646807
142 -0.03292389100962048 -0.31516457500812933 1504014043.4646807

143 0 0 1504014044.66984
143 0.04904026132253706 -0.26612431368559225 1504014044.66984

144 0 0 1504014045.8749776
144 -0.028242917955773106 -0.29436723164136536 1504014045.8749776

145 0 0 1504014047.0801601
145 0.044704863460582646 -0.24966236818078272 1504014047.0801601

146 0 0 1504014048.285313
146 0.05460088031939114 -0.19506148786139157 1504014048.285313

147 0 0 1504014049.4923
147 -0.20175308021353702 -0.3968145680749286 1504014049.4923

148 0 0 1504014050.6978023
148 0.019446458525721258 -0.37736810954920735 1504014050.6978023

149 0 0 1504014051.9034293
149 0.03358362546687447 -0.34378448408233286 1504014051.9034293

150 0 0 1504014053.1086226
150 0.13502565225129076 -0.2087588318310421 1504014053.1086226

151 0 0 1504014054.3155138
151 -0.08036194007882741 -0.2891207719098695 1504014054.3155138

152 0 0 1504014055.5211232
152 0.04222300526424579 -0.2468977666456237 1504014055.5211232

153 0 0 1504014056.7272792
153 -0.05890486225480946 -0.3058026289004332 1504014056.7272792

154 0 0 1504014057.9330673
154 0.0753353918330843 -0.2304672370673489 1504014057.9330673

155 0 0 1504014059.1389892
155 0.006911503837898178 -0.22355573322945071 1504014059.1389892

156 0 0 1504014060.3442798
156 0.024787166036824015 -0.1987685671926267 1504014060.3442798

157 0 0 1504014061.5502803
157 -0.058936278181344164 -0.25770484537397087 1504014061.5502803

158 0 0 1504014062.7554317
158 -0.06324026011676387 -0.32094510549073474 1504014062.7554317

159 0 0 1504014063.9612691
159 0.08051901971150653 -0.2404260857792282 1504014063.9612691

160 0 0 1504014064.7648418
160 -0.0072256631032564245 -0.24765174888248462 1504014064.7648418



# Displacement abs and sum and time
0 0 0 1504013871.0642838
0 0.7017375510323537 0.7017375510323537 1504013871.0642838

1 0 0 1504013872.2696302
1 0.8487012553672829 1.5504388063996366 1504013872.2696302

2 0 0 1504013873.4755657
2 0.16003272977386332 1.7104715361735 1504013873.4755657

3 0 0 1504013874.680896
3 0.13367476741024528 1.844146303583745 1504013874.680896

4 0 0 1504013875.8858023
4 0.046307075713912765 1.8904533792976579 1504013875.8858023

5 0 0 1504013877.0908818
5 0.004084070449668381 1.8945374497473262 1504013877.0908818

6 0 0 1504013878.2960424
6 0.02073451151369174 1.9152719612610178 1504013878.2960424

7 0 0 1504013879.9028413
7 0.12167388347353317 2.036945844734551 1504013879.9028413

8 0 0 1504013881.1098933
8 0.06525087941506055 2.1021967241496116 1504013881.1098933

9 0 0 1504013882.3153675
9 0.06490530422316622 2.1671020283727778 1504013882.3153675

10 0 0 1504013883.5220375
10 0.05767964111990979 2.2247816694926876 1504013883.5220375

11 0 0 1504013884.7277212
11 0.04527035013822972 2.2700520196309175 1504013884.7277212

12 0 0 1504013885.933267
12 0.05585751738082553 2.325909537011743 1504013885.933267

13 0 0 1504013887.1387844
13 0.02934247538452696 2.35525201239627 1504013887.1387844

14 0 0 1504013888.3440282
14 0.015142476590304349 2.3703944889865745 1504013888.3440282

15 0 0 1504013889.5499961
15 3.1415926537506356e-05 2.370425904913112 1504013889.5499961

16 0 0 1504013890.755441
16 0.03622256329589044 2.4066484682090024 1504013890.755441

17 0 0 1504013891.9606888
17 0.029750882429493516 2.4363993506384958 1504013891.9606888

18 0 0 1504013893.166043
18 0.01027300797723757 2.4466723586157335 1504013893.166043

19 0 0 1504013894.3728855
19 0.034526103262951996 2.4811984618786855 1504013894.3728855

20 0 0 1504013895.578913
20 0.05931326929977461 2.54051173117846 1504013895.578913

21 0 0 1504013896.7840927
21 0.07203671954681432 2.6125484507252743 1504013896.7840927

22 0 0 1504013897.990519
22 0.05120796025351427 2.6637564109787886 1504013897.990519

23 0 0 1504013899.1956108
23 0.10508627426257922 2.768842685241368 1504013899.1956108

24 0 0 1504013900.401105
24 0.10354689386232128 2.872389579103689 1504013900.401105

25 0 0 1504013901.6067894
25 0.030536280592891936 2.9029258596965812 1504013901.6067894

26 0 0 1504013902.8118954
26 0.05315574769874014 2.9560816073953213 1504013902.8118954

27 0 0 1504013904.0170949
27 0.12019733492634607 3.076278942321667 1504013904.0170949

28 0 0 1504013905.2223592
28 0.06481105644355789 3.141089998765225 1504013905.2223592

29 0 0 1504013906.4278011
29 0.011089822067172073 3.1521798208323974 1504013906.4278011

30 0 0 1504013907.635099
30 0.026672121628976288 3.1788519424613737 1504013907.635099

31 0 0 1504013908.840328
31 0.029342475384528364 3.208194417845902 1504013908.840328

32 0 0 1504013910.0454915
32 0.037102209238894374 3.2452966270847963 1504013910.0454915

33 0 0 1504013911.2511
33 0.08092742675647169 3.326224053841268 1504013911.2511

34 0 0 1504013912.4565024
34 0.057553977413763974 3.3837780312550323 1504013912.4565024

35 0 0 1504013913.6621933
35 0.0022305307840480154 3.3860085620390805 1504013913.6621933

36 0 0 1504013914.8682976
36 0.060821233773499225 3.4468297958125795 1504013914.8682976

37 0 0 1504013916.0732367
37 0.08428893089581387 3.531118726708393 1504013916.0732367

38 0 0 1504013917.278391
38 0.03795043925536639 3.5690691659637594 1504013917.278391

39 0 0 1504013918.4833868
39 0.07904247116431942 3.648111637128079 1504013918.4833868

40 0 0 1504013919.6893144
40 0.0725079584448517 3.7206195955729306 1504013919.6893144

41 0 0 1504013920.8949847
41 0.20376369951183373 3.9243832950847644 1504013920.8949847

42 0 0 1504013922.1002977
42 0.18409732950036253 4.108480624585127 1504013922.1002977

43 0 0 1504013923.305513
43 0.02368760860806736 4.132168233193195 1504013923.305513

44 0 0 1504013924.5107963
44 0.07084291433844936 4.203011147531644 1504013924.5107963

45 0 0 1504013925.717356
45 0.13386326296946188 4.336874410501106 1504013925.717356

46 0 0 1504013926.9241574
46 0.197543346057727 4.534417756558833 1504013926.9241574

47 0 0 1504013928.130182
47 0.11193494624740379 4.646352702806237 1504013928.130182

48 0 0 1504013929.3358839
48 0.0007853981633984056 4.647138100969635 1504013929.3358839

49 0 0 1504013930.5416324
49 0.017310175521280162 4.664448276490916 1504013930.5416324

50 0 0 1504013931.747548
50 0.048223447232603946 4.71267172372352 1504013931.747548

51 0 0 1504013932.9537535
51 0.021457077824017942 4.734128801547538 1504013932.9537535

52 0 0 1504013934.1589875
52 0.0704345072934828 4.80456330884102 1504013934.1589875

53 0 0 1504013935.3640423
53 0.03766769591654145 4.842231004757561 1504013935.3640423

54 0 0 1504013936.5698311
54 0.08711636428404507 4.929347369041606 1504013936.5698311

55 0 0 1504013937.776418
55 0.051176544326978865 4.980523913368585 1504013937.776418

56 0 0 1504013938.9818587
56 0.18416016135343474 5.16468407472202 1504013938.9818587

57 0 0 1504013940.1886365
57 0.09044645249684974 5.25513052721887 1504013940.1886365

58 0 0 1504013941.3944783
58 0.034526103262952704 5.289656630481822 1504013941.3944783

59 0 0 1504013942.6001256
59 0.0767805244537346 5.366437154935557 1504013942.6001256

60 0 0 1504013943.8057702
60 0.0655650386804195 5.432002193615976 1504013943.8057702

61 0 0 1504013945.0111537
61 0.021174334485195106 5.453176528101172 1504013945.0111537

62 0 0 1504013946.2162955
62 0.03455751918948741 5.487734047290659 1504013946.2162955

63 0 0 1504013947.4216835
63 0.01753008700703079 5.50526413429769 1504013947.4216835

64 0 0 1504013948.6273088
64 0.05984734005088489 5.565111474348575 1504013948.6273088

65 0 0 1504013949.8326106
65 0.057459729634157054 5.622571203982732 1504013949.8326106

66 0 0 1504013951.037959
66 0.016493361431346342 5.6390645654140785 1504013951.037959

67 0 0 1504013952.2429702
67 0.04395088122372104 5.6830154466378 1504013952.2429702

68 0 0 1504013953.4481313
68 0.09251990364822003 5.775535350286019 1504013953.4481313

69 0 0 1504013954.6537182
69 0.08862432875776828 5.864159679043787 1504013954.6537182

70 0 0 1504013955.8588822
70 0.07919955079699854 5.943359229840786 1504013955.8588822

71 0 0 1504013957.0642223
71 0.03129026282975354 5.974649492670539 1504013957.0642223

72 0 0 1504013958.2707467
72 0.10389246905421494 6.0785419617247545 1504013958.2707467

73 0 0 1504013959.47596
73 0.0026075219024798684 6.081149483627234 1504013959.47596

74 0 0 1504013960.6817527
74 0.09767211560010687 6.178821599227341 1504013960.6817527

75 0 0 1504013961.8874686
75 0.00012566370614371797 6.178947262933485 1504013961.8874686

76 0 0 1504013963.0954473
76 0.12381016647797358 6.302757429411458 1504013963.0954473

77 0 0 1504013964.301639
77 0.12123406050202981 6.423991489913488 1504013964.301639

78 0 0 1504013965.5068123
78 0.04049512930477195 6.46448661921826 1504013965.5068123

79 0 0 1504013966.7133899
79 0.0655336227538834 6.530020241972143 1504013966.7133899

80 0 0 1504013967.9187596
80 0.4369955381143402 6.967015780086483 1504013967.9187596

81 0 0 1504013969.1246107
81 0.8345640884261291 7.801579868512612 1504013969.1246107

82 0 0 1504013970.3300915
82 0.07564955109844254 7.877229419611055 1504013970.3300915

83 0 0 1504013971.535631
83 0.04567875718319558 7.922908176794251 1504013971.535631

84 0 0 1504013972.7404666
84 0.17809688753200575 8.101005064326257 1504013972.7404666

85 0 0 1504013973.9469872
85 0.307090681888403 8.40809574621466 1504013973.9469872

86 0 0 1504013975.1523077
86 0.14982255364969727 8.557918299864356 1504013975.1523077

87 0 0 1504013976.3578274
87 0.0021991148575126115 8.56011741472187 1504013976.3578274

88 0 0 1504013977.563006
88 0.05931326929977532 8.619430684021644 1504013977.563006

89 0 0 1504013978.7691915
89 0.21045529186397988 8.829885975885624 1504013978.7691915

90 0 0 1504013979.9742422
90 0.4158840354822159 9.24577001136784 1504013979.9742422

91 0 0 1504013981.1793761
91 0.2914769664000606 9.5372469777679 1504013981.1793761

92 0 0 1504013982.384585
92 0.04058937708437956 9.57783635485228 1504013982.384585

93 0 0 1504013983.5907261
93 0.05994158783049251 9.637777942682773 1504013983.5907261

94 0 0 1504013984.7960248
94 0.06110397711232138 9.698881919795094 1504013984.7960248

95 0 0 1504013986.0014246
95 0.10788229172427291 9.806764211519367 1504013986.0014246

96 0 0 1504013987.2066617
96 0.01866106036232286 9.82542527188169 1504013987.2066617

97 0 0 1504013988.4116802
97 0.02224247598741496 9.847667747869105 1504013988.4116802

98 0 0 1504013989.6176977
98 0.04178318229274453 9.88945093016185 1504013989.6176977

99 0 0 1504013990.8229675
99 0.05661149961768784 9.946062429779538 1504013990.8229675

100 0 0 1504013992.0291624
100 0.007162831250184215 9.953225261029722 1504013992.0291624

101 0 0 1504013993.2353222
101 0.1974490982781173 10.150674359307839 1504013993.2353222

102 0 0 1504013994.4403577
102 0.11070972511250411 10.261384084420342 1504013994.4403577

103 0 0 1504013995.645878
103 0.015833626974093046 10.277217711394435 1504013995.645878

104 0 0 1504013996.850874
104 0.0901951250845637 10.367412836479 1504013996.850874

105 0 0 1504013998.0561788
105 0.003581415625090706 10.37099425210409 1504013998.0561788

106 0 0 1504013999.2613943
106 0.05570043774814641 10.426694689852237 1504013999.2613943

107 0 0 1504014000.4664233
107 0.007288494956328634 10.433983184808566 1504014000.4664233

108 0 0 1504014001.6717649
108 0.06022433116931745 10.494207515977884 1504014001.6717649

109 0 0 1504014002.877077
109 0.10351547793578379 10.597722993913667 1504014002.877077

110 0 0 1504014004.0825083
110 0.028965484266097907 10.626688478179766 1504014004.0825083

111 0 0 1504014005.2877743
111 0.0401181381863422 10.666806616366108 1504014005.2877743

112 0 0 1504014006.4931996
112 0.09264556735436444 10.759452183720471 1504014006.4931996

113 0 0 1504014008.1006334
113 0.02821150202923421 10.787663685749706 1504014008.1006334

114 0 0 1504014009.3056765
114 0.0387672533452995 10.826430939095006 1504014009.3056765

115 0 0 1504014010.5111234
115 0.022650883032382926 10.84908182212739 1504014010.5111234

116 0 0 1504014011.7162583
116 0.0005654866776456796 10.849647308805036 1504014011.7162583

117 0 0 1504014013.3239625
117 0.06122964081846441 10.9108769496235 1504014013.3239625

118 0 0 1504014014.5298474
118 0.09478185035880415 11.005658799982305 1504014014.5298474

119 0 0 1504014015.7362456
119 0.22801679479754677 11.233675594779852 1504014015.7362456

120 0 0 1504014016.9421887
120 0.02356194490192294 11.257237539681775 1504014016.9421887

121 0 0 1504014018.1478577
121 0.1667871539790824 11.424024693660858 1504014018.1478577

122 0 0 1504014019.3545156
122 0.07165972842838388 11.495684422089242 1504014019.3545156

123 0 0 1504014020.5623078
123 0.02497566159603925 11.520660083685282 1504014020.5623078

124 0 0 1504014021.7675912
124 0.03546858105902814 11.55612866474431 1504014021.7675912

125 0 0 1504014022.9728227
125 0.019917697423758627 11.57604636216807 1504014022.9728227

126 0 0 1504014024.1776915
126 0.017687166639709213 11.593733528807778 1504014024.1776915

127 0 0 1504014025.3833876
127 0.014105751014617102 11.607839279822395 1504014025.3833876

128 0 0 1504014026.5888605
128 0.02934247538452836 11.637181755206923 1504014026.5888605

129 0 0 1504014027.794744
129 0.027928758690413467 11.665110513897336 1504014027.794744

130 0 0 1504014028.9998994
130 0.006660176425609348 11.671770690322946 1504014028.9998994

131 0 0 1504014030.2049825
131 0.08353494865895435 11.7553056389819 1504014030.2049825

132 0 0 1504014031.409918
132 0.010618583169134704 11.765924222151035 1504014031.409918

133 0 0 1504014032.6149786
133 0.0303477850336781 11.796272007184713 1504014032.6149786

134 0 0 1504014033.8205335
134 0.05808804816487494 11.854360055349588 1504014033.8205335

135 0 0 1504014035.0259483
135 0.0032044245066616545 11.857564479856249 1504014035.0259483

136 0 0 1504014036.2309754
136 0.09393362034233493 11.951498100198584 1504014036.2309754

137 0 0 1504014037.4364243
137 0.00031415926535824715 11.951812259463942 1504014037.4364243

138 0 0 1504014038.6414268
138 0.012063715789782919 11.963875975253725 1504014038.6414268

139 0 0 1504014039.847413
139 0.008450884238156101 11.972326859491881 1504014039.847413

140 0 0 1504014041.0526192
140 0.06861238355440134 12.040939243046282 1504014041.0526192

141 0 0 1504014042.259021
141 0.0020420352248327923 12.042981278271114 1504014042.259021

142 0 0 1504014043.4646807
142 0.03292389100962048 12.075905169280734 1504014043.4646807

143 0 0 1504014044.66984
143 0.04904026132253706 12.12494543060327 1504014044.66984

144 0 0 1504014045.8749776
144 0.028242917955773106 12.153188348559043 1504014045.8749776

145 0 0 1504014047.0801601
145 0.044704863460582646 12.197893212019626 1504014047.0801601

146 0 0 1504014048.285313
146 0.05460088031939114 12.252494092339017 1504014048.285313

147 0 0 1504014049.4923
147 0.20175308021353702 12.454247172552554 1504014049.4923

148 0 0 1504014050.6978023
148 0.019446458525721258 12.473693631078275 1504014050.6978023

149 0 0 1504014051.9034293
149 0.03358362546687447 12.50727725654515 1504014051.9034293

150 0 0 1504014053.1086226
150 0.13502565225129076 12.64230290879644 1504014053.1086226

151 0 0 1504014054.3155138
151 0.08036194007882741 12.722664848875267 1504014054.3155138

152 0 0 1504014055.5211232
152 0.04222300526424579 12.764887854139513 1504014055.5211232

153 0 0 1504014056.7272792
153 0.05890486225480946 12.823792716394323 1504014056.7272792

154 0 0 1504014057.9330673
154 0.0753353918330843 12.899128108227407 1504014057.9330673

155 0 0 1504014059.1389892
155 0.006911503837898178 12.906039612065305 1504014059.1389892

156 0 0 1504014060.3442798
156 0.024787166036824015 12.930826778102128 1504014060.3442798

157 0 0 1504014061.5502803
157 0.058936278181344164 12.989763056283472 1504014061.5502803

158 0 0 1504014062.7554317
158 0.06324026011676387 13.053003316400236 1504014062.7554317

159 0 0 1504014063.9612691
159 0.08051901971150653 13.133522336111742 1504014063.9612691

160 0 0 1504014064.7648418
160 0.0072256631032564245 13.140747999214998 1504014064.7648418



# Distance slam gt + time
0 0.041962470137016664 1504013869.8591163
1 0.0236298539987017 1504013871.0642838
2 0.031129775135712162 1504013872.2696302
3 0.1026130323107156 1504013873.4755657
4 0.04562336682008497 1504013874.680896
5 0.07774531754388828 1504013875.8858023
6 0.09847115770620347 1504013877.0908818
7 0.1252190117354391 1504013878.2960424
8 0.0766041930967226 1504013879.9028413
9 0.11276594166679832 1504013881.1098933
10 0.1645715358134573 1504013882.3153675
11 0.1592988700524912 1504013883.5220375
12 0.19273673754632284 1504013884.7277212
13 0.20387312230895072 1504013885.933267
14 0.2251809550117407 1504013887.1387844
15 0.2213747792771343 1504013888.3440282
16 0.2649199171447857 1504013889.5499961
17 0.23232554336533748 1504013890.755441
18 0.2755248809091465 1504013891.9606888
19 0.26132975796873914 1504013893.166043
20 0.2992127138007336 1504013894.3728855
21 0.32340971908710414 1504013895.578913
22 0.3071963704212667 1504013896.7840927
23 0.32706949429746585 1504013897.990519
24 0.2790166706489064 1504013899.1956108
25 0.32748224394614295 1504013900.401105
26 0.36909458421927493 1504013901.6067894
27 0.312908533121102 1504013902.8118954
28 0.3714557981779258 1504013904.0170949
29 0.34836865588051913 1504013905.2223592
30 0.3862875184367206 1504013906.4278011
31 0.34263125018013174 1504013907.635099
32 0.36453393861203104 1504013908.840328
33 0.35309252101963323 1504013910.0454915
34 0.33271725233296856 1504013911.2511
35 0.34263014476253983 1504013912.4565024
36 0.35370233601151146 1504013913.6621933
37 0.3137818205377742 1504013914.8682976
38 0.3676145943784068 1504013916.0732367
39 0.39373346682749805 1504013917.278391
40 0.3554013646569196 1504013918.4833868
41 0.2954290060234434 1504013919.6893144
42 0.41348022020406217 1504013920.8949847
43 0.34218199835759816 1504013922.1002977
44 0.29937996091923 1504013923.305513
45 0.2319048125848186 1504013924.5107963
46 0.2047431378581466 1504013925.717356
47 0.3068066395956907 1504013926.9241574
48 0.2139161863908392 1504013928.130182
49 0.23645977268871796 1504013929.3358839
50 0.20688460648390386 1504013930.5416324
51 0.25037097036198086 1504013931.747548
52 0.27176065370100844 1504013932.9537535
53 0.28476471164805606 1504013934.1589875
54 0.1951247503521785 1504013935.3640423
55 0.16995023771681012 1504013936.5698311
56 0.2961763018879118 1504013937.776418
57 0.23581761363392598 1504013938.9818587
58 0.31628229874591574 1504013940.1886365
59 0.30684249249411366 1504013941.3944783
60 0.3121991583909215 1504013942.6001256
61 0.1836249710687521 1504013943.8057702
62 0.16216224498939444 1504013945.0111537
63 0.16908940859793714 1504013946.2162955
64 0.1309069291519744 1504013947.4216835
65 0.15548001961667038 1504013948.6273088
66 0.1107091911270244 1504013949.8326106
67 0.13776958191124786 1504013951.037959
68 0.08251309290045916 1504013952.2429702
69 0.021718899603800745 1504013953.4481313
70 0.05050151383869592 1504013954.6537182
71 0.21018163026297126 1504013955.8588822
72 0.21155386311764635 1504013957.0642223
73 0.06913363870070831 1504013958.2707467
74 0.192949856957708 1504013959.47596
75 0.2275758144003882 1504013960.6817527
76 0.22665550710273888 1504013961.8874686
77 0.26131890478876585 1504013963.0954473
78 0.16817020693333345 1504013964.301639
79 0.24297794015095245 1504013965.5068123
80 0.27615320566670926 1504013966.7133899
81 0.39771484319798867 1504013967.9187596
82 0.20397838243304117 1504013969.1246107
83 0.20479185774829994 1504013970.3300915
84 0.23395583899531094 1504013971.535631
85 0.31480790793752234 1504013972.7404666
86 0.23133766857129026 1504013973.9469872
87 0.2295683122732762 1504013975.1523077
88 0.23413473813170166 1504013976.3578274
89 0.3396228421352134 1504013977.563006
90 0.3196536658635411 1504013978.7691915
91 0.500734637208172 1504013979.9742422
92 0.37779214708619824 1504013981.1793761
93 0.42768867228393953 1504013982.384585
94 0.4796916092657868 1504013983.5907261
95 0.5286927289078235 1504013984.7960248
96 0.5877893925548499 1504013986.0014246
97 0.5136164920444045 1504013987.2066617
98 0.6475215614170696 1504013988.4116802
99 0.5819035006768731 1504013989.6176977
100 0.6667131833854786 1504013990.8229675
101 0.6756747075331444 1504013992.0291624
102 0.7688306729052898 1504013993.2353222
103 0.7054412109453198 1504013994.4403577
104 0.7874794156674824 1504013995.645878
105 0.805170983394211 1504013996.850874
106 0.8411754371711049 1504013998.0561788
107 0.8720739893495281 1504013999.2613943
108 0.8993213941633984 1504014000.4664233
109 1.0038655814400639 1504014001.6717649
110 0.9608483045725794 1504014002.877077
111 0.9652510100486806 1504014004.0825083
112 1.0207675259822873 1504014005.2877743
113 0.9435597618063206 1504014006.4931996
114 0.9369077636565938 1504014008.1006334
115 0.9229946245238914 1504014009.3056765
116 1.0095849815146818 1504014010.5111234
117 1.001382559714317 1504014011.7162583
118 1.047031632950983 1504014013.3239625
119 1.1372318266738763 1504014014.5298474
120 1.104406451855475 1504014015.7362456
121 1.015108074837354 1504014016.9421887
122 1.133307811188117 1504014018.1478577
123 1.1445691278380699 1504014019.3545156
124 1.1657848652731773 1504014020.5623078
125 1.1792489647652866 1504014021.7675912
126 1.1813681942561338 1504014022.9728227
127 1.188772858076764 1504014024.1776915
128 1.2237277110942617 1504014025.3833876
129 1.2091011223632209 1504014026.5888605
130 1.1974798764071148 1504014027.794744
131 1.2070830170704907 1504014028.9998994
132 1.2676823420715466 1504014030.2049825
133 1.2564655430611695 1504014031.409918
134 1.2405575876999833 1504014032.6149786
135 1.2124778028896028 1504014033.8205335
136 1.2083124950111208 1504014035.0259483
137 1.2619928550114696 1504014036.2309754
138 1.2523784861215081 1504014037.4364243
139 1.230464798358734 1504014038.6414268
140 1.2303638752824309 1504014039.847413
141 1.1708150057118323 1504014041.0526192
142 1.189202375586258 1504014042.259021
143 1.2177428643190644 1504014043.4646807
144 1.2278345989586716 1504014044.66984
145 1.219451913115068 1504014045.8749776
146 1.1968255212853705 1504014047.0801601
147 1.2590710915591712 1504014048.285313
148 1.1134747765890347 1504014049.4923
149 1.1599493196256463 1504014050.6978023
150 1.1374921072693218 1504014051.9034293
151 1.2178242435179234 1504014053.1086226
152 1.1639684346665073 1504014054.3155138
153 1.181293855947791 1504014055.5211232
154 1.1576775070804486 1504014056.7272792
155 1.1945936470616272 1504014057.9330673
156 1.188981116923225 1504014059.1389892
157 1.2099401909185419 1504014060.3442798
158 1.2081305484507872 1504014061.5502803
159 1.1691860769355744 1504014062.7554317
160 1.212534731090207 1504014063.9612691
161 1.200034097682228 1504014064.7648418


# Displacement mean and std deviation
-0.0015382096203881033 0.14528030113008492

# Displacement mean absolute value and std deviation
0.08161955279015527 0.12019559304574973

# Distance to GT
1.200034097682228

# Orientation to GT
0.24956812040117302

# Displacement 2d (x and y ) and time
0 0 0 1504013871.0642838
0 0 0 1504013871.0642838

1 0 0 1504013872.2696302
1 0 0 1504013872.2696302

2 0 0 1504013873.4755657
2 0 0 1504013873.4755657

3 0 0 1504013874.680896
3 0 0 1504013874.680896

4 0 0 1504013875.8858023
4 0 0 1504013875.8858023

5 0 0 1504013877.0908818
5 0 0 1504013877.0908818

6 0 0 1504013878.2960424
6 0 0 1504013878.2960424

7 0 0 1504013879.9028413
7 0 0 1504013879.9028413

8 0 0 1504013881.1098933
8 0 0 1504013881.1098933

9 0 0 1504013882.3153675
9 0 0 1504013882.3153675

10 0 0 1504013883.5220375
10 0 0 1504013883.5220375

11 0 0 1504013884.7277212
11 0 0 1504013884.7277212

12 0 0 1504013885.933267
12 0 0 1504013885.933267

13 0 0 1504013887.1387844
13 0 0 1504013887.1387844

14 0 0 1504013888.3440282
14 0 0 1504013888.3440282

15 0 0 1504013889.5499961
15 0 0 1504013889.5499961

16 0 0 1504013890.755441
16 0 0 1504013890.755441

17 0 0 1504013891.9606888
17 0 0 1504013891.9606888

18 0 0 1504013893.166043
18 0 0 1504013893.166043

19 0 0 1504013894.3728855
19 0 0 1504013894.3728855

20 0 0 1504013895.578913
20 0 0 1504013895.578913

21 0 0 1504013896.7840927
21 0 0 1504013896.7840927

22 0 0 1504013897.990519
22 0 0 1504013897.990519

23 0 0 1504013899.1956108
23 0 0 1504013899.1956108

24 0 0 1504013900.401105
24 0 0 1504013900.401105

25 0 0 1504013901.6067894
25 0 0 1504013901.6067894

26 0 0 1504013902.8118954
26 0 0 1504013902.8118954

27 0 0 1504013904.0170949
27 0 0 1504013904.0170949

28 0 0 1504013905.2223592
28 0 0 1504013905.2223592

29 0 0 1504013906.4278011
29 0 0 1504013906.4278011

30 0 0 1504013907.635099
30 0 0 1504013907.635099

31 0 0 1504013908.840328
31 0 0 1504013908.840328

32 0 0 1504013910.0454915
32 0 0 1504013910.0454915

33 0 0 1504013911.2511
33 0 0 1504013911.2511

34 0 0 1504013912.4565024
34 0 0 1504013912.4565024

35 0 0 1504013913.6621933
35 0 0 1504013913.6621933

36 0 0 1504013914.8682976
36 0 0 1504013914.8682976

37 0 0 1504013916.0732367
37 0 0 1504013916.0732367

38 0 0 1504013917.278391
38 0 0 1504013917.278391

39 0 0 1504013918.4833868
39 0 0 1504013918.4833868

40 0 0 1504013919.6893144
40 0 0 1504013919.6893144

41 0 0 1504013920.8949847
41 0 0 1504013920.8949847

42 0 0 1504013922.1002977
42 0 0 1504013922.1002977

43 0 0 1504013923.305513
43 0 0 1504013923.305513

44 0 0 1504013924.5107963
44 0 0 1504013924.5107963

45 0 0 1504013925.717356
45 0 0 1504013925.717356

46 0 0 1504013926.9241574
46 0 0 1504013926.9241574

47 0 0 1504013928.130182
47 0 0 1504013928.130182

48 0 0 1504013929.3358839
48 0 0 1504013929.3358839

49 0 0 1504013930.5416324
49 0 0 1504013930.5416324

50 0 0 1504013931.747548
50 0 0 1504013931.747548

51 0 0 1504013932.9537535
51 0 0 1504013932.9537535

52 0 0 1504013934.1589875
52 0 0 1504013934.1589875

53 0 0 1504013935.3640423
53 0 0 1504013935.3640423

54 0 0 1504013936.5698311
54 0 0 1504013936.5698311

55 0 0 1504013937.776418
55 0 0 1504013937.776418

56 0 0 1504013938.9818587
56 0 0 1504013938.9818587

57 0 0 1504013940.1886365
57 0 0 1504013940.1886365

58 0 0 1504013941.3944783
58 0 0 1504013941.3944783

59 0 0 1504013942.6001256
59 0 0 1504013942.6001256

60 0 0 1504013943.8057702
60 0 0 1504013943.8057702

61 0 0 1504013945.0111537
61 0 0 1504013945.0111537

62 0 0 1504013946.2162955
62 0 0 1504013946.2162955

63 0 0 1504013947.4216835
63 0 0 1504013947.4216835

64 0 0 1504013948.6273088
64 0 0 1504013948.6273088

65 0 0 1504013949.8326106
65 0 0 1504013949.8326106

66 0 0 1504013951.037959
66 0 0 1504013951.037959

67 0 0 1504013952.2429702
67 0 0 1504013952.2429702

68 0 0 1504013953.4481313
68 0 0 1504013953.4481313

69 0 0 1504013954.6537182
69 0 0 1504013954.6537182

70 0 0 1504013955.8588822
70 0 0 1504013955.8588822

71 0 0 1504013957.0642223
71 0 0 1504013957.0642223

72 0 0 1504013958.2707467
72 0 0 1504013958.2707467

73 0 0 1504013959.47596
73 0 0 1504013959.47596

74 0 0 1504013960.6817527
74 0 0 1504013960.6817527

75 0 0 1504013961.8874686
75 0 0 1504013961.8874686

76 0 0 1504013963.0954473
76 0 0 1504013963.0954473

77 0 0 1504013964.301639
77 0 0 1504013964.301639

78 0 0 1504013965.5068123
78 0 0 1504013965.5068123

79 0 0 1504013966.7133899
79 0 0 1504013966.7133899

80 0 0 1504013967.9187596
80 0 0 1504013967.9187596

81 0 0 1504013969.1246107
81 0 0 1504013969.1246107

82 0 0 1504013970.3300915
82 0 0 1504013970.3300915

83 0 0 1504013971.535631
83 0 0 1504013971.535631

84 0 0 1504013972.7404666
84 0 0 1504013972.7404666

85 0 0 1504013973.9469872
85 0 0 1504013973.9469872

86 0 0 1504013975.1523077
86 0 0 1504013975.1523077

87 0 0 1504013976.3578274
87 0 0 1504013976.3578274

88 0 0 1504013977.563006
88 0 0 1504013977.563006

89 0 0 1504013978.7691915
89 0 0 1504013978.7691915

90 0 0 1504013979.9742422
90 0 0 1504013979.9742422

91 0 0 1504013981.1793761
91 0 0 1504013981.1793761

92 0 0 1504013982.384585
92 0 0 1504013982.384585

93 0 0 1504013983.5907261
93 0 0 1504013983.5907261

94 0 0 1504013984.7960248
94 0 0 1504013984.7960248

95 0 0 1504013986.0014246
95 0 0 1504013986.0014246

96 0 0 1504013987.2066617
96 0 0 1504013987.2066617

97 0 0 1504013988.4116802
97 0 0 1504013988.4116802

98 0 0 1504013989.6176977
98 0 0 1504013989.6176977

99 0 0 1504013990.8229675
99 0 0 1504013990.8229675

100 0 0 1504013992.0291624
100 0 0 1504013992.0291624

101 0 0 1504013993.2353222
101 0 0 1504013993.2353222

102 0 0 1504013994.4403577
102 0 0 1504013994.4403577

103 0 0 1504013995.645878
103 0 0 1504013995.645878

104 0 0 1504013996.850874
104 0 0 1504013996.850874

105 0 0 1504013998.0561788
105 0 0 1504013998.0561788

106 0 0 1504013999.2613943
106 0 0 1504013999.2613943

107 0 0 1504014000.4664233
107 0 0 1504014000.4664233

108 0 0 1504014001.6717649
108 0 0 1504014001.6717649

109 0 0 1504014002.877077
109 0 0 1504014002.877077

110 0 0 1504014004.0825083
110 0 0 1504014004.0825083

111 0 0 1504014005.2877743
111 0 0 1504014005.2877743

112 0 0 1504014006.4931996
112 0 0 1504014006.4931996

113 0 0 1504014008.1006334
113 0 0 1504014008.1006334

114 0 0 1504014009.3056765
114 0 0 1504014009.3056765

115 0 0 1504014010.5111234
115 0 0 1504014010.5111234

116 0 0 1504014011.7162583
116 0 0 1504014011.7162583

117 0 0 1504014013.3239625
117 0 0 1504014013.3239625

118 0 0 1504014014.5298474
118 0 0 1504014014.5298474

119 0 0 1504014015.7362456
119 0 0 1504014015.7362456

120 0 0 1504014016.9421887
120 0 0 1504014016.9421887

121 0 0 1504014018.1478577
121 0 0 1504014018.1478577

122 0 0 1504014019.3545156
122 0 0 1504014019.3545156

123 0 0 1504014020.5623078
123 0 0 1504014020.5623078

124 0 0 1504014021.7675912
124 0 0 1504014021.7675912

125 0 0 1504014022.9728227
125 0 0 1504014022.9728227

126 0 0 1504014024.1776915
126 0 0 1504014024.1776915

127 0 0 1504014025.3833876
127 0 0 1504014025.3833876

128 0 0 1504014026.5888605
128 0 0 1504014026.5888605

129 0 0 1504014027.794744
129 0 0 1504014027.794744

130 0 0 1504014028.9998994
130 0 0 1504014028.9998994

131 0 0 1504014030.2049825
131 0 0 1504014030.2049825

132 0 0 1504014031.409918
132 0 0 1504014031.409918

133 0 0 1504014032.6149786
133 0 0 1504014032.6149786

134 0 0 1504014033.8205335
134 0 0 1504014033.8205335

135 0 0 1504014035.0259483
135 0 0 1504014035.0259483

136 0 0 1504014036.2309754
136 0 0 1504014036.2309754

137 0 0 1504014037.4364243
137 0 0 1504014037.4364243

138 0 0 1504014038.6414268
138 0 0 1504014038.6414268

139 0 0 1504014039.847413
139 0 0 1504014039.847413

140 0 0 1504014041.0526192
140 0 0 1504014041.0526192

141 0 0 1504014042.259021
141 0 0 1504014042.259021

142 0 0 1504014043.4646807
142 0 0 1504014043.4646807

143 0 0 1504014044.66984
143 0 0 1504014044.66984

144 0 0 1504014045.8749776
144 0 0 1504014045.8749776

145 0 0 1504014047.0801601
145 0 0 1504014047.0801601

146 0 0 1504014048.285313
146 0 0 1504014048.285313

147 0 0 1504014049.4923
147 0 0 1504014049.4923

148 0 0 1504014050.6978023
148 0 0 1504014050.6978023

149 0 0 1504014051.9034293
149 0 0 1504014051.9034293

150 0 0 1504014053.1086226
150 0 0 1504014053.1086226

151 0 0 1504014054.3155138
151 0 0 1504014054.3155138

152 0 0 1504014055.5211232
152 0 0 1504014055.5211232

153 0 0 1504014056.7272792
153 0 0 1504014056.7272792

154 0 0 1504014057.9330673
154 0 0 1504014057.9330673

155 0 0 1504014059.1389892
155 0 0 1504014059.1389892

156 0 0 1504014060.3442798
156 0 0 1504014060.3442798

157 0 0 1504014061.5502803
157 0 0 1504014061.5502803

158 0 0 1504014062.7554317
158 0 0 1504014062.7554317

159 0 0 1504014063.9612691
159 0 0 1504014063.9612691

160 0 0 1504014064.7648418
160 0 0 1504014064.7648418



# Displacement mean 2d values
0.0 0.0