# SLAM - pose_x pose_y orientation time
0 4.00532249156 12.9249775084 3.1113112457837637 1504013832.14
1 4.3053544963 12.9127996695 3.0916583135334412 1504013871.92
2 4.33363371366 12.9115252912 3.0867807372027767 1504013872.22
3 4.45392310369 12.8990787875 3.0693395787702986 1504013873.52
4 4.56622306293 12.8892439521 3.0453416214044156 1504013874.59
5 4.64683141151 12.8339038492 3.014093698272639 1504013875.88
6 4.78375594378 12.8332678072 2.9988248214996083 1504013877.12
7 4.83777538861 12.7418621079 2.9743955631686276 1504013878.22
8 4.95804187077 12.7249350731 2.9530286671004715 1504013879.42
9 5.04845846344 12.6378258522 2.8992234330640607 1504013880.72
10 5.14860447835 12.5348033573 2.84603468104954 1504013881.92
11 5.27540378829 12.5242692989 2.830691851447243 1504013883.12
12 5.31129811052 12.451724506 2.8036603442723322 1504013884.29
13 5.44263968214 12.4124688021 2.7850715225816027 1504013885.53
14 5.52220622503 12.3502816702 2.747417814100206 1504013886.83
15 5.56028175855 12.2223051789 2.6845182808426626 1504013888.03
16 5.66502443493 12.1420361591 2.650980041755415 1504013889.14
17 5.74499521009 12.0593259627 2.619736417474306 1504013890.41
18 5.80416881332 12.0082619588 2.6067164870651265 1504013891.66
19 5.93524827319 11.9031699499 2.5750402612519214 1504013892.85
20 6.00771708279 11.9076260071 2.6038486731284562 1504013893.98
21 5.9952482252 11.7947569854 2.539101815427481 1504013895.13
22 6.19061749518 11.6964961324 2.5183797323335786 1504013896.46
23 6.18801600261 11.5791566473 2.489909955224995 1504013897.52
24 6.26493131101 11.525465033 2.4773489745015254 1504013898.83
25 6.46857604202 11.3606844641 2.4665045664966017 1504013901.44
26 6.49012724897 11.3433747413 2.462814618636625 1504013901.73
27 6.48868556167 11.2233428428 2.4207365040269875 1504013902.82
28 6.57659223977 11.1509309906 2.42032902102914 1504013904.02
29 6.66775197367 11.066640968 2.4134791458666878 1504013905.04
30 6.82689183509 11.0194722499 2.418634026880787 1504013906.36
31 6.90690780819 10.9094782362 2.4055436712843727 1504013907.72
32 6.99509840284 10.8590422989 2.40784400982798 1504013908.82
33 7.06615325934 10.6998470622 2.368915854613848 1504013910.14
34 7.14874168197 10.6195236177 2.358732646549338 1504013911.21
35 7.18044356578 10.5084559626 2.3283972098771977 1504013912.52
36 7.25651030836 10.4026362316 2.3150793769148974 1504013913.62
37 7.32740556045 10.3050919678 2.298582766151723 1504013914.86
38 7.39623578254 10.2391926521 2.3133307209082696 1504013916.01
39 7.53195054323 10.1814213113 2.3193536482151793 1504013917.21
40 7.54475211192 10.0431518805 2.2722156480875553 1504013918.51
41 7.68214103159 9.94775411727 2.2791828526948135 1504013919.68
42 7.71483683142 9.87645103255 2.264454459588523 1504013920.89
43 7.81659538648 9.7869169663 2.275640112361667 1504013922.08
44 7.86015591566 9.70640820543 2.2568365189354886 1504013923.34
45 7.90190460526 9.57033091881 2.2188807674214797 1504013924.51
46 7.91883402882 9.48226202523 2.199738273256625 1504013925.68
47 7.95130267937 9.37043669826 2.1815918685504525 1504013926.88
48 8.02011680575 9.28722566368 2.174756070375989 1504013928.2
49 8.1308113907 9.17845000936 2.1647871729658474 1504013929.31
50 8.0838639378 8.82815769054 2.076301219024992 1504013932.52
51 8.1040422644 8.79152104779 2.0694068576713813 1504013932.98
52 8.14023627458 8.65402042055 2.049947986224394 1504013934.15
53 8.1890119611 8.56440454419 2.0496115959149543 1504013935.4
54 8.15647455895 8.44193743936 1.982363063566769 1504013936.68
55 8.20727580736 8.30398629976 1.9835409220508236 1504013937.67
56 8.22292779261 8.19424165609 1.971835527714634 1504013939.12
57 8.24203118393 8.09555748593 1.9432195635208729 1504013940.38
58 8.34239016481 7.96025618664 1.963947603824938 1504013941.38
59 8.33127408497 7.89322957018 1.9387369790585853 1504013942.58
60 8.35379173366 7.7923576495 1.9313424649320559 1504013943.78
61 8.3673916899 7.59489728952 1.9016105551391007 1504013945.11
62 8.38606814446 7.52698193223 1.902118542398326 1504013946.39
63 8.42100378926 7.39086516111 1.8860150165044274 1504013947.51
64 8.45316928217 7.3286079779 1.9007542837799023 1504013948.64
65 8.47690157587 7.17017371619 1.880168072002634 1504013949.79
66 8.46839855311 7.08556955336 1.8581595976138339 1504013951.12
67 8.48740152297 6.91214907437 1.8331663220851708 1504013952.35
68 8.5050776563 6.81035563577 1.8328831525893043 1504013953.5
69 8.55994288413 6.72379854528 1.842298970099507 1504013954.78
70 8.59489377741 6.67801453095 1.844014376589047 1504013955.89
71 8.65504511499 6.51813692066 1.861898910889973 1504013957.23
72 8.67509610679 6.43239814637 1.8628264946396251 1504013958.33
73 8.67810429894 6.30793942976 1.8478271055868283 1504013959.58
74 8.81909737994 5.92284786288 1.8798994611183633 1504013963.78
75 8.83114952045 5.88394699825 1.8820106699373718 1504013964.19
76 8.84547115229 5.74717778649 1.8731071095995022 1504013965.11
77 8.8451885082 5.62768158628 1.869587939571386 1504013966.29
78 8.90573224196 5.53938280492 1.891718398006121 1504013967.58
79 8.96782510647 5.35100114176 1.8962294559443582 1504013968.7
80 9.03203395681 5.31406953587 1.9282872800914337 1504013969.94
81 9.06539499336 5.13708249106 1.9185291053575977 1504013971.2
82 9.10783644831 5.06147204262 1.9324675134355898 1504013972.48
83 9.1418031412 4.95986627819 1.9417318005700164 1504013973.56
84 9.20976377598 4.84460066664 1.954906354322752 1504013974.94
85 9.25232400405 4.74793153207 1.968909876446346 1504013976.02
86 9.30800947065 4.68794721431 1.9978039877416118 1504013977.22
87 9.34118206575 4.55285054936 2.00397628728977 1504013978.51
88 9.41007427148 4.49985665971 2.03397013517184 1504013979.6
89 9.49404257319 4.38945981691 2.073364884701072 1504013980.86
90 9.50966404399 4.28344593463 2.092909082013971 1504013982.14
91 9.59307893716 4.15542920242 2.0986736818991085 1504013983.32
92 9.63095284059 4.09807188825 2.138454539658092 1504013984.63
93 9.72479139036 4.07115416989 2.160866870041114 1504013985.61
94 9.80721009341 3.92575680067 2.185116963884113 1504013986.94
95 9.88969303516 3.90074084287 2.217414763141342 1504013988.08
96 9.98690702179 3.83773616594 2.2589332905829114 1504013989.32
97 10.0422609911 3.76385600987 2.2680854799493244 1504013990.42
98 10.2942902303 3.51388561851 2.354116557733588 1504013994.14
99 10.3202487429 3.48702845385 2.3642624093642 1504013994.55
100 10.4623029145 3.40153432418 2.4060032061440735 1504013995.75
101 10.5468999516 3.40460356914 2.4429752143269163 1504013996.96
102 10.6416783646 3.40430628186 2.482499104310522 1504013998.14
103 10.7142163797 3.29400252623 2.4933981092164137 1504013999.35
104 10.8443646284 3.25165061176 2.546957629168478 1504014000.55
105 10.9097710757 3.20304282276 2.5543031255658852 1504014001.69
106 10.9807729272 3.16755083518 2.597284478135453 1504014002.82
107 11.0868822383 3.1736592211 2.6405011735019004 1504014004.16
108 11.1868496518 3.06761941954 2.6656261521518774 1504014005.36
109 11.2924798658 3.09998522109 2.713569475174 1504014006.44
110 11.4036739597 3.03066530701 2.7327620863286994 1504014007.73
111 11.4900550853 3.05951747381 2.7776120683664383 1504014008.95
112 11.5468993812 3.04053200141 2.8173885962777065 1504014010.15
113 11.6969725692 2.99799678643 2.8545236883400142 1504014011.34
114 11.7890022781 3.01782347421 2.889732809712373 1504014012.55
115 11.9180933437 3.01985457785 2.9275102451778556 1504014013.75
116 12.0303121607 3.00715628893 2.9655331054219087 1504014015.03
117 12.1160929421 2.96228290582 2.9824060410938853 1504014016.28
118 12.219945388 2.99269193873 3.013114710143379 1504014017.48
119 12.3417415075 2.9593492886 3.0152576230253296 1504014018.55
120 12.4324271209 2.96323169114 3.050961134494843 1504014019.83
121 12.5547429187 2.96926927915 3.071845713379519 1504014021.1
122 12.8701774325 2.92730506586 3.092845158997067 1504014024.52
123 12.9530268803 2.95747684444 3.1123620625195105 1504014025.04
124 13.033931436 2.95490926793 3.1193527324676964 1504014025.86
125 13.1057220618 2.98575453018 -3.13947989720479 1504014027.03
126 13.2451668221 2.9496718218 3.1320592652382957 1504014028.33
127 13.3301056128 2.96285468296 -3.138206962119172 1504014029.54
128 13.4838569855 2.98268900475 -3.1241400596204296 1504014030.72
129 13.5874338116 2.99776899344 -3.121282636117489 1504014031.93
130 13.7410450886 3.00105812245 -3.129639358550957 1504014033.23
131 13.8572249755 2.95721356004 3.129027048232498 1504014034.39
132 13.9994426574 2.9293335834 3.1278352283885176 1504014035.71
133 14.0770079154 2.94408968983 3.1356483596663245 1504014036.73
134 14.2034187356 2.92457356968 3.1360038107165256 1504014037.93
135 14.2761382788 2.91140842046 3.1389409189717954 1504014039.12
136 14.4298399139 2.94545806197 3.1411487856432165 1504014040.32
137 14.5570175754 2.9530744685 -3.13552748456769 1504014041.54
138 14.6144433721 2.86798114076 3.128649585089771 1504014042.77
139 14.7880985889 2.84637852836 3.1169574589036344 1504014044.03
140 14.8701345001 2.82099543513 3.102392375906388 1504014045.13
141 15.0201686136 2.82076666212 3.1077712867200478 1504014046.33
142 15.1232401419 2.85262550355 3.113911173392149 1504014047.52
143 15.2251602788 2.72627548807 3.071750801205425 1504014048.8
144 15.3578629556 2.75649931492 3.0778394648027207 1504014049.97
145 15.4744230941 2.72572811314 3.058281972217352 1504014051.14
146 15.9459078749 3.04130618227 3.103756397544005 1504014054.83
147 15.9981566092 3.03871405197 3.104021852052684 1504014055.33
148 16.1261621966 3.01318352316 3.099555507512567 1504014056.42
149 16.0968108091 2.65879009102 3.089608126242191 1504014057.54
150 16.2649925315 2.66673123002 3.091388023555164 1504014058.87
151 16.3964729307 2.62115343607 3.070792402446098 1504014060.04
152 16.4983766227 2.69149113809 3.0895624089830442 1504014061.38
153 16.6185109847 2.77677575743 3.111130053048657 1504014062.45
154 16.6877029687 2.58261157788 3.06334435753552 1504014063.74
155 16.8916275427 2.57950636938 3.061133107787691 1504014064.93


# GT - pose_x pose_y orientation time
0 4.0053 12.925 3.1113 1504013832.1498036
1 4.3295 12.9128 3.0877 1504013871.9271364
2 4.3581 12.9114 3.0827 1504013872.229002
3 4.4874 12.9085 3.0546 1504013873.5474591
4 4.5837 12.8915 3.0282 1504013874.5684094
5 4.6978 12.8763 2.9957 1504013875.8856914
6 4.8073 12.8605 2.9632 1504013877.1455784
7 4.8979 12.8406 2.9347 1504013878.2309372
8 4.9944 12.8182 2.904 1504013879.4310904
9 5.1064 12.7887 2.8678 1504013880.7465024
10 5.2051 12.7596 2.836 1504013881.9461727
11 5.3066 12.7259 2.803 1504013883.1482725
12 5.404 12.6899 2.7707 1504013884.28827
13 5.5075 12.6472 2.7352 1504013885.5472126
14 5.6084 12.6019 2.7019 1504013886.8058453
15 5.7041 12.5548 2.6712 1504013888.00734
16 5.7969 12.5055 2.6427 1504013889.1496425
17 5.898 12.4489 2.6151 1504013890.408083
18 6.0012 12.388 2.5871 1504013891.6686
19 6.0954 12.3279 2.5628 1504013892.87045
20 6.1781 12.2723 2.5423 1504013893.9501047
21 6.2716 12.2064 2.5205 1504013895.1477566
22 6.3752 12.1318 2.499 1504013896.4680052
23 6.4564 12.0728 2.4822 1504013897.5481565
24 6.5555 11.9974 2.4638 1504013898.8095264
25 6.7564 11.8345 2.4256 1504013901.445989
26 6.7777 11.8156 2.4218 1504013901.750023
27 6.858 11.7448 2.4084 1504013902.8247933
28 6.946 11.6647 2.3954 1504013904.0269823
29 7.0179 11.5984 2.3859 1504013905.0485892
30 7.1125 11.507 2.3756 1504013906.3661864
31 7.2085 11.4127 2.3653 1504013907.7478366
32 7.2843 11.336 2.3571 1504013908.8272438
33 7.376 11.2436 2.3455 1504013910.1514306
34 7.4525 11.1643 2.3355 1504013911.226901
35 7.5434 11.0671 2.3232 1504013912.5479946
36 7.6158 10.9884 2.3134 1504013913.626621
37 7.6994 10.8965 2.3022 1504013914.8886828
38 7.7737 10.8106 2.2926 1504013916.026845
39 7.8488 10.7232 2.2816 1504013917.2251215
40 7.929 10.6294 2.2683 1504013918.485907
41 8.0038 10.5384 2.2541 1504013919.6872816
42 8.0761 10.4465 2.2387 1504013920.887628
43 8.148 10.353 2.2219 1504013922.0859404
44 8.2194 10.2568 2.2043 1504013923.3483772
45 8.2839 10.1674 2.1882 1504013924.4885778
46 8.3497 10.0727 2.171 1504013925.6877587
47 8.4139 9.977 2.1532 1504013926.8845026
48 8.4843 9.871 2.1325 1504013928.2052612
49 8.5392 9.7843 2.1146 1504013929.2866807
50 8.7039 9.5036 2.0586 1504013932.5259929
51 8.724 9.4655 2.0516 1504013933.0050359
52 8.775 9.3679 2.0333 1504013934.1498294
53 8.824 9.266 2.0143 1504013935.407639
54 8.8753 9.1544 1.997 1504013936.6663785
55 8.917 9.0633 1.9837 1504013937.6856194
56 8.9719 8.9382 1.9676 1504013939.1265907
57 9.0198 8.8241 1.9517 1504013940.3912566
58 9.0553 8.7323 1.9394 1504013941.4054303
59 9.0957 8.6282 1.925 1504013942.6044762
60 9.1399 8.5032 1.9101 1504013943.8060393
61 9.1823 8.3746 1.8973 1504013945.1282573
62 9.2175 8.2616 1.8882 1504013946.389607
63 9.2528 8.151 1.8813 1504013947.5243878
64 9.2842 8.0485 1.8765 1504013948.6655774
65 9.3176 7.9406 1.8712 1504013949.806394
66 9.3559 7.8182 1.8639 1504013951.1261368
67 9.3921 7.7027 1.8569 1504013952.3246522
68 9.4269 7.5872 1.8503 1504013953.5263553
69 9.4603 7.4703 1.8453 1504013954.7911646
70 9.4883 7.3648 1.8427 1504013955.8664765
71 9.5287 7.2205 1.8425 1504013957.2445233
72 9.5561 7.1205 1.8438 1504013958.326112
73 9.589 7.0004 1.8468 1504013959.59057
74 9.7017 6.6025 1.8626 1504013963.7860293
75 9.7134 6.562 1.8647 1504013964.2078042
76 9.739 6.4773 1.8699 1504013965.1078267
77 9.7726 6.3621 1.878 1504013966.3101873
78 9.8104 6.2405 1.8905 1504013967.567572
79 9.8464 6.1304 1.9018 1504013968.7090707
80 9.8894 6.0128 1.9166 1504013969.9634933
81 9.9365 5.8938 1.9303 1504013971.2237554
82 9.9814 5.783 1.9449 1504013972.4866042
83 10.019 5.6864 1.9571 1504013973.5659242
84 10.0714 5.5624 1.9729 1504013974.9491034
85 10.1153 5.4675 1.9868 1504013976.0237622
86 10.1618 5.3635 2.0031 1504013977.226204
87 10.2133 5.2517 2.0232 1504013978.4868302
88 10.2613 5.1541 2.0436 1504013979.6241078
89 10.3164 5.0463 2.0697 1504013980.88487
90 10.3712 4.9442 2.0965 1504013982.1480036
91 10.4269 4.8453 2.1244 1504013983.3498397
92 10.4882 4.7449 2.1522 1504013984.604868
93 10.5432 4.6643 2.1737 1504013985.6244533
94 10.6091 4.5666 2.1995 1504013986.9489782
95 10.6741 4.4776 2.222 1504013988.0866838
96 10.7435 4.3885 2.2459 1504013989.3476753
97 10.8105 4.3068 2.2688 1504013990.4239385
98 11.0414 4.0517 2.3511 1504013994.1479387
99 11.0675 4.0245 2.3615 1504013994.5665848
100 11.1469 3.9458 2.3908 1504013995.7652612
101 11.2263 3.8709 2.4208 1504013996.9634974
102 11.3109 3.7972 2.454 1504013998.1648602
103 11.3949 3.7307 2.4848 1504013999.3665876
104 11.481 3.6668 2.5165 1504014000.564159
105 11.5604 3.611 2.5468 1504014001.7027407
106 11.6447 3.5548 2.5801 1504014002.8460283
107 11.7395 3.4956 2.6168 1504014004.1670866
108 11.8297 3.4442 2.6521 1504014005.3652372
109 11.9165 3.3984 2.684 1504014006.4426446
110 12.0095 3.3543 2.7205 1504014007.7051375
111 12.1133 3.3087 2.7603 1504014008.9675875
112 12.2076 3.2723 2.794 1504014010.1649313
113 12.3086 3.2362 2.8268 1504014011.3639219
114 12.3941 3.2052 2.8555 1504014012.5651488
115 12.5197 3.169 2.8902 1504014013.7668474
116 12.6262 3.1412 2.9186 1504014015.0278313
117 12.7364 3.1163 2.9487 1504014016.2827673
118 12.8441 3.0964 2.9767 1504014017.4839501
119 12.9463 3.0803 2.9995 1504014018.5673542
120 13.0676 3.0637 3.0234 1504014019.827719
121 13.1957 3.0467 3.0427 1504014021.0823185
122 13.5321 3.018 3.0823 1504014024.5045185
123 13.5816 3.0155 3.0877 1504014025.0469596
124 13.6641 3.0109 3.0947 1504014025.8828824
125 13.7771 3.0067 3.1029 1504014027.027372
126 13.9028 3.003 3.1079 1504014028.3458
127 14.0204 3.0007 3.1106 1504014029.5456007
128 14.1418 2.9967 3.1106 1504014030.74299
129 14.2656 2.9923 3.1093 1504014031.9450173
130 14.3946 2.9889 3.1074 1504014033.2050183
131 14.5184 2.9851 3.1055 1504014034.4058099
132 14.646 2.9812 3.1043 1504014035.7245553
133 14.7469 2.976 3.1028 1504014036.7437162
134 14.8618 2.9695 3.1004 1504014037.9454775
135 14.9805 2.9635 3.0979 1504014039.1465936
136 15.103 2.958 3.0956 1504014040.3427808
137 15.2223 2.9511 3.0935 1504014041.543656
138 15.3416 2.9448 3.0925 1504014042.7442622
139 15.4675 2.9377 3.092 1504014044.0057878
140 15.5787 2.9309 3.092 1504014045.1429074
141 15.697 2.9242 3.0911 1504014046.3431683
142 15.8189 2.9186 3.0897 1504014047.544279
143 15.9468 2.9158 3.0873 1504014048.80505
144 16.0566 2.9084 3.086 1504014049.9426186
145 16.164 2.9031 3.0829 1504014051.1424403
146 16.5508 2.874 3.0797 1504014054.8027258
147 16.6072 2.8697 3.0799 1504014055.34886
148 16.7109 2.8619 3.082 1504014056.4233284
149 16.8189 2.8558 3.084 1504014057.5624804
150 16.951 2.8463 3.0875 1504014058.8834014
151 17.0643 2.8403 3.0896 1504014060.0250552
152 17.1997 2.8342 3.0904 1504014061.4039242
153 17.3048 2.8299 3.0896 1504014062.4224958
154 17.4392 2.8257 3.0875 1504014063.7455122
155 17.596 2.8187 3.0829 1504014064.9491868


# Displacement and sum and time
0 0 0 1504013871.92
0 0.024150425512568574 0.024150425512568574 1504013871.92

1 0 0 1504013872.22
1 0.00032632806114629015 0.024476753573714864 1504013872.22

2 0 0 1504013873.52
2 0.008400913336128232 0.0328776669098431 1504013873.52

3 0 0 1504013874.59
3 -0.014940779240803656 0.01793688766903944 1504013874.59

4 0 0 1504013875.88
4 0.01733154954677145 0.03526843721581089 1504013875.88

5 0 0 1504013877.12
5 -0.02629197317945986 0.00897646403635103 1504013877.12

6 0 0 1504013878.22
6 -0.013415123114001087 -0.004438659077650058 1504013878.22

7 0 0 1504013879.42
7 -0.02238616212569855 -0.026824821203348607 1504013879.42

8 0 0 1504013880.72
8 -0.009731586521165986 -0.03655640772451459 1504013880.72

9 0 0 1504013881.92
9 -0.04077579160698168 -0.07733219933149627 1504013881.92

10 0 0 1504013883.12
10 -0.020287819269312196 -0.09762001860080846 1504013883.12

11 0 0 1504013884.29
11 0.02290089868899245 -0.07471911991181601 1504013884.29

12 0 0 1504013885.53
12 -0.025120299460343276 -0.09983941937215929 1504013885.53

13 0 0 1504013886.83
13 0.009616926788942104 -0.09022249258321718 1504013886.83

14 0 0 1504013888.03
14 -0.026857965439196663 -0.11708045802241385 1504013888.03

15 0 0 1504013889.14
15 -0.026880169203028825 -0.14396062722544267 1504013889.14

16 0 0 1504013890.41
16 0.0008161834097401982 -0.14314444381570246 1504013890.41

17 0 0 1504013891.66
17 0.04166885553628412 -0.10147558827941834 1504013891.66

18 0 0 1504013892.85
18 -0.05626720867299645 -0.15774279695241478 1504013892.85

19 0 0 1504013893.98
19 0.027046966436891653 -0.13069583051552314 1504013893.98

20 0 0 1504013895.13
20 0.0008342846842777224 -0.12986154583124543 1504013895.13

21 0 0 1504013896.46
21 -0.09102369354445353 -0.22088523937569896 1504013896.46

22 0 0 1504013897.52
22 -0.016996810044796654 -0.23788204942049562 1504013897.52

23 0 0 1504013898.83
23 0.030721295410405927 -0.2071607540100897 1504013898.83

24 0 0 1504013901.44
24 -0.0033165021059864963 -0.2104772561160762 1504013901.44

25 0 0 1504013901.73
25 0.0008342903766693742 -0.20964296573940683 1504013901.73

26 0 0 1504013902.82
26 -0.012985757094068379 -0.2226287228334752 1504013902.82

27 0 0 1504013904.02
27 0.005105277030071964 -0.21752344580340324 1504013904.02

28 0 0 1504013905.04
28 -0.02635442416081342 -0.24387786996421668 1504013905.04

29 0 0 1504013906.36
29 -0.03444175754331524 -0.2783196275075319 1504013906.36

30 0 0 1504013907.72
30 -0.0014514700612039133 -0.27977109756873586 1504013907.72

31 0 0 1504013908.82
31 0.0062415442810705435 -0.2735295532876653 1504013908.82

32 0 0 1504013910.14
32 -0.044153474368616 -0.3176830276562813 1504013910.14

33 0 0 1504013911.21
33 -0.005022192703553294 -0.3227052203598346 1504013911.21

34 0 0 1504013912.52
34 0.01757797459500668 -0.30512724576482797 1504013912.52

35 0 0 1504013913.62
35 -0.023385877897366916 -0.3285131236621949 1504013913.62

36 0 0 1504013914.86
36 0.0036497924021613726 -0.3248633312600335 1504013914.86

37 0 0 1504013916.01
37 0.018284375976141493 -0.306578955283892 1504013916.01

38 0 0 1504013917.21
38 -0.03226568872802707 -0.33884464401191905 1504013917.21

39 0 0 1504013918.51
39 -0.015448947081160486 -0.35429359109307956 1504013918.51

40 0 0 1504013919.68
40 -0.04946501250291463 -0.4037586035959942 1504013919.68

41 0 0 1504013920.89
41 0.038489190023468164 -0.365269413572526 1504013920.89

42 0 0 1504013922.08
42 -0.017591676726034608 -0.38286109029856064 1504013922.08

43 0 0 1504013923.34
43 0.028263639949985986 -0.35459745034857465 1504013923.34

44 0 0 1504013924.51
44 -0.0320986831169513 -0.38669613346552595 1504013924.51

45 0 0 1504013925.68
45 0.02563448478313285 -0.3610616486823931 1504013925.68

46 0 0 1504013926.88
46 -0.001204175267881441 -0.3622658239502745 1504013926.88

47 0 0 1504013928.2
47 0.019269437793383207 -0.3429963861568913 1504013928.2

48 0 0 1504013929.31
48 -0.05257465284374342 -0.3955710390006347 1504013929.31

49 0 0 1504013932.52
49 -0.02797300298023936 -0.4235440419808741 1504013932.52

50 0 0 1504013932.98
50 0.0012509775366463388 -0.42229306444422776 1504013932.98

51 0 0 1504013934.15
51 -0.03206291964554203 -0.4543559840897698 1504013934.15

52 0 0 1504013935.4
52 0.011039284967725743 -0.4433166991220441 1504013935.4

53 0 0 1504013936.68
53 -0.0038896258273901224 -0.4472063249494342 1504013936.68

54 0 0 1504013937.67
54 -0.04681744878197157 -0.49402377373140577 1504013937.67

55 0 0 1504013939.12
55 0.025761141699177315 -0.46826263203222845 1504013939.12

56 0 0 1504013940.38
56 0.02323040318696333 -0.4450322288452651 1504013940.38

57 0 0 1504013941.38
57 -0.07003375040231154 -0.5150659792475767 1504013941.38

58 0 0 1504013942.58
58 0.043722401110706466 -0.4713435781368702 1504013942.58

59 0 0 1504013943.78
59 0.029229788452130423 -0.4421137896847398 1504013943.78

60 0 0 1504013945.11
60 -0.06251869688592313 -0.504632486570663 1504013945.11

61 0 0 1504013946.39
61 0.04791902922644099 -0.456713457344222 1504013946.39

62 0 0 1504013947.51
62 -0.02443182768576975 -0.4811452850299917 1504013947.51

63 0 0 1504013948.64
63 0.0371262250535611 -0.4440190599764306 1504013948.64

64 0 0 1504013949.79
64 -0.047250679288331945 -0.49126973926476253 1504013949.79

65 0 0 1504013951.12
65 0.04322190900911611 -0.44804783025564643 1504013951.12

66 0 0 1504013952.35
66 -0.053418485862558304 -0.5014663161182047 1504013952.35

67 0 0 1504013953.5
67 0.017311982756560304 -0.4841543333616444 1504013953.5

68 0 0 1504013954.78
68 0.019096992361066767 -0.4650573410005776 1504013954.78

69 0 0 1504013955.89
69 0.05155258209134813 -0.4135047589092295 1504013955.89

70 0 0 1504013957.23
70 -0.02096995876490984 -0.43447471767413937 1504013957.23

71 0 0 1504013958.33
71 0.015633729871516247 -0.41884098780262313 1504013958.33

72 0 0 1504013959.58
72 2.971104516576173e-05 -0.4188112767574574 1504013959.58

73 0 0 1504013963.78
73 0.0034616146133767955 -0.4153496621440806 1504013963.78

74 0 0 1504013964.19
74 0.0014310679338679771 -0.4139185942102126 1504013964.19

75 0 0 1504013965.11
75 -0.04903282474992521 -0.4629514189601378 1504013965.11

76 0 0 1504013966.29
76 0.0005034655217559109 -0.4624479534383819 1504013966.29

77 0 0 1504013967.58
77 0.020277952343006084 -0.44217000109537585 1504013967.58

78 0 0 1504013968.7
78 -0.08251500599006227 -0.5246850070854381 1504013968.7

79 0 0 1504013969.94
79 0.05114245849537542 -0.4735425485900627 1504013969.94

80 0 0 1504013971.2
80 -0.05212171433030921 -0.5256642629203718 1504013971.2

81 0 0 1504013972.48
81 0.03284421903235023 -0.4928200438880216 1504013972.48

82 0 0 1504013973.56
82 -0.003473308193119695 -0.4962933520811413 1504013973.56

83 0 0 1504013974.94
83 0.0008082337899562586 -0.495485118291185 1504013974.94

84 0 0 1504013976.02
84 -0.0010613229599329005 -0.4965464412511179 1504013976.02

85 0 0 1504013977.22
85 0.03207476723465369 -0.4644716740164642 1504013977.22

86 0 0 1504013978.51
86 -0.016018387788728355 -0.4804900618051926 1504013978.51

87 0 0 1504013979.6
87 0.02184814045302673 -0.45864192135216586 1504013979.6

88 0 0 1504013980.86
88 -0.017636138970755 -0.47627806032292086 1504013980.86

89 0 0 1504013982.14
89 0.008718236833128876 -0.46755982348979197 1504013982.14

90 0 0 1504013983.32
90 -0.03928866521026163 -0.5068484887000536 1504013983.32

91 0 0 1504013984.63
91 0.04890089102921119 -0.4579475976708424 1504013984.63

92 0 0 1504013985.61
92 -4.54762651158902e-05 -0.45799307393595834 1504013985.61

93 0 0 1504013986.94
93 -0.04928461221109583 -0.5072776861470542 1504013986.94

94 0 0 1504013988.08
94 0.024015889225394688 -0.4832617969216595 1504013988.08

95 0 0 1504013989.32
95 -0.002906575921960447 -0.4861683728436199 1504013989.32

96 0 0 1504013990.42
96 0.013342793625431185 -0.47282557921818874 1504013990.42

97 0 0 1504013994.14
97 -0.010890657286362126 -0.48371623650455087 1504013994.14

98 0 0 1504013994.55
98 0.00034508769865548156 -0.4833711488058954 1504013994.55

99 0 0 1504013995.75
99 -0.05400228795590939 -0.5373734367618048 1504013995.75

100 0 0 1504013996.96
100 0.02450026999846215 -0.5128731667633427 1504013996.96

101 0 0 1504013998.14
101 0.017421165320448642 -0.4954520014428941 1504013998.14

102 0 0 1504013999.35
102 -0.02488113913516371 -0.5203331405780578 1504013999.35

103 0 0 1504014000.55
103 -0.029644455126819666 -0.5499775957048775 1504014000.55

104 0 0 1504014001.69
104 0.015555764640673264 -0.5344218310642042 1504014001.69

105 0 0 1504014002.82
105 0.021937504467926736 -0.5124843265962774 1504014002.82

106 0 0 1504014004.16
106 0.005481198361479145 -0.5070031282347982 1504014004.16

107 0 0 1504014005.36
107 -0.04191522171921486 -0.5489183499540131 1504014005.36

108 0 0 1504014006.44
108 -0.012335399883303622 -0.5612537498373167 1504014006.44

109 0 0 1504014007.73
109 -0.028105733683081266 -0.5893594835203979 1504014007.73

110 0 0 1504014008.95
110 0.022302396068944755 -0.5670570874514531 1504014008.95

111 0 0 1504014010.15
111 0.041150424717840965 -0.5259066627336122 1504014010.15

112 0 0 1504014011.34
112 -0.04872695434599672 -0.5746336170796089 1504014011.34

113 0 0 1504014012.55
113 -0.0031947836539125835 -0.5778284007335215 1504014012.55

114 0 0 1504014013.75
114 0.001605618788644736 -0.5762227819448767 1504014013.75

115 0 0 1504014015.03
115 -0.002866409235275133 -0.5790891911801519 1504014015.03

116 0 0 1504014016.28
116 0.016169195996132132 -0.5629199951840198 1504014016.28

117 0 0 1504014017.48
117 0.0013101196201090182 -0.5616098755639107 1504014017.48

118 0 0 1504014018.55
118 -0.022817200446261343 -0.5844270760101721 1504014018.55

119 0 0 1504014019.83
119 0.03166191115937604 -0.5527651648507961 1504014019.83

120 0 0 1504014021.1
120 0.0067583848517605155 -0.5460067799990356 1504014021.1

121 0 0 1504014024.52
121 0.01940840098833757 -0.5265983790106981 1504014024.52

122 0 0 1504014025.04
122 -0.03860928111689464 -0.5652076601275927 1504014025.04

123 0 0 1504014025.86
123 0.0016828553208562552 -0.5635248048067365 1504014025.86

124 0 0 1504014027.03
124 0.03494145241765004 -0.5285833523890865 1504014027.03

125 0 0 1504014028.33
125 -0.018283062337466405 -0.546866414726553 1504014028.33

126 0 0 1504014029.54
126 0.03166676822224036 -0.5151996465043126 1504014029.54

127 0 0 1504014030.72
127 -0.03355955318220735 -0.54875919968652 1504014030.72

128 0 0 1504014031.93
128 0.01920933122298911 -0.5295498684635309 1504014031.93

129 0 0 1504014033.23
129 -0.024601688003646094 -0.5541515564671771 1504014033.23

130 0 0 1504014034.39
130 -0.00031943652305077563 -0.5544709929902278 1504014034.39

131 0 0 1504014035.71
131 -0.0172650910785124 -0.5717360840687402 1504014035.71

132 0 0 1504014036.73
132 0.02207751264340639 -0.5496585714253338 1504014036.73

133 0 0 1504014037.93
133 -0.012824752389953717 -0.5624833238152875 1504014037.93

134 0 0 1504014039.12
134 0.04494990116807851 -0.517533422647209 1504014039.12

135 0 0 1504014040.32
135 -0.03480457859293022 -0.5523380012401392 1504014040.32

136 0 0 1504014041.54
136 -0.0079061503896206 -0.5602441516297598 1504014041.54

137 0 0 1504014042.77
137 0.016808562739462837 -0.543435588890297 1504014042.77

138 0 0 1504014044.03
138 -0.048893695049238184 -0.5923292839395351 1504014044.03

139 0 0 1504014045.13
139 0.02553460309716231 -0.5667946808423728 1504014045.13

140 0 0 1504014046.33
140 -0.031544710316465496 -0.5983393911588384 1504014046.33

141 0 0 1504014047.52
141 0.01414563622551164 -0.5841937549333267 1504014047.52

142 0 0 1504014048.8
142 -0.03440247124198592 -0.6185962261753126 1504014048.8

143 0 0 1504014049.97
143 -0.026051912466199423 -0.644648138641512 1504014049.97

144 0 0 1504014051.14
144 -0.013022750233953745 -0.6576708888754658 1504014051.14

145 0 0 1504014054.83
145 -0.17945813734840665 -0.8371290262238724 1504014054.83

146 0 0 1504014055.33
146 0.004250686600017851 -0.8328783396238546 1504014055.33

147 0 0 1504014056.42
147 -0.026533839923994246 -0.8594121795478489 1504014056.42

148 0 0 1504014057.54
148 -0.2474346862094764 -1.1068468657573254 1504014057.54

149 0 0 1504014058.87
149 -0.03592794207657307 -1.1427748078338984 1504014058.87

150 0 0 1504014060.04
150 -0.025697378728671283 -1.1684721865625698 1504014060.04

151 0 0 1504014061.38
151 0.011715874749512037 -1.1567563118130577 1504014061.38

152 0 0 1504014062.45
152 -0.04214072333756029 -1.198897035150618 1504014062.45

153 0 0 1504014063.74
153 -0.07165876916986993 -1.270555804320488 1504014063.74

154 0 0 1504014064.93
154 -0.046992042281261 -1.3175478466017492 1504014064.93



# Displacement abs and sum and time
0 0 0 1504013871.92
0 0.024150425512568574 0.024150425512568574 1504013871.92

1 0 0 1504013872.22
1 0.00032632806114629015 0.024476753573714864 1504013872.22

2 0 0 1504013873.52
2 0.008400913336128232 0.0328776669098431 1504013873.52

3 0 0 1504013874.59
3 0.014940779240803656 0.04781844615064675 1504013874.59

4 0 0 1504013875.88
4 0.01733154954677145 0.0651499956974182 1504013875.88

5 0 0 1504013877.12
5 0.02629197317945986 0.09144196887687805 1504013877.12

6 0 0 1504013878.22
6 0.013415123114001087 0.10485709199087914 1504013878.22

7 0 0 1504013879.42
7 0.02238616212569855 0.1272432541165777 1504013879.42

8 0 0 1504013880.72
8 0.009731586521165986 0.13697484063774368 1504013880.72

9 0 0 1504013881.92
9 0.04077579160698168 0.17775063224472537 1504013881.92

10 0 0 1504013883.12
10 0.020287819269312196 0.19803845151403757 1504013883.12

11 0 0 1504013884.29
11 0.02290089868899245 0.22093935020303002 1504013884.29

12 0 0 1504013885.53
12 0.025120299460343276 0.2460596496633733 1504013885.53

13 0 0 1504013886.83
13 0.009616926788942104 0.2556765764523154 1504013886.83

14 0 0 1504013888.03
14 0.026857965439196663 0.28253454189151206 1504013888.03

15 0 0 1504013889.14
15 0.026880169203028825 0.3094147110945409 1504013889.14

16 0 0 1504013890.41
16 0.0008161834097401982 0.3102308945042811 1504013890.41

17 0 0 1504013891.66
17 0.04166885553628412 0.35189975004056523 1504013891.66

18 0 0 1504013892.85
18 0.05626720867299645 0.4081669587135617 1504013892.85

19 0 0 1504013893.98
19 0.027046966436891653 0.4352139251504533 1504013893.98

20 0 0 1504013895.13
20 0.0008342846842777224 0.436048209834731 1504013895.13

21 0 0 1504013896.46
21 0.09102369354445353 0.5270719033791845 1504013896.46

22 0 0 1504013897.52
22 0.016996810044796654 0.5440687134239812 1504013897.52

23 0 0 1504013898.83
23 0.030721295410405927 0.5747900088343871 1504013898.83

24 0 0 1504013901.44
24 0.0033165021059864963 0.5781065109403736 1504013901.44

25 0 0 1504013901.73
25 0.0008342903766693742 0.578940801317043 1504013901.73

26 0 0 1504013902.82
26 0.012985757094068379 0.5919265584111113 1504013902.82

27 0 0 1504013904.02
27 0.005105277030071964 0.5970318354411832 1504013904.02

28 0 0 1504013905.04
28 0.02635442416081342 0.6233862596019967 1504013905.04

29 0 0 1504013906.36
29 0.03444175754331524 0.6578280171453119 1504013906.36

30 0 0 1504013907.72
30 0.0014514700612039133 0.6592794872065159 1504013907.72

31 0 0 1504013908.82
31 0.0062415442810705435 0.6655210314875863 1504013908.82

32 0 0 1504013910.14
32 0.044153474368616 0.7096745058562024 1504013910.14

33 0 0 1504013911.21
33 0.005022192703553294 0.7146966985597557 1504013911.21

34 0 0 1504013912.52
34 0.01757797459500668 0.7322746731547624 1504013912.52

35 0 0 1504013913.62
35 0.023385877897366916 0.7556605510521293 1504013913.62

36 0 0 1504013914.86
36 0.0036497924021613726 0.7593103434542906 1504013914.86

37 0 0 1504013916.01
37 0.018284375976141493 0.7775947194304321 1504013916.01

38 0 0 1504013917.21
38 0.03226568872802707 0.8098604081584592 1504013917.21

39 0 0 1504013918.51
39 0.015448947081160486 0.8253093552396197 1504013918.51

40 0 0 1504013919.68
40 0.04946501250291463 0.8747743677425344 1504013919.68

41 0 0 1504013920.89
41 0.038489190023468164 0.9132635577660025 1504013920.89

42 0 0 1504013922.08
42 0.017591676726034608 0.9308552344920371 1504013922.08

43 0 0 1504013923.34
43 0.028263639949985986 0.9591188744420232 1504013923.34

44 0 0 1504013924.51
44 0.0320986831169513 0.9912175575589744 1504013924.51

45 0 0 1504013925.68
45 0.02563448478313285 1.0168520423421072 1504013925.68

46 0 0 1504013926.88
46 0.001204175267881441 1.0180562176099888 1504013926.88

47 0 0 1504013928.2
47 0.019269437793383207 1.037325655403372 1504013928.2

48 0 0 1504013929.31
48 0.05257465284374342 1.0899003082471155 1504013929.31

49 0 0 1504013932.52
49 0.02797300298023936 1.117873311227355 1504013932.52

50 0 0 1504013932.98
50 0.0012509775366463388 1.1191242887640012 1504013932.98

51 0 0 1504013934.15
51 0.03206291964554203 1.1511872084095431 1504013934.15

52 0 0 1504013935.4
52 0.011039284967725743 1.1622264933772688 1504013935.4

53 0 0 1504013936.68
53 0.0038896258273901224 1.166116119204659 1504013936.68

54 0 0 1504013937.67
54 0.04681744878197157 1.2129335679866304 1504013937.67

55 0 0 1504013939.12
55 0.025761141699177315 1.2386947096858076 1504013939.12

56 0 0 1504013940.38
56 0.02323040318696333 1.2619251128727709 1504013940.38

57 0 0 1504013941.38
57 0.07003375040231154 1.3319588632750825 1504013941.38

58 0 0 1504013942.58
58 0.043722401110706466 1.375681264385789 1504013942.58

59 0 0 1504013943.78
59 0.029229788452130423 1.4049110528379194 1504013943.78

60 0 0 1504013945.11
60 0.06251869688592313 1.4674297497238424 1504013945.11

61 0 0 1504013946.39
61 0.04791902922644099 1.5153487789502835 1504013946.39

62 0 0 1504013947.51
62 0.02443182768576975 1.5397806066360533 1504013947.51

63 0 0 1504013948.64
63 0.0371262250535611 1.5769068316896144 1504013948.64

64 0 0 1504013949.79
64 0.047250679288331945 1.6241575109779465 1504013949.79

65 0 0 1504013951.12
65 0.04322190900911611 1.6673794199870626 1504013951.12

66 0 0 1504013952.35
66 0.053418485862558304 1.720797905849621 1504013952.35

67 0 0 1504013953.5
67 0.017311982756560304 1.7381098886061812 1504013953.5

68 0 0 1504013954.78
68 0.019096992361066767 1.757206880967248 1504013954.78

69 0 0 1504013955.89
69 0.05155258209134813 1.8087594630585961 1504013955.89

70 0 0 1504013957.23
70 0.02096995876490984 1.829729421823506 1504013957.23

71 0 0 1504013958.33
71 0.015633729871516247 1.8453631516950224 1504013958.33

72 0 0 1504013959.58
72 2.971104516576173e-05 1.845392862740188 1504013959.58

73 0 0 1504013963.78
73 0.0034616146133767955 1.848854477353565 1504013963.78

74 0 0 1504013964.19
74 0.0014310679338679771 1.850285545287433 1504013964.19

75 0 0 1504013965.11
75 0.04903282474992521 1.8993183700373582 1504013965.11

76 0 0 1504013966.29
76 0.0005034655217559109 1.899821835559114 1504013966.29

77 0 0 1504013967.58
77 0.020277952343006084 1.9200997879021202 1504013967.58

78 0 0 1504013968.7
78 0.08251500599006227 2.0026147938921826 1504013968.7

79 0 0 1504013969.94
79 0.05114245849537542 2.053757252387558 1504013969.94

80 0 0 1504013971.2
80 0.05212171433030921 2.1058789667178672 1504013971.2

81 0 0 1504013972.48
81 0.03284421903235023 2.1387231857502176 1504013972.48

82 0 0 1504013973.56
82 0.003473308193119695 2.142196493943337 1504013973.56

83 0 0 1504013974.94
83 0.0008082337899562586 2.1430047277332935 1504013974.94

84 0 0 1504013976.02
84 0.0010613229599329005 2.1440660506932265 1504013976.02

85 0 0 1504013977.22
85 0.03207476723465369 2.1761408179278803 1504013977.22

86 0 0 1504013978.51
86 0.016018387788728355 2.192159205716609 1504013978.51

87 0 0 1504013979.6
87 0.02184814045302673 2.2140073461696357 1504013979.6

88 0 0 1504013980.86
88 0.017636138970755 2.2316434851403906 1504013980.86

89 0 0 1504013982.14
89 0.008718236833128876 2.2403617219735192 1504013982.14

90 0 0 1504013983.32
90 0.03928866521026163 2.2796503871837808 1504013983.32

91 0 0 1504013984.63
91 0.04890089102921119 2.328551278212992 1504013984.63

92 0 0 1504013985.61
92 4.54762651158902e-05 2.3285967544781077 1504013985.61

93 0 0 1504013986.94
93 0.04928461221109583 2.3778813666892034 1504013986.94

94 0 0 1504013988.08
94 0.024015889225394688 2.401897255914598 1504013988.08

95 0 0 1504013989.32
95 0.002906575921960447 2.4048038318365585 1504013989.32

96 0 0 1504013990.42
96 0.013342793625431185 2.41814662546199 1504013990.42

97 0 0 1504013994.14
97 0.010890657286362126 2.429037282748352 1504013994.14

98 0 0 1504013994.55
98 0.00034508769865548156 2.4293823704470072 1504013994.55

99 0 0 1504013995.75
99 0.05400228795590939 2.4833846584029167 1504013995.75

100 0 0 1504013996.96
100 0.02450026999846215 2.5078849284013787 1504013996.96

101 0 0 1504013998.14
101 0.017421165320448642 2.5253060937218272 1504013998.14

102 0 0 1504013999.35
102 0.02488113913516371 2.550187232856991 1504013999.35

103 0 0 1504014000.55
103 0.029644455126819666 2.5798316879838104 1504014000.55

104 0 0 1504014001.69
104 0.015555764640673264 2.595387452624484 1504014001.69

105 0 0 1504014002.82
105 0.021937504467926736 2.6173249570924106 1504014002.82

106 0 0 1504014004.16
106 0.005481198361479145 2.62280615545389 1504014004.16

107 0 0 1504014005.36
107 0.04191522171921486 2.664721377173105 1504014005.36

108 0 0 1504014006.44
108 0.012335399883303622 2.6770567770564084 1504014006.44

109 0 0 1504014007.73
109 0.028105733683081266 2.70516251073949 1504014007.73

110 0 0 1504014008.95
110 0.022302396068944755 2.7274649068084345 1504014008.95

111 0 0 1504014010.15
111 0.041150424717840965 2.7686153315262754 1504014010.15

112 0 0 1504014011.34
112 0.04872695434599672 2.817342285872272 1504014011.34

113 0 0 1504014012.55
113 0.0031947836539125835 2.8205370695261847 1504014012.55

114 0 0 1504014013.75
114 0.001605618788644736 2.8221426883148295 1504014013.75

115 0 0 1504014015.03
115 0.002866409235275133 2.8250090975501045 1504014015.03

116 0 0 1504014016.28
116 0.016169195996132132 2.841178293546237 1504014016.28

117 0 0 1504014017.48
117 0.0013101196201090182 2.842488413166346 1504014017.48

118 0 0 1504014018.55
118 0.022817200446261343 2.865305613612607 1504014018.55

119 0 0 1504014019.83
119 0.03166191115937604 2.8969675247719833 1504014019.83

120 0 0 1504014021.1
120 0.0067583848517605155 2.903725909623744 1504014021.1

121 0 0 1504014024.52
121 0.01940840098833757 2.9231343106120815 1504014024.52

122 0 0 1504014025.04
122 0.03860928111689464 2.9617435917289763 1504014025.04

123 0 0 1504014025.86
123 0.0016828553208562552 2.9634264470498324 1504014025.86

124 0 0 1504014027.03
124 0.03494145241765004 2.9983678994674823 1504014027.03

125 0 0 1504014028.33
125 0.018283062337466405 3.016650961804949 1504014028.33

126 0 0 1504014029.54
126 0.03166676822224036 3.0483177300271893 1504014029.54

127 0 0 1504014030.72
127 0.03355955318220735 3.081877283209397 1504014030.72

128 0 0 1504014031.93
128 0.01920933122298911 3.101086614432386 1504014031.93

129 0 0 1504014033.23
129 0.024601688003646094 3.125688302436032 1504014033.23

130 0 0 1504014034.39
130 0.00031943652305077563 3.126007738959083 1504014034.39

131 0 0 1504014035.71
131 0.0172650910785124 3.143272830037595 1504014035.71

132 0 0 1504014036.73
132 0.02207751264340639 3.1653503426810015 1504014036.73

133 0 0 1504014037.93
133 0.012824752389953717 3.178175095070955 1504014037.93

134 0 0 1504014039.12
134 0.04494990116807851 3.223124996239034 1504014039.12

135 0 0 1504014040.32
135 0.03480457859293022 3.257929574831964 1504014040.32

136 0 0 1504014041.54
136 0.0079061503896206 3.2658357252215846 1504014041.54

137 0 0 1504014042.77
137 0.016808562739462837 3.2826442879610473 1504014042.77

138 0 0 1504014044.03
138 0.048893695049238184 3.3315379830102856 1504014044.03

139 0 0 1504014045.13
139 0.02553460309716231 3.357072586107448 1504014045.13

140 0 0 1504014046.33
140 0.031544710316465496 3.3886172964239134 1504014046.33

141 0 0 1504014047.52
141 0.01414563622551164 3.402762932649425 1504014047.52

142 0 0 1504014048.8
142 0.03440247124198592 3.437165403891411 1504014048.8

143 0 0 1504014049.97
143 0.026051912466199423 3.46321731635761 1504014049.97

144 0 0 1504014051.14
144 0.013022750233953745 3.476240066591564 1504014051.14

145 0 0 1504014054.83
145 0.17945813734840665 3.655698203939971 1504014054.83

146 0 0 1504014055.33
146 0.004250686600017851 3.659948890539989 1504014055.33

147 0 0 1504014056.42
147 0.026533839923994246 3.686482730463983 1504014056.42

148 0 0 1504014057.54
148 0.2474346862094764 3.9339174166734594 1504014057.54

149 0 0 1504014058.87
149 0.03592794207657307 3.9698453587500326 1504014058.87

150 0 0 1504014060.04
150 0.025697378728671283 3.995542737478704 1504014060.04

151 0 0 1504014061.38
151 0.011715874749512037 4.007258612228216 1504014061.38

152 0 0 1504014062.45
152 0.04214072333756029 4.049399335565776 1504014062.45

153 0 0 1504014063.74
153 0.07165876916986993 4.1210581047356465 1504014063.74

154 0 0 1504014064.93
154 0.046992042281261 4.168050147016907 1504014064.93



# Distance slam gt + time
0 3.1807897476162345e-05 1504013832.14
1 0.024145503702262597 1504013871.92
2 0.024466607144344097 1504013872.22
3 0.034777317773523414 1504013873.52
4 0.017621948855783776 1504013874.59
5 0.06629653546995733 1504013875.88
6 0.0359988181470844 1504013877.12
7 0.1156033746529483 1504013878.22
8 0.10010124949653573 1504013879.42
9 0.16161754277710677 1504013880.72
10 0.2317871319458817 1504013881.92
11 0.20402976069959095 1504013883.12
12 0.2555801366603167 1504013884.29
13 0.24352740318179675 1504013885.53
14 0.26597208638299086 1504013886.83
15 0.36226577623630435 1504013888.03
16 0.38664858502820365 1504013889.14
17 0.4185431832841454 1504013890.41
18 0.4278110195623082 1504013891.66
19 0.45392090837300336 1504013892.85
20 0.4025139246965488 1504013893.98
21 0.4958026572176541 1504013895.13
22 0.4728214866449535 1504013896.46
23 0.5618840892211964 1504013897.52
24 0.5542136556407283 1504013898.83
25 0.5543859601825044 1504013901.44
26 0.5528967191883528 1504013901.73
27 0.6389919570339749 1504013902.82
28 0.6327880279667141 1504013904.02
29 0.6366877637086893 1504013905.04
30 0.5650268409383982 1504013906.36
31 0.5866770778910166 1504013907.72
32 0.5577868880123409 1504013908.82
33 0.6258372472646199 1504013910.14
34 0.6237390660238387 1504013911.21
35 0.6661985692451391 1504013912.52
36 0.6871741226857533 1504013913.62
37 0.6986725439050795 1504013914.86
38 0.6848252278478086 1504013916.01
39 0.6276286527756174 1504013917.21
40 0.7009517081163488 1504013918.51
41 0.6725526378986898 1504013919.68
42 0.6748828804046474 1504013920.89
43 0.6559565678498352 1504013922.08
44 0.6572575139648619 1504013923.34
45 0.7088102491609712 1504013924.51
46 0.7309326146584125 1504013925.68
47 0.7628337434013944 1504013926.88
48 0.7458274019972654 1504013928.2
49 0.7306404501288407 1504013929.31
50 0.9168789624793137 1504013932.52
51 0.9157484490581289 1504013932.98
52 0.9552743276487592 1504013934.15
53 0.9462800817724686 1504013935.4
54 1.0120834525939213 1504013936.68
55 1.0393583236741117 1504013937.67
56 1.0556672699842313 1504013939.12
57 1.0656915717309428 1504013940.38
58 1.0508530262877323 1504013941.38
59 1.0604378870444275 1504013942.58
60 1.0598410511357097 1504013943.78
61 1.1278350369623629 1504013945.11
62 1.109478542334558 1504013946.39
63 1.1268051781456052 1504013947.51
64 1.0994801396388536 1504013948.64
65 1.1403203493404614 1504013949.79
66 1.1508284796509733 1504013951.12
67 1.2014366817917828 1504013952.35
68 1.2055055369348062 1504013953.5
69 1.169575717085824 1504013954.78
70 1.1268757513855563 1504013955.89
71 1.1209758040750954 1504013957.23
72 1.1178783568976631 1504013958.33
73 1.1442170334104875 1504013959.58
74 1.1139633802008753 1504013963.78
75 1.1127092081260008 1504013964.19
76 1.1538943835337376 1504013965.11
77 1.1829887918039226 1504013966.29
78 1.1445475410283172 1504013967.58
79 1.1744600562671612 1504013968.7
80 1.1060292914378906 1504013969.94
81 1.1538827154133273 1504013971.2
82 1.1330118587738633 1504013972.48
83 1.1390020096627034 1504013973.56
84 1.1214512318935246 1504013974.94
85 1.123613078254709 1504013976.02
86 1.0887285402070035 1504013977.22
87 1.1175778478031473 1504013978.51
88 1.0736012244815218 1504013979.6
89 1.0524783910139284 1504013980.86
90 1.0857440482917915 1504013982.14
91 1.0822103687311877 1504013983.32
92 1.073899110003629 1504013984.63
93 1.0107495377737057 1504013985.61
94 1.0265025223634037 1504013986.94
95 0.9736841241666792 1504013988.08
96 0.9358278343718719 1504013989.32
97 0.9407334113413534 1504013990.42
98 0.920552723595264 1504013994.14
99 0.9204673292183717 1504013994.55
100 0.8745846416161766 1504013995.75
101 0.8240247491420976 1504013996.96
102 0.7760303286865301 1504013998.14
103 0.8087242265085265 1504013999.35
104 0.7600352695291954 1504014000.55
105 0.7679499043540556 1504014001.69
106 0.768609831872169 1504014002.82
107 0.7277058526664858 1504014004.16
108 0.7450298676968954 1504014005.36
109 0.6917026154055573 1504014006.44
110 0.6868512252389936 1504014007.73
111 0.6712124515068543 1504014008.95
112 0.7001726307512435 1504014010.15
113 0.656375567081899 1504014011.34
114 0.6334455110470831 1504014012.55
115 0.6198184620134894 1504014013.75
116 0.6107782195715904 1504014015.03
117 0.6391416989840396 1504014016.28
118 0.6327118946671165 1504014017.48
119 0.6165387623191583 1504014018.55
120 0.6430695665551064 1504014019.83
121 0.6456171439792822 1504014021.1
122 0.6681070695962215 1504014024.52
123 0.6312454779168964 1504014025.04
124 0.6326510737614822 1504014025.86
125 0.6717045843283078 1504014027.03
126 0.6597918545003288 1504014028.33
127 0.6913310415580088 1504014029.54
128 0.658092180714255 1504014030.72
129 0.6781882400766246 1504014031.93
130 0.6536679907694516 1504014033.23
131 0.6617628476699328 1504014034.39
132 0.6486343518816285 1504014035.71
133 0.6706516777768323 1504014036.73
134 0.6599123225506868 1504014037.93
135 0.7062853297009631 1504014039.12
136 0.6732769131105766 1504014040.32
137 0.6652853545716404 1504014041.54
138 0.7312030488406303 1504014042.77
139 0.6855114066061665 1504014044.03
140 0.7170384097297713 1504014045.13
141 0.684689112664386 1504014046.33
142 0.6987812764760816 1504014047.52
143 0.7461122086093464 1504014048.8
144 0.7150575328913193 1504014049.97
145 0.7120232407716024 1504014051.14
146 0.6276032517711772 1504014054.83
147 0.6320598085944695 1504014055.33
148 0.6039908965412961 1504014056.42
149 0.7484822668914239 1504014057.54
150 0.7091200109924346 1504014058.87
151 0.7028642905797333 1504014060.04
152 0.7156956747215433 1504014061.38
153 0.6883420644345964 1504014062.45
154 0.789835279676406 1504014063.74
155 0.743877779969275 1504014064.93


# Displacement mean and std deviation
-0.00850030868775322 0.037955660793928626

# Displacement mean absolute value and std deviation
0.026890646109786497 0.028103035172185372

# Distance to GT
0.743877779969275

# Orientation to GT
0.06838270866567044