# SLAM - pose_x pose_y orientation time
0 16.5679 2.98171 -3.13467 1504013511.079017
1 16.3991 3.00878 -3.11598 1504013512.2844448
2 16.2683 2.98451 -3.13289 1504013513.4897008
3 16.1515 2.96967 3.14049 1504013514.6950989
4 16.0261 2.97184 3.13576 1504013515.9010415
5 15.8898 2.94372 3.12307 1504013517.1088736
6 15.7834 2.94858 3.12778 1504013518.314244
7 15.6583 2.88658 3.09536 1504013519.5222
8 15.5578 2.9049 3.12592 1504013520.7282908
9 15.4513 2.89141 3.12124 1504013521.9341679
10 15.3221 2.88088 3.11138 1504013523.1430974
11 15.1963 2.90707 3.12594 1504013524.3488307
12 15.0841 2.8767 3.10848 1504013525.5566592
13 14.966 2.87217 3.11057 1504013526.76215
14 14.8509 2.8761 3.10717 1504013527.96881
15 14.7169 2.81165 3.07547 1504013529.1746585
16 14.5993 2.87721 3.10982 1504013530.3808365
17 14.4962 2.82339 3.07157 1504013531.5858269
18 14.3679 2.82442 3.07376 1504013532.7915626
19 14.2592 2.8283 3.08328 1504013533.9975495
20 14.1341 2.8334 3.07 1504013535.2025204
21 14.0005 2.82162 3.0621 1504013536.407947
22 13.8814 2.81333 3.05416 1504013537.6131375
23 13.7597 2.74535 3.00531 1504013538.8187366
24 13.6583 2.81289 3.04466 1504013540.0263615
25 13.5405 2.81406 3.04208 1504013541.2314975
26 13.4216 2.82253 3.03295 1504013542.4382877
27 13.2996 2.82299 3.01005 1504013543.6436703
28 13.1654 2.81614 2.99323 1504013544.8489804
29 13.0282 2.84674 2.98012 1504013546.0562775
30 12.8997 2.84115 2.95668 1504013547.2613473
31 12.7629 2.77915 2.90414 1504013548.4674122
32 12.6528 2.80627 2.88404 1504013549.6731007
33 12.5465 2.82834 2.90534 1504013550.8811452
34 12.4176 2.76945 2.84027 1504013552.0888171
35 12.3122 2.79438 2.81757 1504013553.2940383
36 12.1958 2.81356 2.80333 1504013554.502072
37 12.0639 2.83707 2.78273 1504013555.7073913
38 11.9818 2.8835 2.77385 1504013556.913059
39 11.8466 2.87639 2.72912 1504013558.1182313
40 11.7533 2.87975 2.69238 1504013559.3256674
41 11.6437 2.90497 2.66114 1504013560.5331364
42 11.5863 2.96799 2.65689 1504013561.7384448
43 11.4604 2.98766 2.62828 1504013562.944204
44 11.3286 3.01195 2.59569 1504013564.1491945
45 11.2311 3.02036 2.57168 1504013565.3553104
46 11.1329 3.07683 2.53646 1504013566.5640087
47 11.0461 3.13395 2.52594 1504013567.770167
48 10.9007 3.13842 2.4728 1504013568.975842
49 10.8333 3.19835 2.50795 1504013570.1822429
50 10.6672 3.27015 2.4755 1504013571.3890471
51 10.5882 3.3281 2.4248 1504013572.6013334
52 10.4848 3.2241 2.42136 1504013573.806239
53 10.404 3.27939 2.38825 1504013575.0145988
54 10.2716 3.32757 2.34188 1504013576.2198646
55 10.2056 3.42248 2.33994 1504013577.4261923
56 10.1544 3.50091 2.3329 1504013578.6343665
57 9.95854 3.50735 2.25005 1504013579.8394804
58 9.86683 3.63601 2.27209 1504013581.0447872
59 9.79632 3.69198 2.25909 1504013582.250189
60 9.72923 3.7656 2.23523 1504013583.4600601
61 9.56381 3.83589 2.19777 1504013584.6667957
62 9.58908 3.94176 2.25737 1504013585.8740199
63 9.48254 3.97429 2.16852 1504013587.0795343
64 9.30656 4.07655 2.1448 1504013588.2843256
65 9.29111 4.17582 2.14764 1504013589.493403
66 9.17647 4.27087 2.12692 1504013590.6992738
67 9.08874 4.28685 2.10199 1504013591.9047534
68 9.06376 4.44554 2.10677 1504013593.1099608
69 8.91099 4.48747 2.03971 1504013594.3151803
70 8.83418 4.50962 2.01604 1504013595.5231364
71 8.74881 4.67464 2.02488 1504013596.7307577
72 8.73628 4.79889 2.03903 1504013597.938448
73 8.62856 4.87259 2.00755 1504013599.144358
74 8.60754 4.90228 2.00721 1504013600.3528378
75 8.52782 4.97845 1.97296 1504013601.5579498
76 8.47238 5.13648 1.98205 1504013602.7634137
77 8.43236 5.29997 1.98258 1504013603.9690466
78 8.34992 5.33598 1.94555 1504013605.1745615
79 8.35544 5.48404 1.99693 1504013606.3811991
80 8.26328 5.5464 1.96195 1504013607.5873303
81 8.19489 5.70564 1.95384 1504013608.7952845
82 8.1654 5.79247 1.95214 1504013610.0007946
83 8.09825 5.8863 1.93937 1504013611.2074504
84 8.04925 6.02209 1.94658 1504013612.415696
85 7.98727 6.09718 1.93629 1504013613.6209133
86 7.97965 6.18329 1.96325 1504013614.8284771
87 7.94641 6.35661 2.00053 1504013616.0371315
88 7.91302 6.39042 2.00309 1504013617.2446547
89 7.85929 6.49145 2.00352 1504013618.4506054
90 7.84094 6.60685 2.04393 1504013619.6560748
91 7.78825 6.69693 2.04139 1504013620.8636773
92 7.70454 6.86599 2.04894 1504013622.068949
93 7.67812 6.98028 2.09146 1504013623.2767763
94 7.58499 7.03619 2.04634 1504013624.4819548
95 7.52895 7.0986 2.06363 1504013625.6880152
96 7.45057 7.1972 2.04512 1504013626.89339
97 7.41099 7.30866 2.08223 1504013628.099285
98 7.37931 7.36041 2.11323 1504013629.307955
99 7.33336 7.47414 2.11935 1504013630.5135205
100 7.24274 7.57062 2.14029 1504013631.7241518
101 7.20879 7.63633 2.16861 1504013632.9292176
102 7.12485 7.75473 2.19835 1504013634.1360455
103 7.09416 7.84074 2.21629 1504013635.34143
104 6.95091 7.83371 2.18385 1504013636.5466754
105 6.93964 7.98161 2.24906 1504013637.7539985
106 6.82212 8.063 2.22706 1504013638.9598708
107 6.76098 8.11373 2.25314 1504013640.1706603
108 6.7008 8.20564 2.27605 1504013641.3760874
109 6.65846 8.27796 2.26316 1504013642.5865867
110 6.58471 8.40978 2.34366 1504013643.7937152
111 6.43744 8.35691 2.27194 1504013644.999022
112 6.41019 8.53036 2.33544 1504013646.204134
113 6.29579 8.56501 2.35141 1504013647.4093585
114 6.15936 8.61684 2.33506 1504013648.6161563
115 6.16453 8.68603 2.37708 1504013649.8232903
116 6.116 8.81604 2.42672 1504013651.0317228
117 5.98992 8.75316 2.41513 1504013652.2388537
118 5.88552 8.93764 2.42071 1504013653.4444613
119 5.86037 8.99281 2.43946 1504013654.6495533
120 5.76247 9.012 2.42762 1504013655.8556244
121 5.7463 9.19433 2.47149 1504013657.0619333
122 5.56654 9.16717 2.41649 1504013658.2672522
123 5.51454 9.28413 2.47185 1504013659.4722311
124 5.45985 9.42483 2.48509 1504013660.6791205
125 5.29611 9.43177 2.48217 1504013661.8840208
126 5.20347 9.49277 2.50003 1504013663.09121
127 5.14376 9.5912 2.53636 1504013664.2976875
128 5.05141 9.64986 2.53894 1504013665.5027514
129 4.98532 9.7602 2.58963 1504013666.710544
130 4.86899 9.82768 2.60205 1504013667.9183278
131 4.80976 9.90663 2.64858 1504013669.1234345
132 4.7027 9.96074 2.66749 1504013670.328827
133 4.55727 9.95245 2.64691 1504013671.53387
134 4.44914 10.0344 2.66983 1504013672.7411728
135 4.38327 10.1022 2.69112 1504013673.946456
136 4.26072 10.1564 2.71897 1504013675.1519346
137 4.19212 10.2635 2.76585 1504013676.3574333
138 4.08852 10.2505 2.76908 1504013677.5639572
139 3.99992 10.3278 2.81179 1504013678.7699947
140 3.9058 10.387 2.827 1504013679.9773178
141 3.80938 10.4227 2.87406 1504013681.1833234
142 3.72107 10.5126 2.93103 1504013682.388768
143 3.63401 10.6045 3.01258 1504013683.5961008
144 3.53288 10.6154 3.04384 1504013684.8018157
145 3.40865 10.606 3.02756 1504013686.0070791
146 3.30776 10.6155 3.06243 1504013687.2139099
147 3.2183 10.6381 3.07238 1504013688.4194362
148 3.09061 10.6377 3.0927 1504013689.62491
149 2.98488 10.6523 3.13755 1504013690.8300414
150 2.89997 10.6464 -3.13399 1504013692.0348103
151 2.76951 10.6009 -3.1221 1504013693.2412136
152 2.62626 10.638 -3.08666 1504013694.4461548
153 2.54225 10.6664 -3.10125 1504013695.2500045


# GT - pose_x pose_y orientation time
0 16.5277 2.9928 -3.13309 1504013511.09413
1 16.398 2.9937 -3.13709 1504013512.294959
2 16.2768 2.9955 -3.14159 1504013513.4941144
3 16.1602 2.9983 3.1378 1504013514.6922345
4 16.0353 3.0009 3.1332 1504013515.8939865
5 15.9094 2.9989 3.1285 1504013517.0952768
6 15.797 2.998 3.1258 1504013518.2931023
7 15.6769 2.9984 3.1224 1504013519.492937
8 15.5483 3.0013 3.1177 1504013520.75363
9 15.4304 3.0041 3.1138 1504013521.9555063
10 15.3122 3.0079 3.1097 1504013523.1535745
11 15.1925 3.0124 3.1056 1504013524.3518739
12 15.0719 3.0178 3.1024 1504013525.55508
13 14.9556 3.0231 3.1 1504013526.7559938
14 14.8416 3.0281 3.0968 1504013527.954298
15 14.724 3.0339 3.0942 1504013529.1518073
16 14.5986 3.043 3.0915 1504013530.3541694
17 14.489 3.0472 3.0868 1504013531.556254
18 14.354 3.0556 3.0807 1504013532.8142972
19 14.2333 3.0615 3.0725 1504013534.0135589
20 14.1116 3.071 3.0621 1504013535.2133913
21 13.9897 3.081 3.0509 1504013536.4152193
22 13.8732 3.0914 3.0408 1504013537.6152837
23 13.7586 3.1026 3.0307 1504013538.8129258
24 13.6416 3.1165 3.0206 1504013540.014156
25 13.5267 3.134 3.0055 1504013541.2163615
26 13.4087 3.1479 2.9986 1504013542.4144223
27 13.2906 3.165 2.9856 1504013543.67517
28 13.1669 3.1858 2.9695 1504013544.8760064
29 13.0547 3.2127 2.9534 1504013546.0780349
30 12.9357 3.2328 2.9356 1504013547.2763338
31 12.8216 3.2575 2.9177 1504013548.4747245
32 12.7117 3.283 2.8977 1504013549.6746488
33 12.6015 3.3123 2.8741 1504013550.878415
34 12.4947 3.3439 2.8495 1504013552.077569
35 12.3887 3.3803 2.8223 1504013553.2744622
36 12.2863 3.4154 2.796 1504013554.474162
37 12.1779 3.4597 2.7694 1504013555.7337475
38 12.0771 3.5008 2.7433 1504013556.9343524
39 11.9711 3.5476 2.7168 1504013558.13245
40 11.8751 3.5925 2.6907 1504013559.331235
41 11.7777 3.6431 2.6616 1504013560.5336545
42 11.6817 3.6926 2.6327 1504013561.7344248
43 11.5891 3.7468 2.6032 1504013562.93295
44 11.4966 3.804 2.5736 1504013564.131761
45 11.4047 3.8651 2.5427 1504013565.3343627
46 11.3145 3.9286 2.5131 1504013566.5339174
47 11.2226 3.9989 2.4826 1504013567.7922077
48 11.1368 4.0692 2.4539 1504013568.9915056
49 11.0535 4.1399 2.4251 1504013570.1940873
50 10.9697 4.2147 2.3971 1504013571.3948963
51 10.8899 4.291 2.3699 1504013572.593131
52 10.8124 4.3667 2.344 1504013573.7914727
53 10.7315 4.4488 2.3175 1504013574.9924896
54 10.6602 4.5294 2.2892 1504013576.1942382
55 10.5855 4.6203 2.2595 1504013577.4536386
56 10.519 4.7048 2.2325 1504013578.651082
57 10.4528 4.7926 2.2063 1504013579.8537045
58 10.3884 4.8857 2.1813 1504013581.0554628
59 10.3288 4.9796 2.1565 1504013582.2535276
60 10.2687 5.0745 2.1346 1504013583.4514902
61 10.2101 5.1686 2.1129 1504013584.6531148
62 10.1565 5.2623 2.0919 1504013585.8544664
63 10.1025 5.3637 2.0683 1504013587.0529556
64 10.0456 5.4702 2.0437 1504013588.3137062
65 9.9934 5.5719 2.0218 1504013589.514019
66 9.9431 5.6773 2.0008 1504013590.7171397
67 9.8952 5.7846 1.9815 1504013591.9172835
68 9.8486 5.8886 1.9648 1504013593.1132169
69 9.8036 5.9943 1.949 1504013594.3145876
70 9.7567 6.1052 1.9328 1504013595.5190182
71 9.7137 6.2174 1.917 1504013596.7165
72 9.6732 6.3344 1.9018 1504013597.914813
73 9.6354 6.4519 1.8867 1504013599.1708899
74 9.5999 6.5658 1.8729 1504013600.372478
75 9.5682 6.6782 1.8608 1504013601.573178
76 9.538 6.7894 1.8509 1504013602.771021
77 9.5068 6.902 1.8421 1504013603.9709132
78 9.4794 7.0178 1.8354 1504013605.173217
79 9.4503 7.1287 1.8275 1504013606.373019
80 9.4189 7.245 1.8223 1504013607.5713155
81 9.3869 7.3602 1.8177 1504013608.77108
82 9.3548 7.4817 1.8119 1504013609.9731364
83 9.3265 7.6033 1.808 1504013611.2352479
84 9.2989 7.7149 1.8049 1504013612.43225
85 9.2694 7.8351 1.8118 1504013613.630795
86 9.2399 7.9528 1.8192 1504013614.8331523
87 9.2112 8.0644 1.8275 1504013616.0337868
88 9.1818 8.1771 1.8369 1504013617.2316222
89 9.1511 8.2919 1.8471 1504013618.4302578
90 9.1208 8.4026 1.8575 1504013619.6318116
91 9.0865 8.5217 1.87 1504013620.8933005
92 9.048 8.6443 1.8839 1504013622.0915499
93 9.0083 8.7625 1.8986 1504013623.2904308
94 8.9719 8.8677 1.912 1504013624.4925535
95 8.9317 8.9758 1.9259 1504013625.6939385
96 8.8866 9.0893 1.9411 1504013626.8912828
97 8.8449 9.1909 1.9558 1504013628.0899146
98 8.7993 9.2967 1.9724 1504013629.292078
99 8.754 9.3998 1.9904 1504013630.4940457
100 8.7036 9.5071 2.0119 1504013631.754805
101 8.6543 9.607 2.0329 1504013632.9539115
102 8.5962 9.7145 2.0552 1504013634.1546743
103 8.5423 9.8104 2.0789 1504013635.3565264
104 8.4809 9.9144 2.0992 1504013636.5547185
105 8.4226 10.0095 2.1197 1504013637.7532754
106 8.3603 10.1065 2.1403 1504013638.955268
107 8.2977 10.2014 2.1606 1504013640.1567423
108 8.2338 10.2942 2.1802 1504013641.354878
109 8.1648 10.391 2.201 1504013642.6096587
110 8.0945 10.4862 2.2211 1504013643.8096867
111 8.0232 10.5782 2.2403 1504013645.01208
112 7.9508 10.6684 2.2582 1504013646.211823
113 7.8764 10.7573 2.2753 1504013647.4095588
114 7.7988 10.8458 2.2911 1504013648.6105518
115 7.7231 10.9317 2.3053 1504013649.813342
116 7.6452 11.0178 2.3199 1504013651.012268
117 7.565 11.1039 2.3335 1504013652.2105677
118 7.4782 11.1942 2.3476 1504013653.4699416
119 7.3941 11.2794 2.361 1504013654.6719508
120 7.3061 11.3656 2.3744 1504013655.8721411
121 7.2217 11.4465 2.3872 1504013657.0710788
122 7.1341 11.5297 2.3993 1504013658.270344
123 7.0478 11.6067 2.4115 1504013659.4716706
124 6.9591 11.6843 2.424 1504013660.671981
125 6.8711 11.761 2.4361 1504013661.8706872
126 6.7815 11.837 2.4488 1504013663.0701053
127 6.6867 11.9121 2.4626 1504013664.272729
128 6.5889 11.9883 2.4787 1504013665.532514
129 6.4966 12.0567 2.4937 1504013666.731389
130 6.4007 12.125 2.5101 1504013667.9293423
131 6.3059 12.1903 2.5267 1504013669.1320705
132 6.2125 12.2538 2.545 1504013670.3321922
133 6.1187 12.316 2.5654 1504013671.5310478
134 6.0245 12.3765 2.5881 1504013672.729379
135 5.9293 12.434 2.6131 1504013673.9316077
136 5.8307 12.4886 2.6406 1504013675.1321385
137 5.7322 12.5394 2.6698 1504013676.3310077
138 5.628 12.5897 2.7011 1504013677.5917354
139 5.5295 12.6344 2.7308 1504013678.7938318
140 5.4308 12.6753 2.7609 1504013679.9967084
141 5.3305 12.7134 2.7924 1504013681.1945448
142 5.2265 12.7494 2.8257 1504013682.3926802
143 5.1225 12.7816 2.8588 1504013683.593678
144 5.024 12.8084 2.8909 1504013684.7955112
145 4.9223 12.835 2.921 1504013685.99414
146 4.8198 12.8546 2.9557 1504013687.1930375
147 4.7199 12.8832 2.9848 1504013688.3932996
148 4.604 12.8903 3.0185 1504013689.652855
149 4.4996 12.8997 3.0485 1504013690.8508399
150 4.3812 12.9149 3.0728 1504013692.0491877
151 4.2635 12.9171 3.0925 1504013693.250068
152 4.1577 12.9336 3.1017 1504013694.452807
153 4.0574 12.9289 3.1097 1504013695.229547


# Displacement and sum and time
0 0 0 1504013512.2844448
0 0.07128273730995202 0.07128273730995202 1504013512.2844448

1 0 0 1504013513.4897008
1 -0.03898716483105083 0.03229557247890119 1504013513.4897008

2 0 0 1504013514.6950989
2 -0.018880971848074135 0.013414600630827056 1504013514.6950989

3 0 0 1504013515.9010415
3 -0.0004084070449665578 0.013006193585860498 1504013515.9010415

4 0 0 1504013517.1088736
4 -0.025101325302182266 -0.012095131716321768 1504013517.1088736

5 0 0 1504013518.314244
5 0.0232792015631008 0.011184069846779034 1504013518.314244

6 0 0 1504013519.5222
6 -0.09116901880717594 -0.0799849489603969 1504013519.5222

7 0 0 1504013520.7282908
7 0.11077255696557492 0.03078760800517802 1504013520.7282908

8 0 0 1504013521.9341679
8 -0.00245044226979935 0.02833716573537867 1504013521.9341679

9 0 0 1504013523.1430974
9 -0.018095573684677166 0.010241592050701503 1504013523.1430974

10 0 0 1504013524.3488307
10 0.05862211891598592 0.06886371096668742 1504013524.3488307

11 0 0 1504013525.5566592
11 -0.044799111240189565 0.024064599726497854 1504013525.5566592

12 0 0 1504013526.76215
12 0.014105751014617106 0.03817035074111496 1504013526.76215

13 0 0 1504013527.96881
13 -0.000628318530717889 0.03754203221039707 1504013527.96881

14 0 0 1504013529.1746585
14 -0.09142034621946198 -0.053878314009064905 1504013529.1746585

15 0 0 1504013530.3808365
15 0.11639600781550122 0.06251769380643632 1504013530.3808365

16 0 0 1504013531.5858269
16 -0.10540043352793885 -0.04288273972150253 1504013531.5858269

17 0 0 1504013532.7915626
17 0.026043803098259797 -0.01683893662324273 1504013532.7915626

18 0 0 1504013533.9975495
18 0.055669021821611694 0.03883008519836896 1504013533.9975495

19 0 0 1504013535.2025204
19 -0.009047786842339284 0.029782298356029677 1504013535.2025204

20 0 0 1504013536.407947
20 0.010367255756847271 0.04014955411287695 1504013536.407947

21 0 0 1504013537.6131375
21 0.0067858401317537655 0.04693539424463071 1504013537.6131375

22 0 0 1504013538.8187366
22 -0.12173671532660396 -0.07480132108197325 1504013538.8187366

23 0 0 1504013540.0263615
23 0.15535175672001456 0.0805504356380413 1504013540.0263615

24 0 0 1504013541.2314975
24 0.039332740022943784 0.11988317566098508 1504013541.2314975

25 0 0 1504013542.4382877
25 -0.007005751617505097 0.11287742404347999 1504013542.4382877

26 0 0 1504013543.6436703
26 -0.031101767270537622 0.08177565677294237 1504013543.6436703

27 0 0 1504013544.8489804
27 -0.0022619467105855218 0.07951371006235684 1504013544.8489804

28 0 0 1504013546.0562775
28 0.009393362034233639 0.08890707209659049 1504013546.0562775

29 0 0 1504013547.2613473
29 -0.017718582566246713 0.07118848953034378 1504013547.2613473

30 0 0 1504013548.4674122
30 -0.10882476952035045 -0.03763627999000667 1504013548.4674122

31 0 0 1504013549.6731007
31 -0.0003141592653582437 -0.03795043925536491 1504013549.6731007

32 0 0 1504013550.8811452
32 0.14105751014618084 0.10310707089081593 1504013550.8811452

33 0 0 1504013552.0888171
33 -0.12714025469077894 -0.024033183799963012 1504013552.0888171

34 0 0 1504013553.2940383
34 0.014137166941154605 -0.009896016858808407 1504013553.2940383

35 0 0 1504013554.502072
35 0.03788760740229278 0.027991590543484372 1504013554.502072

36 0 0 1504013555.7073913
36 0.018849555921538072 0.046841146465022444 1504013555.7073913

37 0 0 1504013556.913059
37 0.054098225494816285 0.10093937195983874 1504013556.913059

38 0 0 1504013558.1182313
38 -0.057271234074941835 0.0436681378848969 1504013558.1182313

39 0 0 1504013559.3256674
39 -0.03342654583419534 0.010241592050701562 1504013559.3256674

40 0 0 1504013560.5331364
40 -0.006723008278681553 0.003518583772020009 1504013560.5331364

41 0 0 1504013561.7384448
41 0.0774402589109893 0.0809588426830093 1504013561.7384448

42 0 0 1504013562.944204
42 0.002796017461693695 0.083754860144703 1504013562.944204

43 0 0 1504013564.1491945
43 -0.009393362034233632 0.07436149811046937 1504013564.1491945

44 0 0 1504013565.3553104
44 0.02164557338323457 0.09600707149370394 1504013565.3553104

45 0 0 1504013566.5640087
45 -0.017655750713175905 0.07835132078052803 1504013566.5640087

46 0 0 1504013567.770167
46 0.06276902121872371 0.14112034199925175 1504013567.770167

47 0 0 1504013568.975842
47 -0.0767805244537339 0.06433981754551785 1504013568.975842

48 0 0 1504013570.1822429
48 0.20090485019706783 0.2652446677425857 1504013570.1822429

49 0 0 1504013571.3890471
49 -0.013980087308475483 0.2512645804341102 1504013571.3890471

50 0 0 1504013572.6013334
50 -0.07382742735935968 0.17743715307475053 1504013572.6013334

51 0 0 1504013573.806239
51 0.07056017099962722 0.24799732407437775 1504013573.806239

52 0 0 1504013575.0145988
52 -0.020765927440227844 0.2272313966341499 1504013575.0145988

53 0 0 1504013576.2198646
53 -0.056768579250368364 0.17046281738378155 1504013576.2198646

54 0 0 1504013577.4261923
54 0.08721061206365198 0.25767342944743354 1504013577.4261923

55 0 0 1504013578.6343665
55 0.0627061893656529 0.32037961881308646 1504013578.6343665

56 0 0 1504013579.8394804
56 -0.17797122382586275 0.1424083949872237 1504013579.8394804

57 0 0 1504013581.0447872
57 0.14778051842486517 0.29018891341208886 1504013581.0447872

58 0 0 1504013582.250189
58 0.037070793312359664 0.32725970672444854 1504013582.250189

59 0 0 1504013583.4600601
59 -0.006157521601035873 0.32110218512341265 1504013583.4600601

60 0 0 1504013584.6667957
60 -0.04951150022057582 0.27159068490283683 1504013584.6667957

61 0 0 1504013585.8740199
61 0.2532123678793373 0.5248030527821741 1504013585.8740199

62 0 0 1504013587.0795343
62 -0.2049889206467334 0.3198141321354407 1504013587.0795343

63 0 0 1504013588.2843256
63 0.002764601535158992 0.3225787336705997 1504013588.2843256

64 0 0 1504013589.493403
64 0.07772300224981143 0.40030173592041113 1504013589.493403

65 0 0 1504013590.6992738
65 0.000879645943005325 0.40118138186341645 1504013590.6992738

66 0 0 1504013591.9047534
66 -0.017687166639711996 0.38349421522370447 1504013591.9047534

67 0 0 1504013593.1099608
67 0.06748141019910928 0.4509756254228138 1504013593.1099608

68 0 0 1504013594.3151803
68 -0.16103803942301306 0.2899375859998007 1504013594.3151803

69 0 0 1504013595.5231364
69 -0.023467697122316035 0.26646988887748463 1504013595.5231364

70 0 0 1504013596.7307577
70 0.07740884298445319 0.34387873186193785 1504013596.7307577

71 0 0 1504013597.938448
71 0.09220574438286039 0.43608447624479824 1504013597.938448

72 0 0 1504013599.144358
72 -0.0514592876658003 0.3846251885789979 1504013599.144358

73 0 0 1504013600.3528378
73 0.0422858371173187 0.4269110256963166 1504013600.3528378

74 0 0 1504013601.5579498
74 -0.06958627727701427 0.35732474841930234 1504013601.5579498

75 0 0 1504013602.7634137
75 0.05965884449167037 0.4169835929109727 1504013602.7634137

76 0 0 1504013603.9690466
76 0.02931105945799226 0.446294652368965 1504013603.9690466

77 0 0 1504013605.1745615
77 -0.09528450518337833 0.35101014718558665 1504013605.1745615

78 0 0 1504013606.3811991
78 0.18623361250480364 0.5372437596903903 1504013606.3811991

79 0 0 1504013607.5873303
79 -0.09355662922390448 0.4436871304664858 1504013607.5873303

80 0 0 1504013608.7952845
80 -0.011026990214100564 0.4326601402523852 1504013608.7952845

81 0 0 1504013610.0007946
81 0.01288052987971813 0.4455406701321033 1504013610.0007946

82 0 0 1504013611.2074504
82 -0.027865926837341258 0.41767474329476206 1504013611.2074504

83 0 0 1504013612.415696
83 0.03238982025851089 0.45006456355327296 1504013612.415696

84 0 0 1504013613.6209133
84 -0.054003977715208665 0.3960605858380643 1504013613.6209133

85 0 0 1504013614.8284771
85 0.06144955230421642 0.4575101381422807 1504013614.8284771

86 0 0 1504013616.0371315
86 0.09104335510103222 0.5485534932433129 1504013616.0371315

87 0 0 1504013617.2446547
87 -0.021488493750554748 0.5270649994927582 1504013617.2446547

88 0 0 1504013618.4506054
88 -0.030693360225571762 0.4963716392671864 1504013618.4506054

89 0 0 1504013619.6560748
89 0.09427919553422999 0.5906508348014164 1504013619.6560748

90 0 0 1504013620.8636773
90 -0.0472495535099917 0.5434012812914247 1504013620.8636773

91 0 0 1504013622.068949
91 -0.019949113350294034 0.5234521679411307 1504013622.068949

92 0 0 1504013623.2767763
92 0.0873991076228679 0.6108512755639985 1504013623.2767763

93 0 0 1504013624.4819548
93 -0.18384600208807508 0.42700527347592343 1504013624.4819548

94 0 0 1504013625.6880152
94 0.01064999909566941 0.43765527257159287 1504013625.6880152

95 0 0 1504013626.89339
95 -0.10590308835251233 0.33175218421908054 1504013626.89339

96 0 0 1504013628.099285
96 0.07040309136694808 0.4021552755860286 1504013628.099285

97 0 0 1504013629.307955
97 0.04523893421169362 0.4473942097977222 1504013629.307955

98 0 0 1504013630.5135205
98 -0.03732212072464779 0.4100720890730744 1504013630.5135205

99 0 0 1504013631.7241518
99 -0.0017592918860099421 0.4083127971870645 1504013631.7241518

100 0 0 1504013632.9292176
100 0.022996458224277275 0.43130925541134174 1504013632.9292176

101 0 0 1504013634.1360455
101 0.023373449342707714 0.4546827047540495 1504013634.1360455

102 0 0 1504013635.34143
102 -0.018095573684677173 0.4365871310693723 1504013635.34143

103 0 0 1504013636.5466754
103 -0.16568759655032572 0.2708995345190466 1504013636.5466754

104 0 0 1504013637.7539985
104 0.14046060754200043 0.411360142061047 1504013637.7539985

105 0 0 1504013638.9598708
105 -0.13383184704292578 0.2775282950181212 1504013638.9598708

106 0 0 1504013640.1706603
106 0.018158405537749375 0.2956867005558706 1504013640.1706603

107 0 0 1504013641.3760874
107 0.010398671683381981 0.3060853722392526 1504013641.3760874

108 0 0 1504013642.5865867
108 -0.10584025649944012 0.20024511573981246 1504013642.5865867

109 0 0 1504013643.7937152
109 0.18975219627682355 0.389997312016636 1504013643.7937152

110 0 0 1504013644.999022
110 -0.2856336040643843 0.1043637079522517 1504013644.999022

111 0 0 1504013646.204134
111 0.14325662500369554 0.24762033295594724 1504013646.204134

112 0 0 1504013647.4093585
112 -0.0035499996985574045 0.24407033325738983 1504013647.4093585

113 0 0 1504013648.6161563
113 -0.10100220381291224 0.1430681294444776 1504013648.6161563

114 0 0 1504013649.8232903
114 0.08739910762286862 0.23046723706734623 1504013649.8232903

115 0 0 1504013651.0317228
115 0.11008140658178622 0.34054864364913245 1504013651.0317228

116 0 0 1504013652.2388537
116 -0.07913671894392633 0.26141192470520613 1504013652.2388537

117 0 0 1504013653.4444613
117 -0.026766369408584602 0.23464555529662154 1504013653.4444613

118 0 0 1504013654.6495533
118 0.016807520696703895 0.25145307599332545 1504013654.6495533

119 0 0 1504013655.8556244
119 -0.07929379857660546 0.17215927741672 1504013655.8556244

120 0 0 1504013657.0619333
120 0.09760928374703534 0.26976856116375536 1504013657.0619333

121 0 0 1504013658.2672522
121 -0.2108008670558763 0.058967694107879054 1504013658.2672522

122 0 0 1504013659.4722311
122 0.13559113892893504 0.1945588330368141 1504013659.4722311

123 0 0 1504013660.6791205
123 0.002324778563657731 0.19688361160047183 1504013660.6791205

124 0 0 1504013661.8840208
124 -0.04718672165691949 0.14969688994355235 1504013661.8840208

125 0 0 1504013663.09121
125 0.0162106180925249 0.16590750803607723 1504013663.09121

126 0 0 1504013664.2976875
126 0.07078008248537715 0.23668759052145438 1504013664.2976875

127 0 0 1504013665.5027514
127 -0.04247433267653323 0.19421325784492116 1504013665.5027514

128 0 0 1504013666.710544
128 0.11212344180661901 0.3063366996515402 1504013666.710544

129 0 0 1504013667.9183278
129 -0.012503538761286973 0.29383316089025324 1504013667.9183278

130 0 0 1504013669.1234345
130 0.09402786812194183 0.3878610290121951 1504013669.1234345

131 0 0 1504013670.328827
131 0.0019163715186897717 0.3897774005308849 1504013670.328827

132 0 0 1504013671.53387
132 -0.12874246694410907 0.2610349335867758 1504013671.53387

133 0 0 1504013672.7411728
133 0.0006911503837900984 0.2617260839705659 1504013672.7411728

134 0 0 1504013673.946456
134 -0.01165530874481914 0.2500707752257468 1504013673.946456

135 0 0 1504013675.1519346
135 0.0010995574287566562 0.25117033265450345 1504013675.1519346

136 0 0 1504013676.3574333
136 0.05554335811546729 0.30671369076997074 1504013676.3574333

137 0 0 1504013677.5639572
137 -0.08818450578626422 0.21852918498370652 1504013677.5639572

138 0 0 1504013678.7699947
138 0.040872120423201694 0.2594013054069082 1504013678.7699947

139 0 0 1504013679.9773178
139 -0.04677831461195154 0.21262299079495667 1504013679.9773178

140 0 0 1504013681.1833234
140 0.048883181689856545 0.2615061724848132 1504013681.1833234

141 0 0 1504013682.388768
141 0.07436149811047067 0.3358676705952839 1504013682.388768

142 0 0 1504013683.5961008
142 0.15221016406642512 0.488077834661709 1504013683.5961008

143 0 0 1504013684.8018157
143 -0.002638937829014573 0.4854388968326944 1504013684.8018157

144 0 0 1504013686.0070791
144 -0.1457070672734949 0.33973182955919956 1504013686.0070791

145 0 0 1504013687.2139099
145 0.0005340707511095749 0.3402659003103091 1504013687.2139099

146 0 0 1504013688.4194362
146 -0.06016149931624384 0.2801044009940653 1504013688.4194362

147 0 0 1504013689.62491
147 -0.04203450970503196 0.23806989128903333 1504013689.62491

148 0 0 1504013690.8300414
148 0.046652650905808515 0.28472254219484183 1504013690.8300414

149 0 0 1504013692.0348103
149 -0.9294087706380033 -0.6446862284431615 1504013692.0348103

150 0 0 1504013693.2412136
150 -0.024535838624536586 -0.669222067067698 1504013693.2412136

151 0 0 1504013694.4461548
151 0.0824353912301949 -0.5867866758375031 1504013694.4461548

152 0 0 1504013695.2500045
152 -0.07096857804459238 -0.6577552538820954 1504013695.2500045



# Displacement abs and sum and time
0 0 0 1504013512.2844448
0 0.07128273730995202 0.07128273730995202 1504013512.2844448

1 0 0 1504013513.4897008
1 0.03898716483105083 0.11026990214100285 1504013513.4897008

2 0 0 1504013514.6950989
2 0.018880971848074135 0.129150873989077 1504013514.6950989

3 0 0 1504013515.9010415
3 0.0004084070449665578 0.12955928103404354 1504013515.9010415

4 0 0 1504013517.1088736
4 0.025101325302182266 0.1546606063362258 1504013517.1088736

5 0 0 1504013518.314244
5 0.0232792015631008 0.17793980789932662 1504013518.314244

6 0 0 1504013519.5222
6 0.09116901880717594 0.26910882670650255 1504013519.5222

7 0 0 1504013520.7282908
7 0.11077255696557492 0.37988138367207747 1504013520.7282908

8 0 0 1504013521.9341679
8 0.00245044226979935 0.3823318259418768 1504013521.9341679

9 0 0 1504013523.1430974
9 0.018095573684677166 0.400427399626554 1504013523.1430974

10 0 0 1504013524.3488307
10 0.05862211891598592 0.4590495185425399 1504013524.3488307

11 0 0 1504013525.5566592
11 0.044799111240189565 0.5038486297827295 1504013525.5566592

12 0 0 1504013526.76215
12 0.014105751014617106 0.5179543807973466 1504013526.76215

13 0 0 1504013527.96881
13 0.000628318530717889 0.5185826993280644 1504013527.96881

14 0 0 1504013529.1746585
14 0.09142034621946198 0.6100030455475264 1504013529.1746585

15 0 0 1504013530.3808365
15 0.11639600781550122 0.7263990533630276 1504013530.3808365

16 0 0 1504013531.5858269
16 0.10540043352793885 0.8317994868909664 1504013531.5858269

17 0 0 1504013532.7915626
17 0.026043803098259797 0.8578432899892262 1504013532.7915626

18 0 0 1504013533.9975495
18 0.055669021821611694 0.9135123118108379 1504013533.9975495

19 0 0 1504013535.2025204
19 0.009047786842339284 0.9225600986531772 1504013535.2025204

20 0 0 1504013536.407947
20 0.010367255756847271 0.9329273544100245 1504013536.407947

21 0 0 1504013537.6131375
21 0.0067858401317537655 0.9397131945417783 1504013537.6131375

22 0 0 1504013538.8187366
22 0.12173671532660396 1.0614499098683823 1504013538.8187366

23 0 0 1504013540.0263615
23 0.15535175672001456 1.2168016665883967 1504013540.0263615

24 0 0 1504013541.2314975
24 0.039332740022943784 1.2561344066113405 1504013541.2314975

25 0 0 1504013542.4382877
25 0.007005751617505097 1.2631401582288455 1504013542.4382877

26 0 0 1504013543.6436703
26 0.031101767270537622 1.294241925499383 1504013543.6436703

27 0 0 1504013544.8489804
27 0.0022619467105855218 1.2965038722099687 1504013544.8489804

28 0 0 1504013546.0562775
28 0.009393362034233639 1.3058972342442023 1504013546.0562775

29 0 0 1504013547.2613473
29 0.017718582566246713 1.323615816810449 1504013547.2613473

30 0 0 1504013548.4674122
30 0.10882476952035045 1.4324405863307994 1504013548.4674122

31 0 0 1504013549.6731007
31 0.0003141592653582437 1.4327547455961576 1504013549.6731007

32 0 0 1504013550.8811452
32 0.14105751014618084 1.5738122557423384 1504013550.8811452

33 0 0 1504013552.0888171
33 0.12714025469077894 1.7009525104331173 1504013552.0888171

34 0 0 1504013553.2940383
34 0.014137166941154605 1.7150896773742719 1504013553.2940383

35 0 0 1504013554.502072
35 0.03788760740229278 1.7529772847765646 1504013554.502072

36 0 0 1504013555.7073913
36 0.018849555921538072 1.7718268406981026 1504013555.7073913

37 0 0 1504013556.913059
37 0.054098225494816285 1.825925066192919 1504013556.913059

38 0 0 1504013558.1182313
38 0.057271234074941835 1.8831963002678607 1504013558.1182313

39 0 0 1504013559.3256674
39 0.03342654583419534 1.916622846102056 1504013559.3256674

40 0 0 1504013560.5331364
40 0.006723008278681553 1.9233458543807376 1504013560.5331364

41 0 0 1504013561.7384448
41 0.0774402589109893 2.000786113291727 1504013561.7384448

42 0 0 1504013562.944204
42 0.002796017461693695 2.0035821307534207 1504013562.944204

43 0 0 1504013564.1491945
43 0.009393362034233632 2.012975492787654 1504013564.1491945

44 0 0 1504013565.3553104
44 0.02164557338323457 2.034621066170889 1504013565.3553104

45 0 0 1504013566.5640087
45 0.017655750713175905 2.052276816884065 1504013566.5640087

46 0 0 1504013567.770167
46 0.06276902121872371 2.1150458381027883 1504013567.770167

47 0 0 1504013568.975842
47 0.0767805244537339 2.1918263625565224 1504013568.975842

48 0 0 1504013570.1822429
48 0.20090485019706783 2.3927312127535902 1504013570.1822429

49 0 0 1504013571.3890471
49 0.013980087308475483 2.406711300062066 1504013571.3890471

50 0 0 1504013572.6013334
50 0.07382742735935968 2.4805387274214254 1504013572.6013334

51 0 0 1504013573.806239
51 0.07056017099962722 2.5510988984210528 1504013573.806239

52 0 0 1504013575.0145988
52 0.020765927440227844 2.5718648258612804 1504013575.0145988

53 0 0 1504013576.2198646
53 0.056768579250368364 2.628633405111649 1504013576.2198646

54 0 0 1504013577.4261923
54 0.08721061206365198 2.715844017175301 1504013577.4261923

55 0 0 1504013578.6343665
55 0.0627061893656529 2.7785502065409537 1504013578.6343665

56 0 0 1504013579.8394804
56 0.17797122382586275 2.9565214303668164 1504013579.8394804

57 0 0 1504013581.0447872
57 0.14778051842486517 3.1043019487916816 1504013581.0447872

58 0 0 1504013582.250189
58 0.037070793312359664 3.1413727421040414 1504013582.250189

59 0 0 1504013583.4600601
59 0.006157521601035873 3.147530263705077 1504013583.4600601

60 0 0 1504013584.6667957
60 0.04951150022057582 3.197041763925653 1504013584.6667957

61 0 0 1504013585.8740199
61 0.2532123678793373 3.45025413180499 1504013585.8740199

62 0 0 1504013587.0795343
62 0.2049889206467334 3.6552430524517234 1504013587.0795343

63 0 0 1504013588.2843256
63 0.002764601535158992 3.6580076539868824 1504013588.2843256

64 0 0 1504013589.493403
64 0.07772300224981143 3.7357306562366936 1504013589.493403

65 0 0 1504013590.6992738
65 0.000879645943005325 3.736610302179699 1504013590.6992738

66 0 0 1504013591.9047534
66 0.017687166639711996 3.7542974688194106 1504013591.9047534

67 0 0 1504013593.1099608
67 0.06748141019910928 3.82177887901852 1504013593.1099608

68 0 0 1504013594.3151803
68 0.16103803942301306 3.9828169184415327 1504013594.3151803

69 0 0 1504013595.5231364
69 0.023467697122316035 4.006284615563849 1504013595.5231364

70 0 0 1504013596.7307577
70 0.07740884298445319 4.083693458548302 1504013596.7307577

71 0 0 1504013597.938448
71 0.09220574438286039 4.175899202931162 1504013597.938448

72 0 0 1504013599.144358
72 0.0514592876658003 4.227358490596962 1504013599.144358

73 0 0 1504013600.3528378
73 0.0422858371173187 4.26964432771428 1504013600.3528378

74 0 0 1504013601.5579498
74 0.06958627727701427 4.339230604991294 1504013601.5579498

75 0 0 1504013602.7634137
75 0.05965884449167037 4.398889449482964 1504013602.7634137

76 0 0 1504013603.9690466
76 0.02931105945799226 4.428200508940956 1504013603.9690466

77 0 0 1504013605.1745615
77 0.09528450518337833 4.523485014124335 1504013605.1745615

78 0 0 1504013606.3811991
78 0.18623361250480364 4.709718626629138 1504013606.3811991

79 0 0 1504013607.5873303
79 0.09355662922390448 4.803275255853043 1504013607.5873303

80 0 0 1504013608.7952845
80 0.011026990214100564 4.814302246067143 1504013608.7952845

81 0 0 1504013610.0007946
81 0.01288052987971813 4.827182775946861 1504013610.0007946

82 0 0 1504013611.2074504
82 0.027865926837341258 4.855048702784202 1504013611.2074504

83 0 0 1504013612.415696
83 0.03238982025851089 4.8874385230427135 1504013612.415696

84 0 0 1504013613.6209133
84 0.054003977715208665 4.941442500757923 1504013613.6209133

85 0 0 1504013614.8284771
85 0.06144955230421642 5.002892053062139 1504013614.8284771

86 0 0 1504013616.0371315
86 0.09104335510103222 5.093935408163171 1504013616.0371315

87 0 0 1504013617.2446547
87 0.021488493750554748 5.115423901913726 1504013617.2446547

88 0 0 1504013618.4506054
88 0.030693360225571762 5.146117262139297 1504013618.4506054

89 0 0 1504013619.6560748
89 0.09427919553422999 5.240396457673527 1504013619.6560748

90 0 0 1504013620.8636773
90 0.0472495535099917 5.287646011183519 1504013620.8636773

91 0 0 1504013622.068949
91 0.019949113350294034 5.307595124533813 1504013622.068949

92 0 0 1504013623.2767763
92 0.0873991076228679 5.39499423215668 1504013623.2767763

93 0 0 1504013624.4819548
93 0.18384600208807508 5.578840234244756 1504013624.4819548

94 0 0 1504013625.6880152
94 0.01064999909566941 5.589490233340425 1504013625.6880152

95 0 0 1504013626.89339
95 0.10590308835251233 5.695393321692937 1504013626.89339

96 0 0 1504013628.099285
96 0.07040309136694808 5.765796413059886 1504013628.099285

97 0 0 1504013629.307955
97 0.04523893421169362 5.811035347271579 1504013629.307955

98 0 0 1504013630.5135205
98 0.03732212072464779 5.848357467996227 1504013630.5135205

99 0 0 1504013631.7241518
99 0.0017592918860099421 5.850116759882237 1504013631.7241518

100 0 0 1504013632.9292176
100 0.022996458224277275 5.873113218106514 1504013632.9292176

101 0 0 1504013634.1360455
101 0.023373449342707714 5.896486667449222 1504013634.1360455

102 0 0 1504013635.34143
102 0.018095573684677173 5.914582241133899 1504013635.34143

103 0 0 1504013636.5466754
103 0.16568759655032572 6.080269837684225 1504013636.5466754

104 0 0 1504013637.7539985
104 0.14046060754200043 6.220730445226225 1504013637.7539985

105 0 0 1504013638.9598708
105 0.13383184704292578 6.354562292269151 1504013638.9598708

106 0 0 1504013640.1706603
106 0.018158405537749375 6.3727206978069 1504013640.1706603

107 0 0 1504013641.3760874
107 0.010398671683381981 6.383119369490283 1504013641.3760874

108 0 0 1504013642.5865867
108 0.10584025649944012 6.488959625989723 1504013642.5865867

109 0 0 1504013643.7937152
109 0.18975219627682355 6.678711822266546 1504013643.7937152

110 0 0 1504013644.999022
110 0.2856336040643843 6.96434542633093 1504013644.999022

111 0 0 1504013646.204134
111 0.14325662500369554 7.107602051334626 1504013646.204134

112 0 0 1504013647.4093585
112 0.0035499996985574045 7.111152051033184 1504013647.4093585

113 0 0 1504013648.6161563
113 0.10100220381291224 7.212154254846096 1504013648.6161563

114 0 0 1504013649.8232903
114 0.08739910762286862 7.299553362468965 1504013649.8232903

115 0 0 1504013651.0317228
115 0.11008140658178622 7.409634769050751 1504013651.0317228

116 0 0 1504013652.2388537
116 0.07913671894392633 7.488771487994677 1504013652.2388537

117 0 0 1504013653.4444613
117 0.026766369408584602 7.515537857403262 1504013653.4444613

118 0 0 1504013654.6495533
118 0.016807520696703895 7.532345378099966 1504013654.6495533

119 0 0 1504013655.8556244
119 0.07929379857660546 7.611639176676571 1504013655.8556244

120 0 0 1504013657.0619333
120 0.09760928374703534 7.7092484604236065 1504013657.0619333

121 0 0 1504013658.2672522
121 0.2108008670558763 7.920049327479482 1504013658.2672522

122 0 0 1504013659.4722311
122 0.13559113892893504 8.055640466408418 1504013659.4722311

123 0 0 1504013660.6791205
123 0.002324778563657731 8.057965244972076 1504013660.6791205

124 0 0 1504013661.8840208
124 0.04718672165691949 8.105151966628995 1504013661.8840208

125 0 0 1504013663.09121
125 0.0162106180925249 8.12136258472152 1504013663.09121

126 0 0 1504013664.2976875
126 0.07078008248537715 8.192142667206898 1504013664.2976875

127 0 0 1504013665.5027514
127 0.04247433267653323 8.234616999883432 1504013665.5027514

128 0 0 1504013666.710544
128 0.11212344180661901 8.34674044169005 1504013666.710544

129 0 0 1504013667.9183278
129 0.012503538761286973 8.359243980451337 1504013667.9183278

130 0 0 1504013669.1234345
130 0.09402786812194183 8.453271848573278 1504013669.1234345

131 0 0 1504013670.328827
131 0.0019163715186897717 8.455188220091967 1504013670.328827

132 0 0 1504013671.53387
132 0.12874246694410907 8.583930687036077 1504013671.53387

133 0 0 1504013672.7411728
133 0.0006911503837900984 8.584621837419867 1504013672.7411728

134 0 0 1504013673.946456
134 0.01165530874481914 8.596277146164686 1504013673.946456

135 0 0 1504013675.1519346
135 0.0010995574287566562 8.597376703593444 1504013675.1519346

136 0 0 1504013676.3574333
136 0.05554335811546729 8.652920061708912 1504013676.3574333

137 0 0 1504013677.5639572
137 0.08818450578626422 8.741104567495176 1504013677.5639572

138 0 0 1504013678.7699947
138 0.040872120423201694 8.781976687918378 1504013678.7699947

139 0 0 1504013679.9773178
139 0.04677831461195154 8.82875500253033 1504013679.9773178

140 0 0 1504013681.1833234
140 0.048883181689856545 8.877638184220187 1504013681.1833234

141 0 0 1504013682.388768
141 0.07436149811047067 8.951999682330657 1504013682.388768

142 0 0 1504013683.5961008
142 0.15221016406642512 9.104209846397081 1504013683.5961008

143 0 0 1504013684.8018157
143 0.002638937829014573 9.106848784226095 1504013684.8018157

144 0 0 1504013686.0070791
144 0.1457070672734949 9.25255585149959 1504013686.0070791

145 0 0 1504013687.2139099
145 0.0005340707511095749 9.2530899222507 1504013687.2139099

146 0 0 1504013688.4194362
146 0.06016149931624384 9.313251421566944 1504013688.4194362

147 0 0 1504013689.62491
147 0.04203450970503196 9.355285931271975 1504013689.62491

148 0 0 1504013690.8300414
148 0.046652650905808515 9.401938582177785 1504013690.8300414

149 0 0 1504013692.0348103
149 0.9294087706380033 10.331347352815788 1504013692.0348103

150 0 0 1504013693.2412136
150 0.024535838624536586 10.355883191440325 1504013693.2412136

151 0 0 1504013694.4461548
151 0.0824353912301949 10.43831858267052 1504013694.4461548

152 0 0 1504013695.2500045
152 0.07096857804459238 10.509287160715113 1504013695.2500045



# Distance slam gt + time
0 0.0417016558424264 1504013511.079017
1 0.015120066137421322 1504013512.2844448
2 0.01389352726992023 1504013513.4897008
3 0.02992268203219803 1504013514.6950989
4 0.030481528833049297 1504013515.9010415
5 0.058557598994494475 1504013517.1088736
6 0.051257159499917763 1504013518.314244
7 0.1133563954966813 1504013519.5222
8 0.09686697063499006 1504013520.7282908
9 0.11461171885980947 1504013521.9341679
10 0.12740522124308712 1504013523.1430974
11 0.10539852418321609 1504013524.3488307
12 0.1416264452706483 1504013525.5566592
13 0.15128788748607705 1504013526.76215
14 0.1522842408130267 1504013527.96881
15 0.22236337940407347 1504013529.1746585
16 0.16579147776650074 1504013530.3808365
17 0.22392578257092263 1504013531.5858269
18 0.2315975008500742 1504013532.7915626
19 0.2346338637111021 1504013533.9975495
20 0.23866296319286756 1504013535.2025204
21 0.259604746489736 1504013536.407947
22 0.27819087853486496 1504013537.6131375
23 0.35725169348793817 1504013538.8187366
24 0.3040689430047073 1504013540.0263615
25 0.3202374800050736 1504013541.2314975
26 0.32562562383817395 1504013542.4382877
27 0.3421283970967626 1504013543.6436703
28 0.3696630433245932 1504013544.8489804
29 0.36691820832441646 1504013546.0562775
30 0.39330105835097917 1504013547.2613473
31 0.48193818327665205 1504013548.4674122
32 0.48035476774983715 1504013549.6731007
33 0.4870752319714072 1504013550.8811452
34 0.5796009079530501 1504013552.0888171
35 0.590892965265284 1504013553.2940383
36 0.6086063059154089 1504013554.502072
37 0.6329803447975298 1504013555.7073913
38 0.6246129841750007 1504013556.913059
39 0.6826588563111156 1504013558.1182313
40 0.7230821547376203 1504013559.3256674
41 0.7501945726943108 1504013560.5331364
42 0.7308630597451209 1504013561.7384448
43 0.7699722265120995 1504013562.944204
44 0.8096710458575136 1504013564.1491945
45 0.8623935456623036 1504013565.3553104
46 0.8709137115122255 1504013566.5640087
47 0.882774462985875 1504013567.770167
48 0.9602575791942494 1504013568.975842
49 0.9669562774500199 1504013570.1822429
50 0.9918069129119838 1504013571.3890471
51 1.0090586206955474 1504013572.6013334
52 1.1886364120285058 1504013573.806239
53 1.2144035565247664 1504013575.0145988
54 1.263093547169013 1504013576.2198646
55 1.2566211690083848 1504013577.4261923
56 1.2578888234259809 1504013578.6343665
57 1.3770114415283559 1504013579.8394804
58 1.3541640820077898 1504013581.0447872
59 1.3933772693710769 1504013582.250189
60 1.4157143394414002 1504013583.4600601
61 1.4811504677783414 1504013584.6667957
62 1.4372861051300816 1504013585.8740199
63 1.5214501469650585 1504013587.0795343
64 1.5774791422075924 1504013588.2843256
65 1.5627701720022689 1504013589.493403
66 1.6018011430261865 1504013590.6992738
67 1.701068133291551 1504013591.9047534
68 1.6426795150606823 1504013593.1099608
69 1.7513678257293637 1504013594.3151803
70 1.8430731637132587 1504013595.5231364
71 1.8196486280873008 1504013596.7307577
72 1.7987801551329157 1504013597.938448
73 1.8729513772920006 1504013599.144358
74 1.9370279192618778 1504013600.3528378
75 1.9928724512371585 1504013601.5579498
76 1.9666444800217455 1504013602.7634137
77 1.928969008175093 1504013603.9690466
78 2.0258932802099925 1504013605.1745615
79 1.9757593312951862 1504013606.3811991
80 2.054434117804706 1504013607.5873303
81 2.039229421546287 1504013608.7952845
82 2.065955070397224 1504013610.0007946
83 2.1110867017960198 1504013611.2074504
84 2.104098576255399 1504013612.415696
85 2.1596812874357174 1504013613.6209133
86 2.172417018576313 1504013614.8284771
87 2.1251448017017562 1504013616.0371315
88 2.1913530319873153 1504013617.2446547
89 2.2159407209129034 1504013618.4506054
90 2.2051665882876055 1504013619.6560748
91 2.239472843193236 1504013620.8636773
92 2.228737586101154 1504013622.068949
93 2.2238900514189095 1504013623.2767763
94 2.2973785557021276 1504013624.4819548
95 2.343413621727926 1504013625.6880152
96 2.375336727897752 1504013626.89339
97 2.3662048317294935 1504013628.099285
98 2.4011644184020384 1504013629.307955
99 2.392986511704569 1504013630.5135205
100 2.425709531250598 1504013631.7241518
101 2.4439802390772303 1504013632.9292176
102 2.4506263026826414 1504013634.1360455
103 2.4447228831096575 1504013635.34143
104 2.582661471466983 1504013636.5466754
105 2.512271524676422 1504013637.7539985
106 2.557711860706753 1504013638.9598708
107 2.592272051174413 1504013640.1706603
108 2.5907859567320486 1504013641.3760874
109 2.594994843386013 1504013642.5865867
110 2.567291541780949 1504013643.7937152
111 2.7292423933575423 1504013644.999022
112 2.6352787734317595 1504013646.204134
113 2.7026770832269267 1504013647.4093585
114 2.7669525104706807 1504013648.6161563
115 2.7335277927615795 1504013649.8232903
116 2.6807088125344762 1504013651.0317228
117 2.829638767404773 1504013652.2388537
118 2.7620088008549146 1504013653.4444613
119 2.753329174109046 1504013654.6495533
120 2.8146450108139747 1504013655.8556244
121 2.6924106055540635 1504013657.0619333
122 2.8352764158896395 1504013658.2672522
123 2.7830231103064884 1504013659.4722311
124 2.711633316545584 1504013660.6791205
125 2.8117442794464784 1504013661.8840208
126 2.8258791506007466 1504013663.09121
127 2.7869769739988883 1504013664.2976875
128 2.7986027109434453 1504013665.5027514
129 2.7491597786232798 1504013666.710544
130 2.761125623092871 1504013667.9183278
131 2.730125192825414 1504013669.1234345
132 2.7454726739853017 1504013670.328827
133 2.8327428840966133 1504013671.53387
134 2.8226213950156334 1504013672.7411728
135 2.797766966868398 1504013673.946456
136 2.8114042826317247 1504013675.1519346
137 2.7480115022321137 1504013676.3574333
138 2.8003312858303033 1504013677.5639572
139 2.767673849354363 1504013678.7699947
140 2.749898523582279 1504013679.9773178
141 2.749747723773946 1504013681.1833234
142 2.6962184119429184 1504013682.388768
143 2.637302957587542 1504013683.5961008
144 2.6519215400158442 1504013684.8018157
145 2.6943602807531146 1504013686.0070791
146 2.7018204551005964 1504013687.2139099
147 2.700976965840324 1504013688.4194362
148 2.713771554884456 1504013689.62491
149 2.710199889011878 1504013690.8300414
150 2.7092682707513474 1504013692.0348103
151 2.7562272330306876 1504013693.2412136
152 2.75954485986367 1504013694.4461548
153 2.7229737002953236 1504013695.2500045


# Displacement mean and std deviation
-0.0042990539469418 0.11301927349918074

# Displacement mean absolute value and std deviation
0.06868815137722296 0.0898541924870567

# Distance to GT
2.7229737002953236

# Orientation to GT
0.6627189702747681

# Displacement 2d (x and y ) and time
0 0 0 1504013512.2844448
0 0 0 1504013512.2844448

1 0 0 1504013513.4897008
1 0 0 1504013513.4897008

2 0 0 1504013514.6950989
2 0 0 1504013514.6950989

3 0 0 1504013515.9010415
3 0 0 1504013515.9010415

4 0 0 1504013517.1088736
4 0 0 1504013517.1088736

5 0 0 1504013518.314244
5 0 0 1504013518.314244

6 0 0 1504013519.5222
6 0 0 1504013519.5222

7 0 0 1504013520.7282908
7 0 0 1504013520.7282908

8 0 0 1504013521.9341679
8 0 0 1504013521.9341679

9 0 0 1504013523.1430974
9 0 0 1504013523.1430974

10 0 0 1504013524.3488307
10 0 0 1504013524.3488307

11 0 0 1504013525.5566592
11 0 0 1504013525.5566592

12 0 0 1504013526.76215
12 0 0 1504013526.76215

13 0 0 1504013527.96881
13 0 0 1504013527.96881

14 0 0 1504013529.1746585
14 0 0 1504013529.1746585

15 0 0 1504013530.3808365
15 0 0 1504013530.3808365

16 0 0 1504013531.5858269
16 0 0 1504013531.5858269

17 0 0 1504013532.7915626
17 0 0 1504013532.7915626

18 0 0 1504013533.9975495
18 0 0 1504013533.9975495

19 0 0 1504013535.2025204
19 0 0 1504013535.2025204

20 0 0 1504013536.407947
20 0 0 1504013536.407947

21 0 0 1504013537.6131375
21 0 0 1504013537.6131375

22 0 0 1504013538.8187366
22 0 0 1504013538.8187366

23 0 0 1504013540.0263615
23 0 0 1504013540.0263615

24 0 0 1504013541.2314975
24 0 0 1504013541.2314975

25 0 0 1504013542.4382877
25 0 0 1504013542.4382877

26 0 0 1504013543.6436703
26 0 0 1504013543.6436703

27 0 0 1504013544.8489804
27 0 0 1504013544.8489804

28 0 0 1504013546.0562775
28 0 0 1504013546.0562775

29 0 0 1504013547.2613473
29 0 0 1504013547.2613473

30 0 0 1504013548.4674122
30 0 0 1504013548.4674122

31 0 0 1504013549.6731007
31 0 0 1504013549.6731007

32 0 0 1504013550.8811452
32 0 0 1504013550.8811452

33 0 0 1504013552.0888171
33 0 0 1504013552.0888171

34 0 0 1504013553.2940383
34 0 0 1504013553.2940383

35 0 0 1504013554.502072
35 0 0 1504013554.502072

36 0 0 1504013555.7073913
36 0 0 1504013555.7073913

37 0 0 1504013556.913059
37 0 0 1504013556.913059

38 0 0 1504013558.1182313
38 0 0 1504013558.1182313

39 0 0 1504013559.3256674
39 0 0 1504013559.3256674

40 0 0 1504013560.5331364
40 0 0 1504013560.5331364

41 0 0 1504013561.7384448
41 0 0 1504013561.7384448

42 0 0 1504013562.944204
42 0 0 1504013562.944204

43 0 0 1504013564.1491945
43 0 0 1504013564.1491945

44 0 0 1504013565.3553104
44 0 0 1504013565.3553104

45 0 0 1504013566.5640087
45 0 0 1504013566.5640087

46 0 0 1504013567.770167
46 0 0 1504013567.770167

47 0 0 1504013568.975842
47 0 0 1504013568.975842

48 0 0 1504013570.1822429
48 0 0 1504013570.1822429

49 0 0 1504013571.3890471
49 0 0 1504013571.3890471

50 0 0 1504013572.6013334
50 0 0 1504013572.6013334

51 0 0 1504013573.806239
51 0 0 1504013573.806239

52 0 0 1504013575.0145988
52 0 0 1504013575.0145988

53 0 0 1504013576.2198646
53 0 0 1504013576.2198646

54 0 0 1504013577.4261923
54 0 0 1504013577.4261923

55 0 0 1504013578.6343665
55 0 0 1504013578.6343665

56 0 0 1504013579.8394804
56 0 0 1504013579.8394804

57 0 0 1504013581.0447872
57 0 0 1504013581.0447872

58 0 0 1504013582.250189
58 0 0 1504013582.250189

59 0 0 1504013583.4600601
59 0 0 1504013583.4600601

60 0 0 1504013584.6667957
60 0 0 1504013584.6667957

61 0 0 1504013585.8740199
61 0 0 1504013585.8740199

62 0 0 1504013587.0795343
62 0 0 1504013587.0795343

63 0 0 1504013588.2843256
63 0 0 1504013588.2843256

64 0 0 1504013589.493403
64 0 0 1504013589.493403

65 0 0 1504013590.6992738
65 0 0 1504013590.6992738

66 0 0 1504013591.9047534
66 0 0 1504013591.9047534

67 0 0 1504013593.1099608
67 0 0 1504013593.1099608

68 0 0 1504013594.3151803
68 0 0 1504013594.3151803

69 0 0 1504013595.5231364
69 0 0 1504013595.5231364

70 0 0 1504013596.7307577
70 0 0 1504013596.7307577

71 0 0 1504013597.938448
71 0 0 1504013597.938448

72 0 0 1504013599.144358
72 0 0 1504013599.144358

73 0 0 1504013600.3528378
73 0 0 1504013600.3528378

74 0 0 1504013601.5579498
74 0 0 1504013601.5579498

75 0 0 1504013602.7634137
75 0 0 1504013602.7634137

76 0 0 1504013603.9690466
76 0 0 1504013603.9690466

77 0 0 1504013605.1745615
77 0 0 1504013605.1745615

78 0 0 1504013606.3811991
78 0 0 1504013606.3811991

79 0 0 1504013607.5873303
79 0 0 1504013607.5873303

80 0 0 1504013608.7952845
80 0 0 1504013608.7952845

81 0 0 1504013610.0007946
81 0 0 1504013610.0007946

82 0 0 1504013611.2074504
82 0 0 1504013611.2074504

83 0 0 1504013612.415696
83 0 0 1504013612.415696

84 0 0 1504013613.6209133
84 0 0 1504013613.6209133

85 0 0 1504013614.8284771
85 0 0 1504013614.8284771

86 0 0 1504013616.0371315
86 0 0 1504013616.0371315

87 0 0 1504013617.2446547
87 0 0 1504013617.2446547

88 0 0 1504013618.4506054
88 0 0 1504013618.4506054

89 0 0 1504013619.6560748
89 0 0 1504013619.6560748

90 0 0 1504013620.8636773
90 0 0 1504013620.8636773

91 0 0 1504013622.068949
91 0 0 1504013622.068949

92 0 0 1504013623.2767763
92 0 0 1504013623.2767763

93 0 0 1504013624.4819548
93 0 0 1504013624.4819548

94 0 0 1504013625.6880152
94 0 0 1504013625.6880152

95 0 0 1504013626.89339
95 0 0 1504013626.89339

96 0 0 1504013628.099285
96 0 0 1504013628.099285

97 0 0 1504013629.307955
97 0 0 1504013629.307955

98 0 0 1504013630.5135205
98 0 0 1504013630.5135205

99 0 0 1504013631.7241518
99 0 0 1504013631.7241518

100 0 0 1504013632.9292176
100 0 0 1504013632.9292176

101 0 0 1504013634.1360455
101 0 0 1504013634.1360455

102 0 0 1504013635.34143
102 0 0 1504013635.34143

103 0 0 1504013636.5466754
103 0 0 1504013636.5466754

104 0 0 1504013637.7539985
104 0 0 1504013637.7539985

105 0 0 1504013638.9598708
105 0 0 1504013638.9598708

106 0 0 1504013640.1706603
106 0 0 1504013640.1706603

107 0 0 1504013641.3760874
107 0 0 1504013641.3760874

108 0 0 1504013642.5865867
108 0 0 1504013642.5865867

109 0 0 1504013643.7937152
109 0 0 1504013643.7937152

110 0 0 1504013644.999022
110 0 0 1504013644.999022

111 0 0 1504013646.204134
111 0 0 1504013646.204134

112 0 0 1504013647.4093585
112 0 0 1504013647.4093585

113 0 0 1504013648.6161563
113 0 0 1504013648.6161563

114 0 0 1504013649.8232903
114 0 0 1504013649.8232903

115 0 0 1504013651.0317228
115 0 0 1504013651.0317228

116 0 0 1504013652.2388537
116 0 0 1504013652.2388537

117 0 0 1504013653.4444613
117 0 0 1504013653.4444613

118 0 0 1504013654.6495533
118 0 0 1504013654.6495533

119 0 0 1504013655.8556244
119 0 0 1504013655.8556244

120 0 0 1504013657.0619333
120 0 0 1504013657.0619333

121 0 0 1504013658.2672522
121 0 0 1504013658.2672522

122 0 0 1504013659.4722311
122 0 0 1504013659.4722311

123 0 0 1504013660.6791205
123 0 0 1504013660.6791205

124 0 0 1504013661.8840208
124 0 0 1504013661.8840208

125 0 0 1504013663.09121
125 0 0 1504013663.09121

126 0 0 1504013664.2976875
126 0 0 1504013664.2976875

127 0 0 1504013665.5027514
127 0 0 1504013665.5027514

128 0 0 1504013666.710544
128 0 0 1504013666.710544

129 0 0 1504013667.9183278
129 0 0 1504013667.9183278

130 0 0 1504013669.1234345
130 0 0 1504013669.1234345

131 0 0 1504013670.328827
131 0 0 1504013670.328827

132 0 0 1504013671.53387
132 0 0 1504013671.53387

133 0 0 1504013672.7411728
133 0 0 1504013672.7411728

134 0 0 1504013673.946456
134 0 0 1504013673.946456

135 0 0 1504013675.1519346
135 0 0 1504013675.1519346

136 0 0 1504013676.3574333
136 0 0 1504013676.3574333

137 0 0 1504013677.5639572
137 0 0 1504013677.5639572

138 0 0 1504013678.7699947
138 0 0 1504013678.7699947

139 0 0 1504013679.9773178
139 0 0 1504013679.9773178

140 0 0 1504013681.1833234
140 0 0 1504013681.1833234

141 0 0 1504013682.388768
141 0 0 1504013682.388768

142 0 0 1504013683.5961008
142 0 0 1504013683.5961008

143 0 0 1504013684.8018157
143 0 0 1504013684.8018157

144 0 0 1504013686.0070791
144 0 0 1504013686.0070791

145 0 0 1504013687.2139099
145 0 0 1504013687.2139099

146 0 0 1504013688.4194362
146 0 0 1504013688.4194362

147 0 0 1504013689.62491
147 0 0 1504013689.62491

148 0 0 1504013690.8300414
148 0 0 1504013690.8300414

149 0 0 1504013692.0348103
149 0 0 1504013692.0348103

150 0 0 1504013693.2412136
150 0 0 1504013693.2412136

151 0 0 1504013694.4461548
151 0 0 1504013694.4461548

152 0 0 1504013695.2500045
152 0 0 1504013695.2500045



# Displacement mean 2d values
0 0