# SLAM - pose_x pose_y orientation time
0 4.08123 12.9406 3.10849 1504013869.8591163
1 4.2544 12.896 -3.12498 1504013871.0642838
2 4.37033 12.8806 3.12777 1504013872.2696302
3 4.45678 12.8094 3.05153 1504013873.4755657
4 4.59554 12.8443 3.06258 1504013874.680896
5 4.66568 12.8055 3.01874 1504013875.8858023
6 4.77683 12.767 2.98744 1504013877.0908818
7 4.87203 12.7185 2.94814 1504013878.2960424
8 5.02878 12.7307 2.94397 1504013879.9028413
9 5.12936 12.6674 2.891 1504013881.1098933
10 5.19838 12.5891 2.83784 1504013882.3153675
11 5.2901 12.5621 2.8231 1504013883.5220375
12 5.3822 12.4911 2.77489 1504013884.7277212
13 5.4716 12.4406 2.72391 1504013885.933267
14 5.56195 12.3756 2.70015 1504013887.1387844
15 5.65897 12.3309 2.67457 1504013888.3440282
16 5.74665 12.2362 2.64606 1504013889.5499961
17 5.84641 12.2146 2.63129 1504013890.755441
18 5.9124 12.1217 2.59602 1504013891.9606888
19 6.00712 12.0759 2.57529 1504013893.166043
20 6.10321 11.9711 2.5421 1504013894.3728855
21 6.15452 11.8969 2.50192 1504013895.578913
22 6.2534 11.8459 2.50435 1504013896.7840927
23 6.33579 11.7597 2.47125 1504013897.990519
24 6.47615 11.7188 2.4866 1504013899.1956108
25 6.52091 11.6124 2.43564 1504013900.401105
26 6.58031 11.5065 2.40912 1504013901.6067894
27 6.70349 11.4727 2.41094 1504013902.8118954
28 6.7406 11.3552 2.35968 1504013904.0170949
29 6.87058 11.2772 2.37041 1504013905.2223592
30 6.95143 11.1538 2.35678 1504013906.4278011
31 7.04826 11.1145 2.35647 1504013907.635099
32 7.12462 11.0083 2.33763 1504013908.840328
33 7.21128 10.9359 2.31592 1504013910.0454915
34 7.2994 10.8689 2.32998 1504013911.2511
35 7.37571 10.771 2.30016 1504013912.4565024
36 7.44015 10.6796 2.28967 1504013913.6621933
37 7.56037 10.6152 2.29843 1504013914.8682976
38 7.5808 10.4957 2.2616 1504013916.0732367
39 7.63737 10.3891 2.23832 1504013917.278391
40 7.7707 10.3112 2.25078 1504013918.4833868
41 7.88756 10.2668 2.25966 1504013919.6893144
42 7.85965 10.0942 2.1794 1504013920.8949847
43 8.0284 10.0324 2.2212 1504013922.1002977
44 8.09279 9.98823 2.21194 1504013923.305513
45 8.21904 9.94475 2.21759 1504013924.5107963
46 8.33768 9.86831 2.243 1504013925.717356
47 8.27946 9.69765 2.16132 1504013926.9241574
48 8.40368 9.67588 2.17785 1504013928.130182
49 8.48169 9.5498 2.1593 1504013929.3358839
50 8.5641 9.46648 2.14311 1504013930.5416324
51 8.57198 9.34238 2.10816 1504013931.747548
52 8.60793 9.223 2.08053 1504013932.9537535
53 8.63599 9.11937 2.03921 1504013934.1589875
54 8.64339 9.19161 2.0328 1504013935.3640423
55 8.70698 9.11933 2.04333 1504013936.5698311
56 8.76533 8.80493 2.01244 1504013937.776418
57 8.80875 8.77472 2.05696 1504013938.9818587
58 8.9089 8.54035 2.01297 1504013940.1886365
59 8.91846 8.45766 1.98758 1504013941.3944783
60 8.93002 8.36359 1.94874 1504013942.6001256
61 8.97456 8.42332 1.95471 1504013943.8057702
62 9.02034 8.35111 1.94965 1504013945.0111537
63 9.0731 8.18189 1.95155 1504013946.2162955
64 9.12369 8.2033 1.95013 1504013947.4216835
65 9.13293 8.09666 1.92548 1504013948.6273088
66 9.21625 7.89605 1.93837 1504013949.8326106
67 9.26426 7.71901 1.92672 1504013951.037959
68 9.31492 7.67311 1.93411 1504013952.2429702
69 9.40835 7.60721 1.95676 1504013953.4481313
70 9.42225 7.44558 1.92285 1504013954.6537182
71 9.40049 7.55576 1.89464 1504013955.8588822
72 9.46321 7.44067 1.904 1504013957.0642223
73 9.573 7.1927 1.93897 1504013958.2707467
74 9.61163 7.20268 1.9427 1504013959.47596
75 9.59152 7.12523 1.91571 1504013960.6817527
76 9.64922 7.00925 1.91975 1504013961.8874686
77 9.74078 6.92506 1.96336 1504013963.0954473
78 9.72916 6.71743 1.93077 1504013964.301639
79 9.79593 6.67615 1.95146 1504013965.5068123
80 9.87023 6.58149 1.98212 1504013966.7133899
81 9.94236 6.58337 2.13252 1504013967.9187596
82 9.77136 6.27447 1.87907 1504013969.1246107
83 9.88465 6.18305 1.91655 1504013970.3300915
84 9.95215 6.10169 1.94519 1504013971.535631
85 10.0895 6.05997 2.01568 1504013972.7404666
86 10.0426 5.88503 1.93163 1504013973.9469872
87 10.2047 5.7388 1.99332 1504013975.1523077
88 10.2558 5.63224 2.00882 1504013976.3578274
89 10.3666 5.61237 2.0448 1504013977.563006
90 10.3163 5.53171 1.99761 1504013978.7691915
91 10.6146 5.49223 2.15209 1504013979.9742422
92 10.5405 5.33418 2.08481 1504013981.1793761
93 10.6733 5.23692 2.09829 1504013982.384585
94 10.7625 5.1797 2.14467 1504013983.5907261
95 10.8779 5.09766 2.19032 1504013984.7960248
96 10.9911 5.0375 2.18058 1504013986.0014246
97 10.9624 4.93327 2.20982 1504013987.2066617
98 11.1865 4.87245 2.22664 1504013988.4116802
99 11.1787 4.77231 2.23694 1504013989.6176977
100 11.3257 4.72963 2.24562 1504013990.8229675
101 11.4186 4.63752 2.26914 1504013992.0291624
102 11.6104 4.55744 2.35929 1504013993.2353222
103 11.6082 4.47601 2.35095 1504013994.4403577
104 11.7808 4.41011 2.37501 1504013995.645878
105 11.8388 4.39165 2.3768 1504013996.850874
106 11.9682 4.31801 2.40936 1504013998.0561788
107 12.0483 4.30557 2.42193 1504013999.2613943
108 12.1642 4.2474 2.45121 1504014000.4664233
109 12.3974 4.16154 2.46454 1504014001.6717649
110 12.3417 4.21798 2.53289 1504014002.877077
111 12.4308 4.16792 2.55687 1504014004.0825083
112 12.5754 4.13921 2.60514 1504014005.2877743
113 12.5774 4.07439 2.61135 1504014006.4931996
114 12.6648 4.03994 2.65057 1504014008.1006334
115 12.7339 4.00493 2.67473 1504014009.3056765
116 12.8897 4.03237 2.71594 1504014010.5111234
117 12.9858 3.98923 2.74782 1504014011.7162583
118 13.1353 3.99682 2.81091 1504014013.3239625
119 13.2741 4.05646 2.86948 1504014014.5298474
120 13.3659 3.99873 2.8247 1504014015.7362456
121 13.3707 3.94316 2.8461 1504014016.9421887
122 13.5581 4.01287 2.92549 1504014018.1478577
123 13.6961 3.99442 2.92718 1504014019.3545156
124 13.8263 3.99489 2.95433 1504014020.5623078
125 13.9763 3.97507 2.95934 1504014021.7675912
126 14.081 3.97598 2.9679 1504014022.9728227
127 14.197 3.98419 2.98693 1504014024.1776915
128 14.3328 4.00597 2.99344 1504014025.3833876
129 14.4532 3.98421 3.01288 1504014026.5888605
130 14.5602 3.96968 3.00969 1504014027.794744
131 14.667 3.98691 3.01461 1504014028.9998994
132 14.8191 4.03408 3.0424 1504014030.2049825
133 14.9115 4.03657 3.03802 1504014031.409918
134 15.0347 4.01412 3.02736 1504014032.6149786
135 15.1366 3.99145 3.00817 1504014033.8205335
136 15.242 3.99186 3.00669 1504014035.0259483
137 15.3928 4.03211 3.03479 1504014036.2309754
138 15.5049 4.01775 3.03279 1504014037.4364243
139 15.6169 3.9881 3.02735 1504014038.6414268
140 15.7429 3.97986 3.02744 1504014039.847413
141 15.8074 3.94296 2.9995 1504014041.0526192
142 15.9343 3.94969 3.00265 1504014042.259021
143 16.1209 3.93136 2.99227 1504014043.4646807
144 16.2311 3.94282 3.00708 1504014044.66984
145 16.3494 3.92642 2.99719 1504014045.8749776
146 16.4532 3.90392 3.01022 1504014047.0801601
147 16.5847 3.96554 3.026 1504014048.285313
148 16.6415 3.82959 2.95988 1504014049.4923
149 16.8187 3.84301 2.96397 1504014050.6978023
150 16.9511 3.80679 2.97206 1504014051.9034293
151 17.0969 3.87249 3.01324 1504014053.1086226
152 17.2065 3.80463 2.98706 1504014054.3155138
153 17.3322 3.81499 3.0014 1504014055.5211232
154 17.4357 3.78502 2.98485 1504014056.7272792
155 17.5514 3.82474 3.01153 1504014057.9330673
156 17.663 3.81482 3.01593 1504014059.1389892
157 17.7886 3.82974 3.02592 1504014060.3442798
158 17.8748 3.84329 3.00796 1504014061.5502803
159 18.0144 3.78505 2.98603 1504014062.7554317
160 18.1359 3.83561 3.00926 1504014063.9612691
161 18.2595 3.81394 3.00386 1504014064.7648418


# GT - pose_x pose_y orientation time
0 4.1179 12.9202 3.1091 1504013869.831229
1 4.2475 12.9186 3.099 1504013871.0863867
2 4.3641 12.9111 3.0816 1504013872.285902
3 4.4834 12.9085 3.0563 1504013873.487258
4 4.597 12.8899 3.0248 1504013874.6879816
5 4.6978 12.8763 2.9957 1504013875.8856914
6 4.802 12.8622 2.9657 1504013877.0855904
7 4.9035 12.8397 2.933 1504013878.2877936
8 5.0356 12.807 2.8901 1504013879.9111059
9 5.1371 12.7799 2.8579 1504013881.1115627
10 5.2369 12.7491 2.8254 1504013882.3098903
11 5.3384 12.7139 2.7923 1504013883.5083714
12 5.4386 12.6754 2.7585 1504013884.7108605
13 5.5367 12.6338 2.7253 1504013885.912004
14 5.6373 12.5878 2.6922 1504013887.1670198
15 5.7342 12.5391 2.6618 1504013888.3659801
16 5.8302 12.4876 2.6333 1504013889.5675743
17 5.927 12.4325 2.607 1504013890.768547
18 6.0238 12.3737 2.5812 1504013891.9671001
19 6.1183 12.3124 2.5572 1504013893.1658201
20 6.2108 12.2503 2.535 1504013894.3676183
21 6.3036 12.1839 2.5137 1504013895.5689921
22 6.399 12.1164 2.4932 1504013896.7669811
23 6.4895 12.0484 2.4764 1504013897.9650598
24 6.5819 11.977 2.4583 1504013899.167118
25 6.6779 11.8998 2.4403 1504013900.4295378
26 6.7697 11.8233 2.4235 1504013901.6269813
27 6.858 11.7448 2.4084 1504013902.8247933
28 6.946 11.6647 2.3954 1504013904.0269823
29 7.0301 11.5869 2.3855 1504013905.2296445
30 7.1168 11.5029 2.3754 1504013906.4264634
31 7.2002 11.4216 2.3666 1504013907.6251075
32 7.2843 11.336 2.3571 1504013908.8272438
33 7.367 11.2528 2.3472 1504013910.0289474
34 7.4525 11.1643 2.3355 1504013911.226901
35 7.5394 11.072 2.324 1504013912.4853687
36 7.6196 10.9844 2.3128 1504013913.6861587
37 7.6994 10.8965 2.3022 1504013914.8886828
38 7.7776 10.8062 2.2922 1504013916.087256
39 7.8526 10.7188 2.281 1504013917.2848315
40 7.929 10.6294 2.2683 1504013918.485907
41 8.0038 10.5384 2.2541 1504013919.6872816
42 8.0761 10.4465 2.2387 1504013920.887628
43 8.148 10.353 2.2219 1504013922.0859404
44 8.2164 10.2609 2.2051 1504013923.2864773
45 8.2839 10.1674 2.1882 1504013924.4885778
46 8.3497 10.0727 2.171 1504013925.6877587
47 8.417 9.9719 2.1522 1504013926.9488611
48 8.4816 9.8751 2.1331 1504013928.1479611
49 8.5429 9.7782 2.1143 1504013929.3495889
50 8.6087 9.6685 2.0926 1504013930.5496814
51 8.6615 9.5762 2.073 1504013931.7484815
52 8.7217 9.4698 2.0522 1504013932.9487362
53 8.775 9.3679 2.0333 1504013934.1498294
54 8.8215 9.2713 2.0149 1504013935.350137
55 8.8709 9.1642 1.9977 1504013936.5479665
56 8.9192 9.058 1.9831 1504013937.7478905
57 8.9675 8.9491 1.969 1504013939.0064387
58 9.0136 8.8388 1.9538 1504013940.207756
59 9.0553 8.7323 1.9394 1504013941.4054303
60 9.0957 8.6282 1.925 1504013942.6044762
61 9.1399 8.5032 1.9101 1504013943.8060393
62 9.1789 8.3851 1.8983 1504013945.0075712
63 9.2127 8.2773 1.8892 1504013946.2057745
64 9.2484 8.1635 1.8822 1504013947.4043884
65 9.2825 8.0542 1.8766 1504013948.6056437
66 9.3176 7.9406 1.8712 1504013949.806394
67 9.3537 7.8238 1.8648 1504013951.066514
68 9.3896 7.7082 1.8582 1504013952.264769
69 9.4246 7.5928 1.8514 1504013953.466051
70 9.4566 7.4826 1.8457 1504013954.6676345
71 9.4883 7.3648 1.8427 1504013955.8664765
72 9.5232 7.2378 1.8421 1504013957.064585
73 9.5541 7.1262 1.844 1504013958.2664907
74 9.5863 7.0114 1.8469 1504013959.4677699
75 9.618 6.8992 1.851 1504013960.666253
76 9.6508 6.7826 1.855 1504013961.864335
77 9.6826 6.6703 1.8592 1504013963.06629
78 9.717 6.5497 1.8652 1504013964.3286042
79 9.7508 6.4374 1.873 1504013965.5262856
80 9.7863 6.3184 1.8828 1504013966.7242532
81 9.8217 6.2044 1.8941 1504013967.9261606
82 9.8605 6.091 1.9063 1504013969.1279082
83 9.9032 5.9791 1.9197 1504013970.3259244
84 9.9466 5.8678 1.9338 1504013971.5237088
85 9.99 5.7613 1.9476 1504013972.7246814
86 10.0328 5.6539 1.9613 1504013973.9271526
87 10.0787 5.5469 1.9753 1504013975.125557
88 10.1298 5.4349 1.9915 1504013976.3862476
89 10.1767 5.3308 2.0086 1504013977.5874696
90 10.2266 5.2249 2.0284 1504013978.7891302
91 10.2768 5.1226 2.0505 1504013979.9896278
92 10.3298 5.0206 2.076 1504013981.1875832
93 10.3824 4.9234 2.1024 1504013982.3873158
94 10.4377 4.8267 2.1297 1504013983.5896397
95 10.4973 4.7307 2.1559 1504013984.78784
96 10.5605 4.6374 2.1805 1504013985.9866886
97 10.6224 4.5483 2.2038 1504013987.1876855
98 10.691 4.4556 2.2277 1504013988.3892837
99 10.7601 4.3681 2.2513 1504013989.6462839
100 10.8359 4.2773 2.278 1504013990.8442674
101 10.908 4.195 2.3038 1504013992.0441709
102 10.9834 4.1125 2.3311 1504013993.2456284
103 11.0601 4.0319 2.358 1504013994.4455283
104 11.1395 3.9531 2.3871 1504013995.6447213
105 11.2185 3.8783 2.4176 1504013996.844172
106 11.3018 3.8047 2.4513 1504013998.0455093
107 11.3868 3.7373 2.4816 1504013999.2461243
108 11.4718 3.6735 2.5132 1504014000.4430637
109 11.5562 3.6137 2.5457 1504014001.6429453
110 11.649 3.5521 2.5811 1504014002.9070282
111 11.7353 3.4986 2.6143 1504014004.1063282
112 11.8251 3.4471 2.6498 1504014005.3051949
113 11.922 3.3956 2.6855 1504014006.5028253
114 12.0429 3.3392 2.7337 1504014008.122601
115 12.1407 3.2978 2.7702 1504014009.32538
116 12.238 3.2613 2.8042 1504014010.525738
117 12.3373 3.2262 2.8359 1504014011.7246156
118 12.4774 3.1823 2.8795 1504014013.347549
119 12.5838 3.1527 2.9079 1504014014.545761
120 12.6882 3.1267 2.9357 1504014015.7473164
121 12.7979 3.1051 2.9646 1504014016.950354
122 12.9034 3.0878 2.9909 1504014018.147026
123 13.0223 3.0692 3.0154 1504014019.3459346
124 13.1373 3.0545 3.0346 1504014020.547648
125 13.2583 3.0396 3.0509 1504014021.749701
126 13.3747 3.029 3.0658 1504014022.9472718
127 13.5022 3.0196 3.0792 1504014024.2030215
128 13.6169 3.0135 3.0902 1504014025.4045968
129 13.7398 3.008 3.1003 1504014026.6068902
130 13.851 3.0048 3.106 1504014027.804638
131 13.9707 3.0009 3.1088 1504014029.0022192
132 14.0878 2.9986 3.11 1504014030.2046611
133 14.2101 2.9941 3.109 1504014031.4065962
134 14.334 2.9904 3.108 1504014032.605286
135 14.4572 2.9872 3.1073 1504014033.8025856
136 14.5767 2.9832 3.1048 1504014035.004644
137 14.6977 2.9788 3.103 1504014036.2065902
138 14.8158 2.972 3.1009 1504014037.4652388
139 14.933 2.9652 3.0993 1504014038.663211
140 15.0551 2.9597 3.0967 1504014039.8642561
141 15.1788 2.9552 3.0906 1504014041.0653028
142 15.2946 2.9472 3.0931 1504014042.264717
143 15.4133 2.9403 3.0932 1504014043.4622362
144 15.5312 2.934 3.0924 1504014044.6631117
145 15.6511 2.9267 3.0915 1504014045.8645792
146 15.7708 2.9207 3.0903 1504014047.0640266
147 15.8898 2.9156 3.0887 1504014048.2622747
148 16.0122 2.911 3.0868 1504014049.5222301
149 16.1373 2.9043 3.0847 1504014050.7245145
150 16.269 2.8965 3.0821 1504014051.9252307
151 16.3795 2.8884 3.0803 1504014053.1224277
152 16.5021 2.878 3.0797 1504014054.3227415
153 16.6251 2.8687 3.0806 1504014055.5243711
154 16.7396 2.86 3.0828 1504014056.7244916
155 16.8563 2.8532 3.0855 1504014057.9224806
156 16.9753 2.8449 3.0877 1504014059.1225839
157 17.0942 2.8389 3.0898 1504014060.3243482
158 17.2117 2.8334 3.0906 1504014061.5244446
159 17.3418 2.8287 3.0888 1504014062.7858522
160 17.4668 2.8244 3.0864 1504014063.9860685
161 17.5884 2.8191 3.0833 1504014064.764789


# Displacement and sum and time
0 0 0 1504013871.0642838
0 -0.049211288408211235 -0.049211288408211235 1504013871.0642838

1 0 0 1504013872.2696302
1 -0.00010742534011751181 -0.049318713748328746 1504013872.2696302

2 0 0 1504013873.4755657
2 0.007332603208037108 -0.04198611054029164 1504013873.4755657

3 0 0 1504013874.680896
3 -0.027968971189211295 -0.06995508172950293 1504013874.680896

4 0 0 1504013875.8858023
4 0.021556853144733185 -0.04839822858476975 1504013875.8858023

5 0 0 1504013877.0908818
5 -0.012479305890946812 -0.06087753447571656 1504013877.0908818

6 0 0 1504013878.2960424
6 -0.0028784244582773927 -0.06375595893399395 1504013878.2960424

7 0 0 1504013879.9028413
7 -0.021136947454314242 -0.0848929063883082 1504013879.9028413

8 0 0 1504013881.1098933
8 -0.013785672277687108 -0.0986785786659953 1504013881.1098933

9 0 0 1504013882.3153675
9 6.718447002125594e-05 -0.09861139419597405 1504013882.3153675

10 0 0 1504013883.5220375
10 0.011818898854529886 -0.08679249534144416 1504013883.5220375

11 0 0 1504013884.7277212
11 -0.008948267053750208 -0.09574076239519437 1504013884.7277212

12 0 0 1504013885.933267
12 0.00387873508395635 -0.09186202731123802 1504013885.933267

13 0 0 1504013887.1387844
13 -0.000683861225456564 -0.09254588853669458 1504013887.1387844

14 0 0 1504013888.3440282
14 0.001627383659181969 -0.09091850487751262 1504013888.3440282

15 0 0 1504013889.5499961
15 -0.020116134025341473 -0.11103463890285409 1504013889.5499961

16 0 0 1504013890.755441
16 0.009311717298851815 -0.10172292160400227 1504013890.755441

17 0 0 1504013891.9606888
17 -0.0006927911147657367 -0.10241571271876801 1504013891.9606888

18 0 0 1504013893.166043
18 0.007428977581237367 -0.09498673513753064 1504013893.166043

19 0 0 1504013894.3728855
19 -0.030772016654796383 -0.12575875179232704 1504013894.3728855

20 0 0 1504013895.578913
20 0.02389588230924511 -0.10186286948308193 1504013895.578913

21 0 0 1504013896.7840927
21 0.005607318240297102 -0.09625555124278483 1504013896.7840927

22 0 0 1504013897.990519
22 -0.006041526182351903 -0.10229707742513673 1504013897.990519

23 0 0 1504013899.1956108
23 -0.02942551892609266 -0.1317225963512294 1504013899.1956108

24 0 0 1504013900.401105
24 0.007758818231034997 -0.1239637781201944 1504013900.401105

25 0 0 1504013901.6067894
25 -0.001924636052678813 -0.12588841417287322 1504013901.6067894

26 0 0 1504013902.8118954
26 -0.00958432513036346 -0.13547273930323667 1504013902.8118954

27 0 0 1504013904.0170949
27 -0.004225108036766234 -0.1396978473400029 1504013904.0170949

28 0 0 1504013905.2223592
28 -0.037020370585361215 -0.17671821792536413 1504013905.2223592

29 0 0 1504013906.4278011
29 -0.026809000667692123 -0.20352721859305625 1504013906.4278011

30 0 0 1504013907.635099
30 0.011968570919316926 -0.1915586476737393 1504013907.635099

31 0 0 1504013908.840328
31 -0.010801774825614577 -0.20236042249935388 1504013908.840328

32 0 0 1504013910.0454915
32 0.004386053323198982 -0.1979743691761549 1504013910.0454915

33 0 0 1504013911.2511
33 0.012356471966341653 -0.18561789720981325 1504013911.2511

34 0 0 1504013912.4565024
34 0.0026435943888724472 -0.1829743028209408 1504013912.4565024

35 0 0 1504013913.6621933
35 0.006935494818123791 -0.17603880800281702 1504013913.6621933

36 0 0 1504013914.8682976
36 -0.017662532144749915 -0.19370134014756693 1504013914.8682976

37 0 0 1504013916.0732367
37 -0.0017795017441482042 -0.19548084189171513 1504013916.0732367

38 0 0 1504013917.278391
38 -0.005511860505686125 -0.20099270239740125 1504013917.278391

39 0 0 1504013918.4833868
39 -0.0368211017546589 -0.23781380415206016 1504013918.4833868

40 0 0 1504013919.6893144
40 -0.007213873595527331 -0.2450276777475875 1504013919.6893144

41 0 0 1504013920.8949847
41 -0.05791083262919185 -0.3029385103767793 1504013920.8949847

42 0 0 1504013922.1002977
42 -0.06176178131464628 -0.3647002916914256 1504013922.1002977

43 0 0 1504013923.305513
43 0.03663759144073128 -0.3280627002506943 1504013923.305513

44 0 0 1504013924.5107963
44 -0.01820830133648163 -0.34627100158717594 1504013924.5107963

45 0 0 1504013925.717356
45 -0.025817214439010555 -0.37208821602618647 1504013925.717356

46 0 0 1504013926.9241574
46 -0.05911548742061938 -0.43120370344680586 1504013926.9241574

47 0 0 1504013928.130182
47 -0.009737093881604833 -0.4409407973284107 1504013928.130182

48 0 0 1504013929.3358839
48 -0.033600680741229766 -0.4745414780696404 1504013929.3358839

49 0 0 1504013930.5416324
49 0.01073022238104386 -0.46381125568859655 1504013930.5416324

50 0 0 1504013931.747548
50 -0.018014937683750468 -0.481826193372347 1504013931.747548

51 0 0 1504013932.9537535
51 -0.0024257820916953887 -0.4842519754640424 1504013932.9537535

52 0 0 1504013934.1589875
52 0.007636098714431133 -0.47661587674961126 1504013934.1589875

53 0 0 1504013935.3640423
53 0.034591162728560484 -0.44202471402105076 1504013935.3640423

54 0 0 1504013936.5698311
54 0.021673025728725342 -0.4203516882923254 1504013936.5698311

55 0 0 1504013937.776418
55 -0.20310119062378026 -0.6234528789161057 1504013937.776418

56 0 0 1504013938.9818587
56 0.06623503840716019 -0.5572178405089455 1504013938.9818587

57 0 0 1504013940.1886365
57 -0.1353249566032831 -0.6925427971122287 1504013940.1886365

58 0 0 1504013941.3944783
58 0.031132017969546816 -0.6614107791426819 1504013941.3944783

59 0 0 1504013942.6001256
59 0.016886915689077298 -0.6445238634536046 1504013942.6001256

60 0 0 1504013943.8057702
60 0.05807617887063324 -0.5864476845829714 1504013943.8057702

61 0 0 1504013945.0111537
61 0.038873787873470705 -0.5475738967095006 1504013945.0111537

62 0 0 1504013946.2162955
62 -0.06427944087129969 -0.6118533375808003 1504013946.2162955

63 0 0 1504013947.4216835
63 0.06433438519772441 -0.5475189523830759 1504013947.4216835

64 0 0 1504013948.6273088
64 0.007456292410790141 -0.5400626599722858 1504013948.6273088

65 0 0 1504013949.8326106
65 -0.09832576498124847 -0.6383884249535342 1504013949.8326106

66 0 0 1504013951.037959
66 -0.061182658674769644 -0.6995710836283039 1504013951.037959

67 0 0 1504013952.2429702
67 0.05268500721593458 -0.6468860764123693 1504013952.2429702

68 0 0 1504013953.4481313
68 0.006258140937328946 -0.6406279354750404 1504013953.4481313

69 0 0 1504013954.6537182
69 -0.04747451063235078 -0.6881024461073911 1504013954.6537182

70 0 0 1504013955.8588822
70 0.009682504323421368 -0.6784199417839698 1504013955.8588822

71 0 0 1504013957.0642223
71 0.0006374318863339723 -0.6777825098976358 1504013957.0642223

72 0 0 1504013958.2707467
72 -0.1553892278618626 -0.8331717377594984 1504013958.2707467

73 0 0 1504013959.47596
73 0.07933202820178381 -0.7538397095577145 1504013959.47596

74 0 0 1504013960.6817527
74 0.03657393821805212 -0.7172657713396624 1504013960.6817527

75 0 0 1504013961.8874686
75 -0.008414595066313368 -0.7256803664059758 1504013961.8874686

76 0 0 1504013963.0954473
76 -0.007667642712475151 -0.7333480091184509 1504013963.0954473

77 0 0 1504013964.301639
77 -0.08254469516103036 -0.8158927042794812 1504013964.301639

78 0 0 1504013965.5068123
78 0.038776162021865776 -0.7771165422576155 1504013965.5068123

79 0 0 1504013966.7133899
79 0.003845275645758303 -0.7732712666118572 1504013966.7133899

80 0 0 1504013967.9187596
80 0.0472153493900407 -0.7260559172218165 1504013967.9187596

81 0 0 1504013969.1246107
81 -0.23321845001510172 -0.9592743672369182 1504013969.1246107

82 0 0 1504013970.3300915
82 -0.02580535248783443 -0.9850797197247526 1504013970.3300915

83 0 0 1504013971.535631
83 0.013747155659136437 -0.9713325640656162 1504013971.535631

84 0 0 1504013972.7404666
84 -0.028542919928647784 -0.999875483994264 1504013972.7404666

85 0 0 1504013973.9469872
85 -0.06550366588054635 -1.0653791498748104 1504013973.9469872

86 0 0 1504013975.1523077
86 -0.10188141940765108 -1.1672605692824616 1504013975.1523077

87 0 0 1504013976.3578274
87 0.004927635863680807 -1.1623329334187809 1504013976.3578274

88 0 0 1504013977.563006
88 0.0016095771389898622 -1.160723356279791 1504013977.563006

89 0 0 1504013978.7691915
89 0.022009049561670213 -1.1387143067181207 1504013978.7691915

90 0 0 1504013979.9742422
90 -0.18694805477845988 -1.3256623614965806 1504013979.9742422

91 0 0 1504013981.1793761
91 -0.059610521275102885 -1.3852728827716834 1504013981.1793761

92 0 0 1504013982.384585
92 -0.054086963561201046 -1.4393598463328845 1504013982.384585

93 0 0 1504013983.5907261
93 0.005420281581094172 -1.4339395647517903 1504013983.5907261

94 0 0 1504013984.7960248
94 -0.028593693921689076 -1.4625332586734794 1504013984.7960248

95 0 0 1504013986.0014246
95 -0.01550266274746255 -1.478035921420942 1504013986.0014246

96 0 0 1504013987.2066617
96 0.0003824415307459167 -1.4776534798901961 1504013987.2066617

97 0 0 1504013988.4116802
97 -0.1168841769180278 -1.594537656808224 1504013988.4116802

98 0 0 1504013989.6176977
98 0.01105134819195723 -1.5834863086162667 1504013989.6176977

99 0 0 1504013990.8229675
99 -0.03479000043626143 -1.618276309052528 1504013990.8229675

100 0 0 1504013992.0291624
100 -0.021407754217148564 -1.6396840632696765 1504013992.0291624

101 0 0 1504013993.2353222
101 -0.09608123190422865 -1.735765295173905 1504013993.2353222

102 0 0 1504013994.4403577
102 0.02980236464030986 -1.7059629305335953 1504013994.4403577

103 0 0 1504013995.645878
103 -0.07288762931043087 -1.778850559844026 1504013995.645878

104 0 0 1504013996.850874
104 0.04792673101019218 -1.7309238288338338 1504013996.850874

105 0 0 1504013998.0561788
105 -0.03772969508472421 -1.768653523918558 1504013998.0561788

106 0 0 1504013999.2613943
106 0.0274190600520042 -1.7412344638665538 1504013999.2613943

107 0 0 1504014000.4664233
107 -0.023398668052008367 -1.7646331319185622 1504014000.4664233

108 0 0 1504014001.6717649
108 -0.14506597838687993 -1.9096991103054421 1504014001.6717649

109 0 0 1504014002.877077
109 0.032087339508974855 -1.8776117707964672 1504014002.877077

110 0 0 1504014004.0825083
110 -0.0006619961344759978 -1.8782737669309433 1504014004.0825083

111 0 0 1504014005.2877743
111 -0.04390308869369365 -1.922176855624637 1504014005.2877743

112 0 0 1504014006.4931996
112 0.04488456171838667 -1.8772922939062504 1504014006.4931996

113 0 0 1504014008.1006334
113 0.03946381812317691 -1.8378284757830734 1504014008.1006334

114 0 0 1504014009.3056765
114 0.028738735366220347 -1.809089740416853 1504014009.3056765

115 0 0 1504014010.5111234
115 -0.054277121748709606 -1.8633668621655628 1504014010.5111234

116 0 0 1504014011.7162583
116 -1.789425665828237e-05 -1.863384756422221 1504014011.7162583

117 0 0 1504014013.3239625
117 -0.002875584365514078 -1.8662603407877352 1504014013.3239625

118 0 0 1504014014.5298474
118 -0.040630171438198276 -1.9068905122259334 1504014014.5298474

119 0 0 1504014015.7362456
119 -0.0008546539522455571 -1.907745166178179 1504014015.7362456

120 0 0 1504014016.9421887
120 0.056029384871154 -1.851715781307025 1504014016.9421887

121 0 0 1504014018.1478577
121 -0.0930365761053336 -1.9447523574123586 1504014018.1478577

122 0 0 1504014019.3545156
122 -0.0188818370243507 -1.9636341944367093 1504014019.3545156

123 0 0 1504014020.5623078
123 -0.014265133361701654 -1.977899327798411 1504014020.5623078

124 0 0 1504014021.7675912
124 -0.029389830174179177 -2.00728915797259 1504014021.7675912

125 0 0 1504014022.9728227
125 0.012177694985860132 -1.9951114629867301 1504014022.9728227

126 0 0 1504014024.1776915
126 0.01155586823655215 -1.983555594750178 1504014024.1776915

127 0 0 1504014025.3833876
127 -0.022673389290739587 -2.0062289840409173 1504014025.3833876

128 0 0 1504014026.5888605
128 0.0006724538751858578 -2.0055565301657317 1504014026.5888605

129 0 0 1504014027.794744
129 0.0032639939268454543 -2.0022925362388864 1504014027.794744

130 0 0 1504014028.9998994
130 0.01158259029014888 -1.9907099459487374 1504014028.9998994

131 0 0 1504014030.2049825
131 -0.04212382402469669 -2.032833769973434 1504014030.2049825

132 0 0 1504014031.409918
132 0.029949215987971747 -2.0028845539854623 1504014031.409918

133 0 0 1504014032.6149786
133 -0.0012735268194099258 -2.004158080804872 1504014032.6149786

134 0 0 1504014033.8205335
134 0.01885027354221243 -1.9853078072626595 1504014033.8205335

135 0 0 1504014035.0259483
135 0.014166129429935392 -1.9711416778327242 1504014035.0259483

136 0 0 1504014036.2309754
136 -0.03499918102672572 -2.00614085885945 1504014036.2309754

137 0 0 1504014037.4364243
137 0.005279589519574704 -2.0008612693398753 1504014037.4364243

138 0 0 1504014038.6414268
138 0.0015389039137517768 -1.9993223654261234 1504014038.6414268

139 0 0 1504014039.847413
139 -0.004045336358128301 -2.0033677017842515 1504014039.847413

140 0 0 1504014041.0526192
140 0.049472605381819426 -1.953895096402432 1504014041.0526192

141 0 0 1504014042.259021
141 -0.011002324135932828 -1.9648974205383647 1504014042.259021

142 0 0 1504014043.4646807
142 -0.06859775192197909 -2.0334951724603436 1504014043.4646807

143 0 0 1504014044.66984
143 0.007273924604539184 -2.0262212478558044 1504014044.66984

144 0 0 1504014045.8749776
144 0.0006906602544588664 -2.0255305876013456 1504014045.8749776

145 0 0 1504014047.0801601
145 0.013639688909605652 -2.01189089869174 1504014047.0801601

146 0 0 1504014048.285313
146 -0.026112231154611143 -2.0380031298463512 1504014048.285313

147 0 0 1504014049.4923
147 -0.024852122853642966 -2.062855252699994 1504014049.4923

148 0 0 1504014050.6978023
148 -0.05242815810886328 -2.1152834108088574 1504014050.6978023

149 0 0 1504014051.9034293
149 -0.005334106770695873 -2.120617517579553 1504014051.9034293

150 0 0 1504014053.1086226
150 -0.049122655727079564 -2.1697401733066326 1504014053.1086226

151 0 0 1504014054.3155138
151 -0.005867166059525988 -2.1756073393661586 1504014054.3155138

152 0 0 1504014055.5211232
152 -0.0027751207405885547 -2.178382460106747 1504014055.5211232

153 0 0 1504014056.7272792
153 0.007078246027194132 -2.171304214079553 1504014056.7272792

154 0 0 1504014057.9330673
154 -0.0054301708364556805 -2.1767343849160086 1504014057.9330673

155 0 0 1504014059.1389892
155 0.007249081182798003 -2.1694853037332105 1504014059.1389892

156 0 0 1504014060.3442798
156 -0.007431776174316243 -2.176917079907527 1504014060.3442798

157 0 0 1504014061.5502803
157 0.030370172008796936 -2.14654690789873 1504014061.5502803

158 0 0 1504014062.7554317
158 -0.021076685055932326 -2.167623592954662 1504014062.7554317

159 0 0 1504014063.9612691
159 -0.006526075545201598 -2.174149668499864 1504014063.9612691

160 0 0 1504014064.7648418
160 -0.003769806873111209 -2.177919475372975 1504014064.7648418



# Displacement abs and sum and time
0 0 0 1504013871.0642838
0 0.049211288408211235 0.049211288408211235 1504013871.0642838

1 0 0 1504013872.2696302
1 0.00010742534011751181 0.049318713748328746 1504013872.2696302

2 0 0 1504013873.4755657
2 0.007332603208037108 0.056651316956365855 1504013873.4755657

3 0 0 1504013874.680896
3 0.027968971189211295 0.08462028814557715 1504013874.680896

4 0 0 1504013875.8858023
4 0.021556853144733185 0.10617714129031033 1504013875.8858023

5 0 0 1504013877.0908818
5 0.012479305890946812 0.11865644718125715 1504013877.0908818

6 0 0 1504013878.2960424
6 0.0028784244582773927 0.12153487163953454 1504013878.2960424

7 0 0 1504013879.9028413
7 0.021136947454314242 0.1426718190938488 1504013879.9028413

8 0 0 1504013881.1098933
8 0.013785672277687108 0.15645749137153592 1504013881.1098933

9 0 0 1504013882.3153675
9 6.718447002125594e-05 0.15652467584155716 1504013882.3153675

10 0 0 1504013883.5220375
10 0.011818898854529886 0.16834357469608704 1504013883.5220375

11 0 0 1504013884.7277212
11 0.008948267053750208 0.17729184174983725 1504013884.7277212

12 0 0 1504013885.933267
12 0.00387873508395635 0.18117057683379362 1504013885.933267

13 0 0 1504013887.1387844
13 0.000683861225456564 0.18185443805925017 1504013887.1387844

14 0 0 1504013888.3440282
14 0.001627383659181969 0.18348182171843214 1504013888.3440282

15 0 0 1504013889.5499961
15 0.020116134025341473 0.2035979557437736 1504013889.5499961

16 0 0 1504013890.755441
16 0.009311717298851815 0.21290967304262542 1504013890.755441

17 0 0 1504013891.9606888
17 0.0006927911147657367 0.21360246415739115 1504013891.9606888

18 0 0 1504013893.166043
18 0.007428977581237367 0.22103144173862851 1504013893.166043

19 0 0 1504013894.3728855
19 0.030772016654796383 0.2518034583934249 1504013894.3728855

20 0 0 1504013895.578913
20 0.02389588230924511 0.27569934070267 1504013895.578913

21 0 0 1504013896.7840927
21 0.005607318240297102 0.2813066589429671 1504013896.7840927

22 0 0 1504013897.990519
22 0.006041526182351903 0.287348185125319 1504013897.990519

23 0 0 1504013899.1956108
23 0.02942551892609266 0.3167737040514117 1504013899.1956108

24 0 0 1504013900.401105
24 0.007758818231034997 0.32453252228244667 1504013900.401105

25 0 0 1504013901.6067894
25 0.001924636052678813 0.32645715833512545 1504013901.6067894

26 0 0 1504013902.8118954
26 0.00958432513036346 0.3360414834654889 1504013902.8118954

27 0 0 1504013904.0170949
27 0.004225108036766234 0.34026659150225513 1504013904.0170949

28 0 0 1504013905.2223592
28 0.037020370585361215 0.37728696208761636 1504013905.2223592

29 0 0 1504013906.4278011
29 0.026809000667692123 0.40409596275530846 1504013906.4278011

30 0 0 1504013907.635099
30 0.011968570919316926 0.41606453367462537 1504013907.635099

31 0 0 1504013908.840328
31 0.010801774825614577 0.42686630850023993 1504013908.840328

32 0 0 1504013910.0454915
32 0.004386053323198982 0.4312523618234389 1504013910.0454915

33 0 0 1504013911.2511
33 0.012356471966341653 0.44360883378978055 1504013911.2511

34 0 0 1504013912.4565024
34 0.0026435943888724472 0.446252428178653 1504013912.4565024

35 0 0 1504013913.6621933
35 0.006935494818123791 0.4531879229967768 1504013913.6621933

36 0 0 1504013914.8682976
36 0.017662532144749915 0.4708504551415267 1504013914.8682976

37 0 0 1504013916.0732367
37 0.0017795017441482042 0.4726299568856749 1504013916.0732367

38 0 0 1504013917.278391
38 0.005511860505686125 0.478141817391361 1504013917.278391

39 0 0 1504013918.4833868
39 0.0368211017546589 0.5149629191460199 1504013918.4833868

40 0 0 1504013919.6893144
40 0.007213873595527331 0.5221767927415473 1504013919.6893144

41 0 0 1504013920.8949847
41 0.05791083262919185 0.5800876253707391 1504013920.8949847

42 0 0 1504013922.1002977
42 0.06176178131464628 0.6418494066853854 1504013922.1002977

43 0 0 1504013923.305513
43 0.03663759144073128 0.6784869981261167 1504013923.305513

44 0 0 1504013924.5107963
44 0.01820830133648163 0.6966952994625983 1504013924.5107963

45 0 0 1504013925.717356
45 0.025817214439010555 0.7225125139016089 1504013925.717356

46 0 0 1504013926.9241574
46 0.05911548742061938 0.7816280013222282 1504013926.9241574

47 0 0 1504013928.130182
47 0.009737093881604833 0.791365095203833 1504013928.130182

48 0 0 1504013929.3358839
48 0.033600680741229766 0.8249657759450628 1504013929.3358839

49 0 0 1504013930.5416324
49 0.01073022238104386 0.8356959983261066 1504013930.5416324

50 0 0 1504013931.747548
50 0.018014937683750468 0.8537109360098571 1504013931.747548

51 0 0 1504013932.9537535
51 0.0024257820916953887 0.8561367181015526 1504013932.9537535

52 0 0 1504013934.1589875
52 0.007636098714431133 0.8637728168159837 1504013934.1589875

53 0 0 1504013935.3640423
53 0.034591162728560484 0.8983639795445442 1504013935.3640423

54 0 0 1504013936.5698311
54 0.021673025728725342 0.9200370052732695 1504013936.5698311

55 0 0 1504013937.776418
55 0.20310119062378026 1.1231381958970497 1504013937.776418

56 0 0 1504013938.9818587
56 0.06623503840716019 1.1893732343042098 1504013938.9818587

57 0 0 1504013940.1886365
57 0.1353249566032831 1.3246981909074929 1504013940.1886365

58 0 0 1504013941.3944783
58 0.031132017969546816 1.3558302088770398 1504013941.3944783

59 0 0 1504013942.6001256
59 0.016886915689077298 1.3727171245661172 1504013942.6001256

60 0 0 1504013943.8057702
60 0.05807617887063324 1.4307933034367504 1504013943.8057702

61 0 0 1504013945.0111537
61 0.038873787873470705 1.469667091310221 1504013945.0111537

62 0 0 1504013946.2162955
62 0.06427944087129969 1.5339465321815207 1504013946.2162955

63 0 0 1504013947.4216835
63 0.06433438519772441 1.5982809173792452 1504013947.4216835

64 0 0 1504013948.6273088
64 0.007456292410790141 1.6057372097900353 1504013948.6273088

65 0 0 1504013949.8326106
65 0.09832576498124847 1.7040629747712839 1504013949.8326106

66 0 0 1504013951.037959
66 0.061182658674769644 1.7652456334460536 1504013951.037959

67 0 0 1504013952.2429702
67 0.05268500721593458 1.8179306406619882 1504013952.2429702

68 0 0 1504013953.4481313
68 0.006258140937328946 1.8241887815993172 1504013953.4481313

69 0 0 1504013954.6537182
69 0.04747451063235078 1.871663292231668 1504013954.6537182

70 0 0 1504013955.8588822
70 0.009682504323421368 1.8813457965550895 1504013955.8588822

71 0 0 1504013957.0642223
71 0.0006374318863339723 1.8819832284414235 1504013957.0642223

72 0 0 1504013958.2707467
72 0.1553892278618626 2.0373724563032862 1504013958.2707467

73 0 0 1504013959.47596
73 0.07933202820178381 2.11670448450507 1504013959.47596

74 0 0 1504013960.6817527
74 0.03657393821805212 2.1532784227231225 1504013960.6817527

75 0 0 1504013961.8874686
75 0.008414595066313368 2.161693017789436 1504013961.8874686

76 0 0 1504013963.0954473
76 0.007667642712475151 2.169360660501911 1504013963.0954473

77 0 0 1504013964.301639
77 0.08254469516103036 2.2519053556629416 1504013964.301639

78 0 0 1504013965.5068123
78 0.038776162021865776 2.290681517684807 1504013965.5068123

79 0 0 1504013966.7133899
79 0.003845275645758303 2.2945267933305655 1504013966.7133899

80 0 0 1504013967.9187596
80 0.0472153493900407 2.3417421427206064 1504013967.9187596

81 0 0 1504013969.1246107
81 0.23321845001510172 2.574960592735708 1504013969.1246107

82 0 0 1504013970.3300915
82 0.02580535248783443 2.6007659452235425 1504013970.3300915

83 0 0 1504013971.535631
83 0.013747155659136437 2.614513100882679 1504013971.535631

84 0 0 1504013972.7404666
84 0.028542919928647784 2.643056020811327 1504013972.7404666

85 0 0 1504013973.9469872
85 0.06550366588054635 2.7085596866918733 1504013973.9469872

86 0 0 1504013975.1523077
86 0.10188141940765108 2.8104411060995242 1504013975.1523077

87 0 0 1504013976.3578274
87 0.004927635863680807 2.815368741963205 1504013976.3578274

88 0 0 1504013977.563006
88 0.0016095771389898622 2.8169783191021947 1504013977.563006

89 0 0 1504013978.7691915
89 0.022009049561670213 2.8389873686638647 1504013978.7691915

90 0 0 1504013979.9742422
90 0.18694805477845988 3.0259354234423244 1504013979.9742422

91 0 0 1504013981.1793761
91 0.059610521275102885 3.085545944717427 1504013981.1793761

92 0 0 1504013982.384585
92 0.054086963561201046 3.139632908278628 1504013982.384585

93 0 0 1504013983.5907261
93 0.005420281581094172 3.145053189859722 1504013983.5907261

94 0 0 1504013984.7960248
94 0.028593693921689076 3.173646883781411 1504013984.7960248

95 0 0 1504013986.0014246
95 0.01550266274746255 3.1891495465288733 1504013986.0014246

96 0 0 1504013987.2066617
96 0.0003824415307459167 3.189531988059619 1504013987.2066617

97 0 0 1504013988.4116802
97 0.1168841769180278 3.306416164977647 1504013988.4116802

98 0 0 1504013989.6176977
98 0.01105134819195723 3.3174675131696043 1504013989.6176977

99 0 0 1504013990.8229675
99 0.03479000043626143 3.3522575136058657 1504013990.8229675

100 0 0 1504013992.0291624
100 0.021407754217148564 3.3736652678230143 1504013992.0291624

101 0 0 1504013993.2353222
101 0.09608123190422865 3.469746499727243 1504013993.2353222

102 0 0 1504013994.4403577
102 0.02980236464030986 3.499548864367553 1504013994.4403577

103 0 0 1504013995.645878
103 0.07288762931043087 3.572436493677984 1504013995.645878

104 0 0 1504013996.850874
104 0.04792673101019218 3.6203632246881763 1504013996.850874

105 0 0 1504013998.0561788
105 0.03772969508472421 3.6580929197729004 1504013998.0561788

106 0 0 1504013999.2613943
106 0.0274190600520042 3.6855119798249047 1504013999.2613943

107 0 0 1504014000.4664233
107 0.023398668052008367 3.708910647876913 1504014000.4664233

108 0 0 1504014001.6717649
108 0.14506597838687993 3.8539766262637927 1504014001.6717649

109 0 0 1504014002.877077
109 0.032087339508974855 3.8860639657727676 1504014002.877077

110 0 0 1504014004.0825083
110 0.0006619961344759978 3.8867259619072434 1504014004.0825083

111 0 0 1504014005.2877743
111 0.04390308869369365 3.930629050600937 1504014005.2877743

112 0 0 1504014006.4931996
112 0.04488456171838667 3.9755136123193235 1504014006.4931996

113 0 0 1504014008.1006334
113 0.03946381812317691 4.0149774304425 1504014008.1006334

114 0 0 1504014009.3056765
114 0.028738735366220347 4.04371616580872 1504014009.3056765

115 0 0 1504014010.5111234
115 0.054277121748709606 4.09799328755743 1504014010.5111234

116 0 0 1504014011.7162583
116 1.789425665828237e-05 4.098011181814089 1504014011.7162583

117 0 0 1504014013.3239625
117 0.002875584365514078 4.1008867661796025 1504014013.3239625

118 0 0 1504014014.5298474
118 0.040630171438198276 4.1415169376178005 1504014014.5298474

119 0 0 1504014015.7362456
119 0.0008546539522455571 4.142371591570046 1504014015.7362456

120 0 0 1504014016.9421887
120 0.056029384871154 4.1984009764412 1504014016.9421887

121 0 0 1504014018.1478577
121 0.0930365761053336 4.291437552546534 1504014018.1478577

122 0 0 1504014019.3545156
122 0.0188818370243507 4.310319389570885 1504014019.3545156

123 0 0 1504014020.5623078
123 0.014265133361701654 4.324584522932586 1504014020.5623078

124 0 0 1504014021.7675912
124 0.029389830174179177 4.353974353106765 1504014021.7675912

125 0 0 1504014022.9728227
125 0.012177694985860132 4.3661520480926255 1504014022.9728227

126 0 0 1504014024.1776915
126 0.01155586823655215 4.377707916329178 1504014024.1776915

127 0 0 1504014025.3833876
127 0.022673389290739587 4.400381305619917 1504014025.3833876

128 0 0 1504014026.5888605
128 0.0006724538751858578 4.401053759495103 1504014026.5888605

129 0 0 1504014027.794744
129 0.0032639939268454543 4.404317753421949 1504014027.794744

130 0 0 1504014028.9998994
130 0.01158259029014888 4.415900343712098 1504014028.9998994

131 0 0 1504014030.2049825
131 0.04212382402469669 4.458024167736794 1504014030.2049825

132 0 0 1504014031.409918
132 0.029949215987971747 4.487973383724766 1504014031.409918

133 0 0 1504014032.6149786
133 0.0012735268194099258 4.489246910544176 1504014032.6149786

134 0 0 1504014033.8205335
134 0.01885027354221243 4.508097184086388 1504014033.8205335

135 0 0 1504014035.0259483
135 0.014166129429935392 4.522263313516324 1504014035.0259483

136 0 0 1504014036.2309754
136 0.03499918102672572 4.55726249454305 1504014036.2309754

137 0 0 1504014037.4364243
137 0.005279589519574704 4.562542084062624 1504014037.4364243

138 0 0 1504014038.6414268
138 0.0015389039137517768 4.564080987976376 1504014038.6414268

139 0 0 1504014039.847413
139 0.004045336358128301 4.5681263243345045 1504014039.847413

140 0 0 1504014041.0526192
140 0.049472605381819426 4.617598929716324 1504014041.0526192

141 0 0 1504014042.259021
141 0.011002324135932828 4.628601253852256 1504014042.259021

142 0 0 1504014043.4646807
142 0.06859775192197909 4.697199005774236 1504014043.4646807

143 0 0 1504014044.66984
143 0.007273924604539184 4.704472930378775 1504014044.66984

144 0 0 1504014045.8749776
144 0.0006906602544588664 4.705163590633234 1504014045.8749776

145 0 0 1504014047.0801601
145 0.013639688909605652 4.718803279542839 1504014047.0801601

146 0 0 1504014048.285313
146 0.026112231154611143 4.74491551069745 1504014048.285313

147 0 0 1504014049.4923
147 0.024852122853642966 4.769767633551093 1504014049.4923

148 0 0 1504014050.6978023
148 0.05242815810886328 4.822195791659957 1504014050.6978023

149 0 0 1504014051.9034293
149 0.005334106770695873 4.827529898430653 1504014051.9034293

150 0 0 1504014053.1086226
150 0.049122655727079564 4.876652554157732 1504014053.1086226

151 0 0 1504014054.3155138
151 0.005867166059525988 4.8825197202172586 1504014054.3155138

152 0 0 1504014055.5211232
152 0.0027751207405885547 4.885294840957847 1504014055.5211232

153 0 0 1504014056.7272792
153 0.007078246027194132 4.8923730869850415 1504014056.7272792

154 0 0 1504014057.9330673
154 0.0054301708364556805 4.897803257821497 1504014057.9330673

155 0 0 1504014059.1389892
155 0.007249081182798003 4.905052339004295 1504014059.1389892

156 0 0 1504014060.3442798
156 0.007431776174316243 4.912484115178612 1504014060.3442798

157 0 0 1504014061.5502803
157 0.030370172008796936 4.942854287187409 1504014061.5502803

158 0 0 1504014062.7554317
158 0.021076685055932326 4.963930972243341 1504014062.7554317

159 0 0 1504014063.9612691
159 0.006526075545201598 4.970457047788543 1504014063.9612691

160 0 0 1504014064.7648418
160 0.003769806873111209 4.974226854661654 1504014064.7648418



# Distance slam gt + time
0 0.041962470137016664 1504013869.8591163
1 0.0236298539987017 1504013871.0642838
2 0.031129775135712162 1504013872.2696302
3 0.1026130323107156 1504013873.4755657
4 0.04562336682008497 1504013874.680896
5 0.07774531754388828 1504013875.8858023
6 0.09847115770620347 1504013877.0908818
7 0.1252190117354391 1504013878.2960424
8 0.0766041930967226 1504013879.9028413
9 0.11276594166679832 1504013881.1098933
10 0.1645715358134573 1504013882.3153675
11 0.1592988700524912 1504013883.5220375
12 0.19273673754632284 1504013884.7277212
13 0.20387312230895072 1504013885.933267
14 0.2251809550117407 1504013887.1387844
15 0.2213747792771343 1504013888.3440282
16 0.2649199171447857 1504013889.5499961
17 0.23232554336533748 1504013890.755441
18 0.2755248809091465 1504013891.9606888
19 0.26132975796873914 1504013893.166043
20 0.2992127138007336 1504013894.3728855
21 0.32340971908710414 1504013895.578913
22 0.3071963704212667 1504013896.7840927
23 0.32706949429746585 1504013897.990519
24 0.2790166706489064 1504013899.1956108
25 0.32748224394614295 1504013900.401105
26 0.36909458421927493 1504013901.6067894
27 0.312908533121102 1504013902.8118954
28 0.3714557981779258 1504013904.0170949
29 0.34836865588051913 1504013905.2223592
30 0.3862875184367206 1504013906.4278011
31 0.34263125018013174 1504013907.635099
32 0.36453393861203104 1504013908.840328
33 0.35309252101963323 1504013910.0454915
34 0.33271725233296856 1504013911.2511
35 0.34263014476253983 1504013912.4565024
36 0.35370233601151146 1504013913.6621933
37 0.3137818205377742 1504013914.8682976
38 0.3676145943784068 1504013916.0732367
39 0.39373346682749805 1504013917.278391
40 0.3554013646569196 1504013918.4833868
41 0.2954290060234434 1504013919.6893144
42 0.41348022020406217 1504013920.8949847
43 0.34218199835759816 1504013922.1002977
44 0.29937996091923 1504013923.305513
45 0.2319048125848186 1504013924.5107963
46 0.2047431378581466 1504013925.717356
47 0.3068066395956907 1504013926.9241574
48 0.2139161863908392 1504013928.130182
49 0.23645977268871796 1504013929.3358839
50 0.20688460648390386 1504013930.5416324
51 0.25037097036198086 1504013931.747548
52 0.27176065370100844 1504013932.9537535
53 0.28476471164805606 1504013934.1589875
54 0.1951247503521785 1504013935.3640423
55 0.16995023771681012 1504013936.5698311
56 0.2961763018879118 1504013937.776418
57 0.23581761363392598 1504013938.9818587
58 0.31628229874591574 1504013940.1886365
59 0.30684249249411366 1504013941.3944783
60 0.3121991583909215 1504013942.6001256
61 0.1836249710687521 1504013943.8057702
62 0.16216224498939444 1504013945.0111537
63 0.16908940859793714 1504013946.2162955
64 0.1309069291519744 1504013947.4216835
65 0.15548001961667038 1504013948.6273088
66 0.1107091911270244 1504013949.8326106
67 0.13776958191124786 1504013951.037959
68 0.08251309290045916 1504013952.2429702
69 0.021718899603800745 1504013953.4481313
70 0.05050151383869592 1504013954.6537182
71 0.21018163026297126 1504013955.8588822
72 0.21155386311764635 1504013957.0642223
73 0.06913363870070831 1504013958.2707467
74 0.192949856957708 1504013959.47596
75 0.2275758144003882 1504013960.6817527
76 0.22665550710273888 1504013961.8874686
77 0.26131890478876585 1504013963.0954473
78 0.16817020693333345 1504013964.301639
79 0.24297794015095245 1504013965.5068123
80 0.27615320566670926 1504013966.7133899
81 0.39771484319798867 1504013967.9187596
82 0.20397838243304117 1504013969.1246107
83 0.20479185774829994 1504013970.3300915
84 0.23395583899531094 1504013971.535631
85 0.31480790793752234 1504013972.7404666
86 0.23133766857129026 1504013973.9469872
87 0.2295683122732762 1504013975.1523077
88 0.23413473813170166 1504013976.3578274
89 0.3396228421352134 1504013977.563006
90 0.3196536658635411 1504013978.7691915
91 0.500734637208172 1504013979.9742422
92 0.37779214708619824 1504013981.1793761
93 0.42768867228393953 1504013982.384585
94 0.4796916092657868 1504013983.5907261
95 0.5286927289078235 1504013984.7960248
96 0.5877893925548499 1504013986.0014246
97 0.5136164920444045 1504013987.2066617
98 0.6475215614170696 1504013988.4116802
99 0.5819035006768731 1504013989.6176977
100 0.6667131833854786 1504013990.8229675
101 0.6756747075331444 1504013992.0291624
102 0.7688306729052898 1504013993.2353222
103 0.7054412109453198 1504013994.4403577
104 0.7874794156674824 1504013995.645878
105 0.805170983394211 1504013996.850874
106 0.8411754371711049 1504013998.0561788
107 0.8720739893495281 1504013999.2613943
108 0.8993213941633984 1504014000.4664233
109 1.0038655814400639 1504014001.6717649
110 0.9608483045725794 1504014002.877077
111 0.9652510100486806 1504014004.0825083
112 1.0207675259822873 1504014005.2877743
113 0.9435597618063206 1504014006.4931996
114 0.9369077636565938 1504014008.1006334
115 0.9229946245238914 1504014009.3056765
116 1.0095849815146818 1504014010.5111234
117 1.001382559714317 1504014011.7162583
118 1.047031632950983 1504014013.3239625
119 1.1372318266738763 1504014014.5298474
120 1.104406451855475 1504014015.7362456
121 1.015108074837354 1504014016.9421887
122 1.133307811188117 1504014018.1478577
123 1.1445691278380699 1504014019.3545156
124 1.1657848652731773 1504014020.5623078
125 1.1792489647652866 1504014021.7675912
126 1.1813681942561338 1504014022.9728227
127 1.188772858076764 1504014024.1776915
128 1.2237277110942617 1504014025.3833876
129 1.2091011223632209 1504014026.5888605
130 1.1974798764071148 1504014027.794744
131 1.2070830170704907 1504014028.9998994
132 1.2676823420715466 1504014030.2049825
133 1.2564655430611695 1504014031.409918
134 1.2405575876999833 1504014032.6149786
135 1.2124778028896028 1504014033.8205335
136 1.2083124950111208 1504014035.0259483
137 1.2619928550114696 1504014036.2309754
138 1.2523784861215081 1504014037.4364243
139 1.230464798358734 1504014038.6414268
140 1.2303638752824309 1504014039.847413
141 1.1708150057118323 1504014041.0526192
142 1.189202375586258 1504014042.259021
143 1.2177428643190644 1504014043.4646807
144 1.2278345989586716 1504014044.66984
145 1.219451913115068 1504014045.8749776
146 1.1968255212853705 1504014047.0801601
147 1.2590710915591712 1504014048.285313
148 1.1134747765890347 1504014049.4923
149 1.1599493196256463 1504014050.6978023
150 1.1374921072693218 1504014051.9034293
151 1.2178242435179234 1504014053.1086226
152 1.1639684346665073 1504014054.3155138
153 1.181293855947791 1504014055.5211232
154 1.1576775070804486 1504014056.7272792
155 1.1945936470616272 1504014057.9330673
156 1.188981116923225 1504014059.1389892
157 1.2099401909185419 1504014060.3442798
158 1.2081305484507872 1504014061.5502803
159 1.1691860769355744 1504014062.7554317
160 1.212534731090207 1504014063.9612691
161 1.200034097682228 1504014064.7648418


# Displacement mean and std deviation
-0.013527450157596118 0.046999447942827226

# Displacement mean absolute value and std deviation
0.030895818973053754 0.03791290525244753

# Distance to GT
1.200034097682228

# Orientation to GT
0.24956812040117302