# SLAM - pose_x pose_y orientation time
0 16.6640156329 3.00185760392 -3.132058543980982 1504013464.97
1 16.6635687132 3.00228158099 -3.1321601600694526 1504013465.54
2 16.6654177214 3.00157657129 -3.132728147454851 1504013466.18
3 16.6661832151 3.00104852712 -3.130505404312472 1504013466.66
4 16.6675157756 3.00048957732 -3.136426207849537 1504013467.58
5 16.6648911447 2.9957305079 -3.127751873767277 1504013468.08
6 16.6660022334 2.99737611103 -3.131135158481219 1504013471.89
7 16.6627759696 2.99750362322 -3.1309077697431533 1504013472.24
8 16.6649357136 3.00037348527 -3.1329824302680676 1504013472.72
9 16.6635531255 2.99924936066 -3.1313935921586356 1504013472.99
10 16.665316492 3.0017716362 -3.1315993688859995 1504013473.46
11 16.6636620975 3.00061074319 -3.1321706031423124 1504013477.84
12 16.6645159348 3.00063934436 -3.1322029823160618 1504013478.43
13 16.6667238876 2.99693532681 -3.132774202505021 1504013478.92
14 16.6669502672 3.00133315518 -3.1325474713895636 1504013482.95
15 16.6692121812 3.00172877465 -3.131487572675975 1504013483.46
16 16.6702439393 3.0013343297 -3.1303463568036074 1504013483.79
17 16.6676634854 3.00115443225 -3.1318434964136967 1504013484.15
18 16.6670546134 3.00107074145 -3.1312093280105646 1504013487.93
19 16.6658378951 3.00088733563 -3.1325173466750615 1504013488.47
20 16.6699430473 3.00007625551 -3.137847756586498 1504013489.07
21 16.6704338769 3.00138320338 -3.139876199710715 1504013489.55
22 16.661989005 2.99894661913 -3.1302098579189344 1504013493.36
23 16.6585772185 2.99700941603 -3.1296204975980353 1504013493.85
24 16.663655423 2.99796346194 -3.09897059497128 1504013494.47
25 16.6588949765 2.99934782669 -3.069738691448306 1504013495.12
26 16.6682704748 3.00076634632 -3.102130094807715 1504013498.87
27 16.6648797907 2.99912857611 -3.101240023314956 1504013499.44
28 16.6681414188 3.00123546372 -3.0701798166623235 1504013500.09
29 16.6655173566 2.99877577825 -3.0994791743334535 1504013500.47
30 16.6606514189 2.99505858908 -3.0947622227307914 1504013504.25
31 16.6649198999 2.99645897123 -3.096130022011402 1504013505.02
32 16.6587216315 2.99811241952 -3.0660775356741348 1504013505.61
33 16.6634145683 2.99984395925 -3.099790072363839 1504013509.51
34 16.6661155149 3.0013209446 -3.1004082007548117 1504013509.95
35 16.6378509835 2.99856727702 -3.099588570069985 1504013510.43
36 16.539297879 2.99029581819 -3.1023229886839117 1504013511.06
37 16.1476318914 2.96911600963 -3.0845717723178305 1504013514.86
38 16.0712172312 2.96478719405 -3.088884321690574 1504013515.56
39 16.0266244846 3.01966992378 -3.136001910698742 1504013516.18
40 15.9776160927 3.0002355881 -3.092551866818432 1504013516.76
41 15.5542616178 3.01688906691 -3.115421463342567 1504013520.75
42 15.489961812 3.01440887142 -3.1172488372589315 1504013521.39
43 15.4834807242 3.05857986591 -3.1330536267337523 1504013522.01
44 15.0953680824 3.0869774485 3.124505746084216 1504013525.83
45 15.0285271016 3.08801255243 3.123167018543516 1504013526.53
46 14.9469472962 3.11697667741 3.12868393735824 1504013527.11
47 14.8938782562 3.12943814359 3.1264282443368985 1504013527.64
48 14.5706525931 3.10440648514 3.140532833957072 1504013531.56
49 14.4806811197 3.10484284301 3.1373357962772173 1504013532.36
50 14.3853181931 3.13407181814 3.121315584617641 1504013532.99
51 13.9532952216 3.18474579473 3.05709234565883 1504013537.76
52 13.8752417726 3.19093011239 3.050351428242534 1504013538.57
53 13.2866051666 3.25993222228 3.0062473809728214 1504013544.47
54 12.7124515046 3.41351835981 2.947146232497709 1504013550.25
55 12.2309799337 3.64581361727 2.7792112219128016 1504013555.88
56 11.7277706371 3.948870732 2.6764728978857075 1504013561.85
57 11.3418690597 4.32486944456 2.5297850795607824 1504013567.58
58 11.0255121565 4.81179375045 2.362171479386144 1504013573.37
59 10.7248011613 5.2699863892 2.2390543236558633 1504013578.88
60 10.522818596 5.74617678803 2.126912863680911 1504013584.35
61 10.3118042925 6.25672486215 2.036853702816858 1504013589.99
62 10.1325965323 6.80714525301 1.9759884285743852 1504013595.66
63 9.97062893371 7.37293419282 1.921131754265899 1504013601.56
64 9.86752357691 7.92786472841 1.8876016516767309 1504013607.07
65 9.7969961966 8.46807999815 1.8497313490219853 1504013612.49
66 9.73779066952 9.05499937555 1.8841134630405267 1504013617.94
67 9.58405419412 9.59976639261 1.941837573352087 1504013623.31
68 9.40724513986 10.0544998422 1.9787604126602938 1504013628.68
69 9.14357839224 10.5143506357 2.0877958313785885 1504013634.18
70 8.780404993 10.9940500069 2.1742371644591367 1504013640.03
71 8.39369939438 11.3926720587 2.2648472436677562 1504013645.78
72 8.01186827215 11.8193450085 2.3114096563039412 1504013651.55
73 7.58858005299 12.2433054836 2.351636138124888 1504013657.41
74 7.15491088664 12.5685310866 2.4259848870240512 1504013662.92
75 6.72330705559 12.9343982061 2.464919023778237 1504013668.74
76 6.25907839904 13.208580156 2.5839417094795967 1504013674.66
77 5.71282856889 13.373227299 2.737611937074452 1504013680.58
78 5.19982957621 13.45282705 2.8914532022236137 1504013686.22
79 4.62618533649 13.4696394257 3.0331689209729507 1504013692.35
80 4.24181587067 13.4022408514 3.0848855046931076 1504013698.58
81 4.2111659986 13.3597062494 3.097783057798765 1504013704.17
82 4.21452052477 13.3616308354 3.0978212609267897 1504013709.72
83 4.21277271339 13.3615894346 3.129039736252561 1504013715.67
84 4.22518529775 13.3569689187 3.1291287837887554 1504013721.5
85 4.21405617396 13.3597776962 3.0978402099141187 1504013727.56
86 4.21552216856 13.3596780323 3.097828798445324 1504013733.63
87 4.20891661558 13.3579324531 3.1070715399613733 1504013739.6
88 4.2070654239 13.3535905034 3.132872656109247 1504013745.18
89 4.20521558713 13.345853974 3.1076255499647236 1504013750.67
90 4.20505805868 13.3454485215 3.107561795862222 1504013756.07
91 4.20510918559 13.3440722315 3.1075486204764187 1504013761.81
92 4.18607267294 13.359216306 3.0826064289721784 1504013767.64
93 4.20386304418 13.3454574258 3.0760836441497 1504013773.25
94 4.20319119083 13.3651494214 3.0810549550459063 1504013779.07
95 4.20346902038 13.3635237996 3.0807939806926976 1504013784.86
96 4.20347476691 13.3637193784 3.081239266422586 1504013787.42


# GT - pose_x pose_y orientation time
0 16.6642 3.0022 -3.13259 1504013464.9578323
1 16.6636 3.002 -3.13229 1504013465.5542908
2 16.6642 3.0021 -3.13259 1504013466.1585817
3 16.6658 3.0023 -3.13079 1504013466.63658
4 16.6637 3.0027 -3.13199 1504013467.599827
5 16.665 3.0021 -3.13239 1504013468.0770702
6 16.6633 3.0011 -3.13219 1504013471.9180732
7 16.6595 2.9997 -3.13029 1504013472.21432
8 16.6633 3.0022 -3.13189 1504013472.695226
9 16.6633 3.0024 -3.13189 1504013472.9937904
10 16.6654 3.0019 -3.13239 1504013473.4728506
11 16.6634 3.0018 -3.13229 1504013477.8529916
12 16.6642 3.0019 -3.13229 1504013478.453937
13 16.6633 3.0015 -3.13089 1504013478.9355571
14 16.6642 3.002 -3.13259 1504013482.95584
15 16.6657 3.0022 -3.13079 1504013483.4369392
16 16.6658 3.002 -3.12999 1504013483.7952342
17 16.6607 3.0003 -3.13129 1504013484.154867
18 16.6659 3.002 -3.13079 1504013487.9334083
19 16.665 3.002 -3.13239 1504013488.4787583
20 16.6634 3.0007 -3.13029 1504013489.072394
21 16.6639 3.0019 -3.13239 1504013489.5540218
22 16.6618 3.0012 -3.13149 1504013493.3359122
23 16.658 2.9993 -3.13039 1504013493.8723726
24 16.663 3.0004 -3.13039 1504013494.477008
25 16.6612 3.0011 -3.13299 1504013495.134365
26 16.6651 3.0018 -3.13239 1504013498.851339
27 16.6614 2.9996 -3.13089 1504013499.4552498
28 16.663 3.0 -3.13049 1504013500.1129608
29 16.6636 3.0003 -3.13039 1504013500.474879
30 16.6601 2.9997 -3.13079 1504013504.2544494
31 16.6649 3.0014 -3.13249 1504013505.0347466
32 16.6591 2.9998 -3.13019 1504013505.6345468
33 16.6623 3.0009 -3.13289 1504013509.533651
34 16.664 3.0017 -3.13269 1504013509.9516149
35 16.6325 2.998 -3.13109 1504013510.4342613
36 16.5355 2.9929 -3.13379 1504013511.03733
37 16.1423 2.9979 3.1368 1504013514.8759022
38 16.0737 2.9979 3.1343 1504013515.5357556
39 16.0143 3.0007 3.1276 1504013516.1925144
40 15.9501 2.9992 3.1291 1504013516.733342
41 15.5483 3.0013 3.1177 1504013520.75363
42 15.4823 3.002 3.1161 1504013521.4125872
43 15.4245 3.0044 3.1134 1504013522.0154486
44 15.042 3.0192 3.1018 1504013525.8529038
45 14.9784 3.0217 3.1007 1504013526.514999
46 14.919 3.0246 3.0994 1504013527.1167798
47 14.8665 3.0276 3.0979 1504013527.652645
48 14.489 3.0472 3.0868 1504013531.556254
49 14.4014 3.0521 3.0836 1504013532.3321354
50 14.3369 3.0566 3.0802 1504013532.9953187
51 13.8617 3.0923 3.0401 1504013537.734357
52 13.7813 3.1001 3.0332 1504013538.572711
53 13.2082 3.1784 2.9753 1504013544.454864
54 12.6567 3.2973 2.886 1504013550.2737927
55 12.1679 3.4637 2.7669 1504013555.8536317
56 11.672 3.6983 2.63 1504013561.854725
57 11.2416 3.9838 2.488 1504013567.5514104
58 10.838 4.3412 2.3531 1504013573.3728805
59 10.5061 4.7212 2.2272 1504013578.8928328
60 10.2271 5.1426 2.1191 1504013584.3543017
61 9.9723 5.615 2.013 1504013589.9949708
62 9.7524 6.1163 1.9308 1504013595.6341476
63 9.5682 6.6782 1.8608 1504013601.573178
64 9.4313 7.1978 1.8243 1504013607.0919394
65 9.2976 7.721 1.8055 1504013612.492681
66 9.1639 8.2443 1.8428 1504013617.953987
67 9.0083 8.7625 1.8986 1504013623.2904308
68 8.8224 9.2437 1.9641 1504013628.6922233
69 8.5962 9.7145 2.0552 1504013634.1546743
70 8.3045 10.1911 2.1588 1504013640.033958
71 7.9772 10.6362 2.2521 1504013645.7891254
72 7.6089 11.0574 2.3257 1504013651.5517223
73 7.1944 11.4724 2.3914 1504013657.4343247
74 6.7947 11.8261 2.4464 1504013662.8911684
75 6.3407 12.1669 2.521 1504013668.71523
76 5.8712 12.4661 2.6295 1504013674.6498208
77 5.3821 12.6941 2.776 1504013680.5903463
78 4.9036 12.8383 2.9306 1504013686.235434
79 4.349 12.9147 3.0796 1504013692.3504257
80 4.0067 12.9271 3.111 1504013698.5890672
81 4.006 12.9265 3.1111 1504013704.171034
82 4.0064 12.927 3.1113 1504013709.7511902
83 4.0062 12.9269 3.1111 1504013715.68826
84 4.0061 12.927 3.1112 1504013721.5145245
85 4.0059 12.9266 3.1112 1504013727.5702667
86 4.0058 12.9265 3.1112 1504013733.6286578
87 4.0048 12.9254 3.1117 1504013739.6284485
88 4.0048 12.924 3.1116 1504013745.1503465
89 4.0046 12.9241 3.1115 1504013750.6688552
90 4.0045 12.9237 3.1115 1504013756.0703516
91 4.0046 12.9239 3.1115 1504013761.8318849
92 4.0043 12.9232 3.1115 1504013767.6494083
93 4.0048 12.9236 3.1115 1504013773.2270088
94 4.0043 12.9233 3.1117 1504013779.0510535
95 4.0045 12.9232 3.1114 1504013784.872435
96 4.0044 12.9234 3.1117 1504013787.4476438


# Displacement and sum and time
0 0 0 1504013465.54
0 -0.0012617141531039678 -0.0012617141531039678 1504013465.54

1 0 0 1504013466.18
1 -0.0008419072012221911 -0.0021036213543261587 1504013466.18

2 0 0 1504013466.66
2 0.0013280867504550766 -0.0007755346038710821 1504013466.66

3 0 0 1504013467.58
3 -0.014830841711084633 -0.015606376314955716 1504013467.58

4 0 0 1504013468.08
4 0.028507861289046428 0.012901484974090712 1504013468.08

5 0 0 1504013471.89
5 -0.011257220933039684 0.0016442640410510283 1504013471.89

6 0 0 1504013472.24
6 -0.005254663252805042 -0.003610399211754014 1504013472.24

7 0 0 1504013472.72
7 -0.0014911900180201703 -0.005101589229774184 1504013472.72

8 0 0 1504013472.99
8 0.004991482132335068 -0.00011010709743911658 1504013472.99

9 0 0 1504013473.46
9 0.0009243296718289503 0.0008142225743898337 1504013473.46

10 0 0 1504013477.84
10 -0.0021087446084710505 -0.0012945220340812168 1504013477.84

11 0 0 1504013478.43
11 -0.00010172217438016973 -0.0013962442084613864 1504013478.43

12 0 0 1504013478.92
12 -0.006192770864242209 -0.007589015072703596 1504013478.92

13 0 0 1504013482.95
13 0.006053004317764472 -0.0015360107549391242 1504013482.95

14 0 0 1504013483.46
14 -0.002325096764301847 -0.0038611075192409713 1504013483.46

15 0 0 1504013483.79
15 0.001071961277917153 -0.0027891462413238183 1504013483.79

16 0 0 1504013484.15
16 -0.0006193323507880065 -0.003408478592111825 1504013484.15

17 0 0 1504013487.93
17 0.0004215024696246415 -0.0029869761224871833 1504013487.93

18 0 0 1504013488.47
18 0.0009172864186012472 -0.002069689703885936 1504013488.47

19 0 0 1504013489.07
19 -0.023343321190930067 -0.025413010894816002 1504013489.07

20 0 0 1504013489.55
20 0.00022480255527362967 -0.025188208339542374 1504013489.55

21 0 0 1504013493.36
21 0.027540274971915454 0.002352066632373081 1504013493.36

22 0 0 1504013493.85
22 -0.0016042218644952535 0.0007478447678778274 1504013493.85

23 0 0 1504013494.47
23 0.09628950892545754 0.09703735369333537 1504013494.47

24 0 0 1504013495.12
24 0.10000287425755468 0.19704022795089005 1504013495.12

25 0 0 1504013498.87
25 -0.10364555042553686 0.09339467752535319 1504013498.87

26 0 0 1504013499.44
26 -0.0019161469175638652 0.09147853060778932 1504013499.44

27 0 0 1504013500.09
27 0.09632187997745507 0.18780041058524438 1504013500.09

28 0 0 1504013500.47
28 -0.09236080607988144 0.09543960450536294 1504013500.47

29 0 0 1504013504.25
29 0.01607537756369924 0.11151498206906219 1504013504.25

30 0 0 1504013505.02
30 0.001043639339550765 0.11255862140861295 1504013505.02

31 0 0 1504013505.61
31 0.0871870071960088 0.19974562860462175 1504013505.61

32 0 0 1504013509.51
32 -0.09742875743355747 0.10231687117106428 1504013509.51

33 0 0 1504013509.95
33 -0.0025702261427731597 0.09974664502829111 1504013509.95

34 0 0 1504013510.43
34 -0.0024516025076354465 0.09729504252065567 1504013510.43

35 0 0 1504013511.06
35 -0.0001081292646596347 0.09718691325599603 1504013511.06

36 0 0 1504013514.86
36 -0.7943164652068998 -0.6971295519509038 1504013514.86

37 0 0 1504013515.56
37 -0.005694291793679591 -0.7028238437445834 1504013515.56

38 0 0 1504013516.18
38 -0.12697560070387268 -0.8297994444484561 1504013516.18

39 0 0 1504013516.76
39 0.1317899496721513 -0.6980094947763048 1504013516.76

40 0 0 1504013520.75
40 -0.03603280017986132 -0.7340422949561661 1504013520.75

41 0 0 1504013521.39
41 -0.0007143162252680026 -0.7347566111814341 1504013521.39

42 0 0 1504013522.01
42 -0.041169910340938046 -0.7759265215223722 1504013522.01

43 0 0 1504013525.83
43 0.8455891082897651 0.0696625867673929 1504013525.83

44 0 0 1504013526.53
44 -0.0007499846880715654 0.06891260207932133 1504013526.53

45 0 0 1504013527.11
45 0.021415982068453614 0.09032858414777495 1504013527.11

46 0 0 1504013527.64
46 -0.002374079644215487 0.08795450450355946 1504013527.64

47 0 0 1504013531.56
47 0.07918255358748287 0.16713705809104235 1504013531.56

48 0 0 1504013532.36
48 9.306403205689914e-06 0.16714636449424802 1504013532.36

49 0 0 1504013532.99
49 -0.03964756423647273 0.1274988002577753 1504013532.99

50 0 0 1504013537.76
50 -0.07578539029379128 0.05171340996398402 1504013537.76

51 0 0 1504013538.57
51 0.0004997726762782408 0.05221318264026226 1504013538.57

52 0 0 1504013544.47
52 0.043341263746743436 0.09555444638700569 1504013544.47

53 0 0 1504013550.25
53 0.09487249009743529 0.19042693648444098 1504013550.25

54 0 0 1504013555.88
54 -0.15341971049152542 0.03700722599291556 1504013555.88

55 0 0 1504013561.85
55 0.10732207027079704 0.1443292962637126 1504013561.85

56 0 0 1504013567.58
56 -0.014727215610948863 0.12960208065276374 1504013567.58

57 0 0 1504013573.37
57 -0.10277280598111715 0.026829274671646586 1504013573.37

58 0 0 1504013578.88
58 0.008742563113834645 0.03557183778548123 1504013578.88

59 0 0 1504013584.35
59 -0.012696620967087402 0.02287521681839383 1504013584.35

60 0 0 1504013589.99
60 0.05039378238690606 0.07326899920529989 1504013589.99

61 0 0 1504013595.66
61 0.0670250177062002 0.1402940169115001 1504013595.66

62 0 0 1504013601.56
62 0.047574160743377614 0.1878681776548777 1504013601.56

63 0 0 1504013607.07
63 0.009330207887784742 0.19719838554266245 1504013607.07

64 0 0 1504013612.49
64 -0.0599111227218828 0.13728726282077963 1504013612.49

65 0 0 1504013617.94
65 -0.0091668091633626 0.12812045365741703 1504013617.94

66 0 0 1504013623.31
66 0.006044770819493728 0.13416522447691076 1504013623.31

67 0 0 1504013628.68
67 -0.08977779808979208 0.04438742638711868 1504013628.68

68 0 0 1504013634.18
68 0.056345779684450925 0.1007332060715696 1504013634.18

69 0 0 1504013640.03
69 -0.05390554193954289 0.046827664132026714 1504013640.03

70 0 0 1504013645.78
70 -0.008450635396939854 0.03837702873508686 1504013645.78

71 0 0 1504013651.55
71 -0.0849410858329531 -0.046564057097866235 1504013651.55

72 0 0 1504013657.41
72 -0.0800274175723999 -0.12659147467026613 1504013657.41

73 0 0 1504013662.92
73 0.06078588739776425 -0.06580558727250188 1504013662.92

74 0 0 1504013668.74
74 -0.11204761395698817 -0.17785320122949005 1504013668.74

75 0 0 1504013674.66
75 0.0330579920954257 -0.14479520913406435 1504013674.66

76 0 0 1504013680.58
76 0.022525934336565634 -0.12226927479749872 1504013680.58

77 0 0 1504013686.22
77 -0.0023836358334172747 -0.12465291063091599 1504013686.22

78 0 0 1504013692.35
78 -0.022884244463764913 -0.1475371550946809 1504013692.35

79 0 0 1504013698.58
79 0.06382643016128683 -0.08371072493339407 1504013698.58

80 0 0 1504013704.17
80 0.04020469882065937 -0.0435060261127347 1504013704.17

81 0 0 1504013709.72
81 -0.000508299864371639 -0.04401432597710634 1504013709.72

82 0 0 1504013715.67
82 0.09870405127043477 0.05468972529332843 1504013715.67

83 0 0 1504013721.5
83 -3.4408179830598044e-05 0.05465531711349783 1504013721.5

84 0 0 1504013727.56
84 -0.09829595382586014 -0.043640636712362305 1504013727.56

85 0 0 1504013733.63
85 -3.585018653240495e-05 -0.04367648689889471 1504013733.63

86 0 0 1504013739.6
86 0.027466132519056233 -0.016210354379838476 1504013739.6

87 0 0 1504013745.18
87 0.08137075620993463 0.06516040183009615 1504013745.18

88 0 0 1504013750.67
88 -0.07900196392267614 -0.013841562092579987 1504013750.67

89 0 0 1504013756.07
89 -0.0002002894200555538 -0.014041851512635541 1504013756.07

90 0 0 1504013761.81
90 -4.139169524771595e-05 -0.014083243207883256 1504013761.81

91 0 0 1504013767.64
91 -0.07835820559415096 -0.09244144880203423 1504013767.64

92 0 0 1504013773.25
92 -0.02049193287924539 -0.11293338168127962 1504013773.25

93 0 0 1504013779.07
93 0.014989515259515007 -0.09794386642176461 1504013779.07

94 0 0 1504013784.86
94 0.00012260268526030724 -0.09782126373650431 1504013784.86

95 0 0 1504013787.42
95 0.00045642858168907347 -0.09736483515481524 1504013787.42



# Displacement abs and sum and time
0 0 0 1504013465.54
0 0.0012617141531039678 0.0012617141531039678 1504013465.54

1 0 0 1504013466.18
1 0.0008419072012221911 0.0021036213543261587 1504013466.18

2 0 0 1504013466.66
2 0.0013280867504550766 0.0034317081047812352 1504013466.66

3 0 0 1504013467.58
3 0.014830841711084633 0.018262549815865867 1504013467.58

4 0 0 1504013468.08
4 0.028507861289046428 0.0467704111049123 1504013468.08

5 0 0 1504013471.89
5 0.011257220933039684 0.058027632037951984 1504013471.89

6 0 0 1504013472.24
6 0.005254663252805042 0.06328229529075703 1504013472.24

7 0 0 1504013472.72
7 0.0014911900180201703 0.0647734853087772 1504013472.72

8 0 0 1504013472.99
8 0.004991482132335068 0.06976496744111227 1504013472.99

9 0 0 1504013473.46
9 0.0009243296718289503 0.07068929711294122 1504013473.46

10 0 0 1504013477.84
10 0.0021087446084710505 0.07279804172141227 1504013477.84

11 0 0 1504013478.43
11 0.00010172217438016973 0.07289976389579245 1504013478.43

12 0 0 1504013478.92
12 0.006192770864242209 0.07909253476003465 1504013478.92

13 0 0 1504013482.95
13 0.006053004317764472 0.08514553907779912 1504013482.95

14 0 0 1504013483.46
14 0.002325096764301847 0.08747063584210096 1504013483.46

15 0 0 1504013483.79
15 0.001071961277917153 0.08854259712001812 1504013483.79

16 0 0 1504013484.15
16 0.0006193323507880065 0.08916192947080613 1504013484.15

17 0 0 1504013487.93
17 0.0004215024696246415 0.08958343194043077 1504013487.93

18 0 0 1504013488.47
18 0.0009172864186012472 0.090500718359032 1504013488.47

19 0 0 1504013489.07
19 0.023343321190930067 0.11384403954996207 1504013489.07

20 0 0 1504013489.55
20 0.00022480255527362967 0.1140688421052357 1504013489.55

21 0 0 1504013493.36
21 0.027540274971915454 0.14160911707715115 1504013493.36

22 0 0 1504013493.85
22 0.0016042218644952535 0.1432133389416464 1504013493.85

23 0 0 1504013494.47
23 0.09628950892545754 0.23950284786710394 1504013494.47

24 0 0 1504013495.12
24 0.10000287425755468 0.3395057221246586 1504013495.12

25 0 0 1504013498.87
25 0.10364555042553686 0.4431512725501955 1504013498.87

26 0 0 1504013499.44
26 0.0019161469175638652 0.44506741946775935 1504013499.44

27 0 0 1504013500.09
27 0.09632187997745507 0.5413892994452144 1504013500.09

28 0 0 1504013500.47
28 0.09236080607988144 0.6337501055250958 1504013500.47

29 0 0 1504013504.25
29 0.01607537756369924 0.6498254830887951 1504013504.25

30 0 0 1504013505.02
30 0.001043639339550765 0.6508691224283458 1504013505.02

31 0 0 1504013505.61
31 0.0871870071960088 0.7380561296243546 1504013505.61

32 0 0 1504013509.51
32 0.09742875743355747 0.8354848870579121 1504013509.51

33 0 0 1504013509.95
33 0.0025702261427731597 0.8380551132006853 1504013509.95

34 0 0 1504013510.43
34 0.0024516025076354465 0.8405067157083207 1504013510.43

35 0 0 1504013511.06
35 0.0001081292646596347 0.8406148449729803 1504013511.06

36 0 0 1504013514.86
36 0.7943164652068998 1.6349313101798801 1504013514.86

37 0 0 1504013515.56
37 0.005694291793679591 1.6406256019735597 1504013515.56

38 0 0 1504013516.18
38 0.12697560070387268 1.7676012026774324 1504013516.18

39 0 0 1504013516.76
39 0.1317899496721513 1.8993911523495837 1504013516.76

40 0 0 1504013520.75
40 0.03603280017986132 1.935423952529445 1504013520.75

41 0 0 1504013521.39
41 0.0007143162252680026 1.936138268754713 1504013521.39

42 0 0 1504013522.01
42 0.041169910340938046 1.977308179095651 1504013522.01

43 0 0 1504013525.83
43 0.8455891082897651 2.822897287385416 1504013525.83

44 0 0 1504013526.53
44 0.0007499846880715654 2.8236472720734875 1504013526.53

45 0 0 1504013527.11
45 0.021415982068453614 2.845063254141941 1504013527.11

46 0 0 1504013527.64
46 0.002374079644215487 2.8474373337861563 1504013527.64

47 0 0 1504013531.56
47 0.07918255358748287 2.926619887373639 1504013531.56

48 0 0 1504013532.36
48 9.306403205689914e-06 2.926629193776845 1504013532.36

49 0 0 1504013532.99
49 0.03964756423647273 2.9662767580133176 1504013532.99

50 0 0 1504013537.76
50 0.07578539029379128 3.042062148307109 1504013537.76

51 0 0 1504013538.57
51 0.0004997726762782408 3.042561920983387 1504013538.57

52 0 0 1504013544.47
52 0.043341263746743436 3.0859031847301304 1504013544.47

53 0 0 1504013550.25
53 0.09487249009743529 3.1807756748275655 1504013550.25

54 0 0 1504013555.88
54 0.15341971049152542 3.334195385319091 1504013555.88

55 0 0 1504013561.85
55 0.10732207027079704 3.441517455589888 1504013561.85

56 0 0 1504013567.58
56 0.014727215610948863 3.456244671200837 1504013567.58

57 0 0 1504013573.37
57 0.10277280598111715 3.5590174771819543 1504013573.37

58 0 0 1504013578.88
58 0.008742563113834645 3.5677600402957887 1504013578.88

59 0 0 1504013584.35
59 0.012696620967087402 3.5804566612628763 1504013584.35

60 0 0 1504013589.99
60 0.05039378238690606 3.6308504436497824 1504013589.99

61 0 0 1504013595.66
61 0.0670250177062002 3.6978754613559826 1504013595.66

62 0 0 1504013601.56
62 0.047574160743377614 3.7454496220993603 1504013601.56

63 0 0 1504013607.07
63 0.009330207887784742 3.754779829987145 1504013607.07

64 0 0 1504013612.49
64 0.0599111227218828 3.814690952709028 1504013612.49

65 0 0 1504013617.94
65 0.0091668091633626 3.8238577618723903 1504013617.94

66 0 0 1504013623.31
66 0.006044770819493728 3.829902532691884 1504013623.31

67 0 0 1504013628.68
67 0.08977779808979208 3.9196803307816763 1504013628.68

68 0 0 1504013634.18
68 0.056345779684450925 3.9760261104661274 1504013634.18

69 0 0 1504013640.03
69 0.05390554193954289 4.02993165240567 1504013640.03

70 0 0 1504013645.78
70 0.008450635396939854 4.0383822878026105 1504013645.78

71 0 0 1504013651.55
71 0.0849410858329531 4.1233233736355634 1504013651.55

72 0 0 1504013657.41
72 0.0800274175723999 4.2033507912079635 1504013657.41

73 0 0 1504013662.92
73 0.06078588739776425 4.264136678605728 1504013662.92

74 0 0 1504013668.74
74 0.11204761395698817 4.376184292562716 1504013668.74

75 0 0 1504013674.66
75 0.0330579920954257 4.409242284658141 1504013674.66

76 0 0 1504013680.58
76 0.022525934336565634 4.431768218994707 1504013680.58

77 0 0 1504013686.22
77 0.0023836358334172747 4.434151854828124 1504013686.22

78 0 0 1504013692.35
78 0.022884244463764913 4.457036099291889 1504013692.35

79 0 0 1504013698.58
79 0.06382643016128683 4.520862529453176 1504013698.58

80 0 0 1504013704.17
80 0.04020469882065937 4.561067228273835 1504013704.17

81 0 0 1504013709.72
81 0.000508299864371639 4.561575528138206 1504013709.72

82 0 0 1504013715.67
82 0.09870405127043477 4.660279579408641 1504013715.67

83 0 0 1504013721.5
83 3.4408179830598044e-05 4.660313987588472 1504013721.5

84 0 0 1504013727.56
84 0.09829595382586014 4.758609941414332 1504013727.56

85 0 0 1504013733.63
85 3.585018653240495e-05 4.758645791600864 1504013733.63

86 0 0 1504013739.6
86 0.027466132519056233 4.786111924119921 1504013739.6

87 0 0 1504013745.18
87 0.08137075620993463 4.867482680329855 1504013745.18

88 0 0 1504013750.67
88 0.07900196392267614 4.946484644252531 1504013750.67

89 0 0 1504013756.07
89 0.0002002894200555538 4.946684933672587 1504013756.07

90 0 0 1504013761.81
90 4.139169524771595e-05 4.946726325367834 1504013761.81

91 0 0 1504013767.64
91 0.07835820559415096 5.025084530961985 1504013767.64

92 0 0 1504013773.25
92 0.02049193287924539 5.045576463841231 1504013773.25

93 0 0 1504013779.07
93 0.014989515259515007 5.060565979100746 1504013779.07

94 0 0 1504013784.86
94 0.00012260268526030724 5.060688581786006 1504013784.86

95 0 0 1504013787.42
95 0.00045642858168907347 5.061145010367695 1504013787.42



# Distance slam gt + time
0 0.00038887826265077965 1504013464.97
1 0.0002833138150244623 1504013465.54
2 0.0013254520068525317 1504013466.18
3 0.0013088308455417449 1504013466.66
4 0.004409774580838577 1504013467.58
5 0.006370422206439866 1504013468.08
6 0.004601023191527009 1504013471.89
7 0.003944115589055059 1504013472.24
8 0.0024518798992058002 1504013472.72
9 0.0031607911619572176 1504013472.99
10 0.00015313670760124835 1504013473.46
11 0.0012177959022914063 1504013477.84
12 0.0012996412737807188 1504013478.43
13 0.005706071120214038 1504013478.92
14 0.002829956127814442 1504013482.95
15 0.003543652086774475 1504013483.46
16 0.004493519049740852 1504013483.79
17 0.0070157097563862385 1504013484.15
18 0.0014821111821347482 1504013487.93
19 0.0013928712068509543 1504013488.47
20 0.006572710640126556 1504013489.07
21 0.006554283034074752 1504013489.55
22 0.002261293487211885 1504013493.36
23 0.002362193074318964 1504013493.85
24 0.0025231522004744897 1504013494.47
25 0.0028953833327951504 1504013495.12
26 0.0033347189368249292 1504013498.87
27 0.003511578533915767 1504013499.44
28 0.0052877743787381574 1504013500.09
29 0.002449389367727457 1504013500.47
30 0.004674051575621351 1504013504.25
31 0.004941068843072898 1504013505.02
32 0.0017294769724595991 1504013505.61
33 0.0015354102256484865 1504013509.51
34 0.0021492059669521754 1504013509.95
35 0.005380969023763926 1504013510.43
36 0.00460495904413709 1504013511.06
37 0.029273659961160596 1504013514.86
38 0.03320575339902133 1504013515.56
39 0.022621912582154825 1504013516.18
40 0.027535573358617487 1504013516.76
41 0.016690113658023507 1504013520.75
42 0.014583670767041122 1504013521.39
43 0.08008859904619388 1504013522.01
44 0.08626664908423974 1504013525.83
45 0.08312689651730143 1504013526.53
46 0.09651166714030826 1504013527.11
47 0.10545414360000403 1504013527.64
48 0.09969818404578448 1504013531.56
49 0.09522238932973241 1504013532.36
50 0.09135756142206335 1504013532.99
51 0.13013804049244856 1504013537.76
52 0.13067197846520234 1504013538.57
53 0.11311442622180873 1504013544.47
54 0.12889894267250768 1504013550.25
55 0.19272894860596484 1504013555.88
56 0.25670227053447675 1504013561.85
57 0.3555028134144499 1504013567.58
58 0.506576042463397 1504013573.37
59 0.5907594255914522 1504013578.88
60 0.672126793892955 1504013584.35
61 0.725998597331538 1504013589.99
62 0.7885534647564458 1504013595.66
63 0.8028727454336858 1504013601.56
64 0.8504619431347422 1504013607.07
65 0.8986239952362445 1504013612.49
66 0.993269338135067 1504013617.94
67 1.0161239610603299 1504013623.31
68 0.9997200716847732 1504013628.68
69 0.9692183158199925 1504013634.18
70 0.9333885985713765 1504013640.03
71 0.863551805691311 1504013645.78
72 0.8619417754916053 1504013651.55
73 0.8658366929275689 1504013657.41
74 0.825200461223836 1504013662.92
75 0.8575789499247088 1504013668.74
76 0.8376911331126864 1504013674.66
77 0.7553775708392867 1504013680.58
78 0.682198986369269 1504013686.22
79 0.6203140148032453 1504013692.35
80 0.5301304568783326 1504013698.58
81 0.4793336431972513 1504013704.17
82 0.4818901492156093 1504013709.72
83 0.4812766257259702 1504013715.67
84 0.48256775559319515 1504013721.5
85 0.4805953695603041 1504013727.56
86 0.48127600776769247 1504013733.63
87 0.47827598281801403 1504013739.6
88 0.4748255493514558 1504013745.18
89 0.46703643153859886 1504013750.67
90 0.46700679897505326 1504013756.07
91 0.4655627107379358 1504013761.81
92 0.4723891655464154 1504013767.64
93 0.46646520048210477 1504013773.25
94 0.48454991175449713 1504013779.07
95 0.48319118324443544 1504013784.86
96 0.4832307086835781 1504013787.42


# Displacement mean and std deviation
-0.0010142170328626588 0.13014356884341713

# Displacement mean absolute value and std deviation
0.05272026052466349 0.11899139161175742

# Distance to GT
0.4832307086835781

# Orientation to GT
0.09569521682976001