# SLAM - pose_x pose_y orientation time
4.19716 12.9124 3.10516 1504013870.695863
4.4048 12.928 3.07208 1504013872.813884
4.61983 12.9474 3.01738 1504013874.931923
4.81615 12.9539 2.9576 1504013877.3525078
5.031 12.9534 2.89529 1504013879.7731369
5.23979 12.9374 2.83422 1504013882.0928829
5.45176 12.9126 2.76895 1504013884.412627
5.6576 12.8747 2.70483 1504013886.732376
5.85316 12.8176 2.65045 1504013888.951298
6.04675 12.7473 2.6001 1504013891.17018
6.24103 12.6604 2.55427 1504013893.389048
6.42229 12.5623 2.51524 1504013895.6079192
6.60057 12.4605 2.48094 1504013897.725963
6.77719 12.35 2.4496 1504013899.843999
6.94284 12.2269 2.41752 1504013901.962046
7.10545 12.1027 2.39493 1504013903.979176
7.26846 11.9686 2.37873 1504013906.097235
7.4278 11.8263 2.35998 1504013908.215263
7.58264 11.6862 2.34392 1504013910.33329
7.72894 11.547 2.32667 1504013912.3504739
7.87685 11.3969 2.30797 1504013914.468503
8.02192 11.2483 2.29021 1504013916.586536
8.16852 11.1036 2.27061 1504013918.704596
8.30145 10.9615 2.24571 1504013920.822596
8.45193 10.8062 2.21625 1504013922.940623
8.58485 10.6585 2.18765 1504013925.05865
8.72254 10.4956 2.15531 1504013927.176675
8.85616 10.3324 2.12127 1504013929.294699
8.98475 10.1621 2.08319 1504013931.4127412
9.10744 9.99265 2.04608 1504013933.530747
9.22699 9.80996 2.01238 1504013935.7496982
9.31483 9.6245 1.98507 1504013937.867691
9.42158 9.45526 1.95859 1504013939.985736
9.50815 9.27406 1.93539 1504013942.103764
9.58674 9.08095 1.91045 1504013944.1209228
9.65841 8.89156 1.89547 1504013946.238962
9.72388 8.6926 1.88471 1504013948.356985
9.78504 8.50007 1.87804 1504013950.4750102
9.84963 8.32823 1.87109 1504013952.593015
9.91297 8.15191 1.8675 1504013954.610228
9.97158 7.94528 1.86338 1504013956.62741
10.0203 7.73419 1.86805 1504013958.6445508
10.0671 7.5529 1.87407 1504013960.76262
10.1158 7.38125 1.88452 1504013962.7797801
10.1612 7.18003 1.8945 1504013964.796951
10.2132 6.9741 1.9113 1504013966.814122
10.2603 6.78836 1.93269 1504013968.831278
10.3126 6.62224 1.94878 1504013970.848442
10.3792 6.45862 1.97055 1504013972.966537
10.4316 6.30384 1.99158 1504013975.084529
10.4928 6.10359 2.02142 1504013977.2025568
10.5608 5.88123 2.05992 1504013979.320564
10.6211 5.66723 2.1018 1504013981.438621
10.6608 5.55968 2.13936 1504013983.657504
10.7277 5.34359 2.1841 1504013985.876405
10.7752 5.23037 2.21241 1504013988.095281
10.8512 5.0831 2.24823 1504013990.314205
10.9377 4.90561 2.29487 1504013992.533064
11.0541 4.70288 2.35105 1504013994.751986
11.1826 4.52665 2.40632 1504013996.9708428
11.3277 4.34166 2.47241 1504013999.189746
11.4657 4.18114 2.53569 1504014001.5094872
11.6334 4.00849 2.60874 1504014003.829219
11.7667 3.87203 2.67157 1504014006.148978
11.9748 3.7014 2.75684 1504014008.468735
12.1347 3.59521 2.81697 1504014010.788464
12.3302 3.48418 2.88275 1504014013.108209
12.4417 3.40733 2.91756 1504014015.327106
12.6149 3.30706 2.96834 1504014017.545988
12.8879 3.25206 3.02867 1504014019.6640651
13.0718 3.20563 3.05531 1504014021.681199
13.2615 3.16726 3.07486 1504014023.799221
13.4472 3.13891 3.08904 1504014025.91726
13.6581 3.11574 3.10257 1504014028.035306
13.9078 3.10207 3.11649 1504014030.1533198
14.1177 3.09392 3.11604 1504014032.170479
14.2931 3.08589 3.10597 1504014034.187671
14.4978 3.07529 3.10229 1504014036.204833
14.7003 3.06242 3.09769 1504014038.322855
14.9281 3.05671 3.09689 1504014040.440896
15.1338 3.04589 3.09882 1504014042.4580832
15.3523 3.03721 3.09948 1504014044.576115
15.5205 3.00712 3.08578 1504014046.593278
15.7394 2.98915 3.07946 1504014048.610423
15.9456 2.97431 3.07787 1504014050.72848
16.165 2.97132 3.07859 1504014052.745672
16.3723 2.95182 3.07762 1504014054.762864
16.597 2.94935 3.08814 1504014056.880853
16.7691 2.89718 3.08187 1504014058.9989069
16.997 2.86556 3.07975 1504014061.116914
17.1969 2.85529 3.07767 1504014063.134092
17.4008 2.86502 3.07947 1504014064.646972


# GT - pose_x pose_y orientation time
4.2049 12.9218 3.1022 1504013870.6663806
4.4161 12.9076 3.0715 1504013872.8271294
4.6204 12.8869 3.0185 1504013874.9292374
4.8215 12.8575 2.9585 1504013877.3254666
5.0244 12.8103 2.8939 1504013879.7888594
5.2163 12.756 2.8327 1504013882.0685148
5.4134 12.686 2.7674 1504013884.4086423
5.6033 12.6042 2.7032 1504013886.7462082
5.784 12.5131 2.6467 1504013888.968366
5.9624 12.4116 2.597 1504013891.1899464
6.1367 12.3 2.5531 1504013893.4056911
6.3083 12.1804 2.513 1504013895.6295142
6.4707 12.0625 2.4797 1504013897.7261944
6.6315 11.9373 2.4491 1504013899.829638
6.7962 11.7999 2.4191 1504013901.9930377
6.941 11.6688 2.3962 1504013903.9666212
7.0955 11.5233 2.3777 1504013906.1241894
7.2432 11.3779 2.3616 1504013908.2313306
7.3893 11.23 2.344 1504013910.3272898
7.5314 11.0805 2.325 1504013912.3644376
7.672 10.9267 2.3059 1504013914.4694371
7.8068 10.7716 2.2878 1504013916.5680814
7.9432 10.6119 2.2655 1504013918.7249317
8.0725 10.4511 2.2395 1504013920.8271039
8.1966 10.2881 2.21 1504013922.927805
8.3169 10.1208 2.1795 1504013925.0845027
8.43 9.9527 2.1482 1504013927.18958
8.5392 9.7843 2.1146 1504013929.2866807
8.6432 9.6091 2.0799 1504013931.384429
8.7461 9.4223 2.0431 1504013933.546434
8.8396 9.2326 2.009 1504013935.7668738
8.9236 9.0481 1.9822 1504013937.865041
9.0048 8.8607 1.9571 1504013939.966539
9.0804 8.6669 1.9305 1504013942.1270335
9.1496 8.4741 1.907 1504013944.1056173
9.2144 8.2711 1.8888 1504013946.2664368
9.2756 8.0759 1.8777 1504013948.368461
9.336 7.881 1.8677 1504013950.4681344
9.3962 7.6839 1.8551 1504013952.5670123
9.4551 7.4886 1.8458 1504013954.60721
9.5094 7.2848 1.842 1504013956.646412
9.5644 7.0903 1.8446 1504013958.6275468
9.6214 6.888 1.8508 1504013960.7900562
9.6743 6.6986 1.8585 1504013962.7672698
9.7306 6.5039 1.8682 1504013964.8049011
9.7879 6.3133 1.8829 1504013966.7866712
9.8502 6.1192 1.9031 1504013968.8264875
9.9235 5.925 1.9262 1504013970.8703167
9.9978 5.74 1.9504 1504013972.9641266
10.0761 5.5525 1.9748 1504013975.0656345
10.1618 5.3635 2.0031 1504013977.226204
10.2492 5.1783 2.038 1504013979.324208
10.3405 5.0014 2.0811 1504013981.428763
10.4407 4.8217 2.1306 1504013983.6463284
10.5546 4.6465 2.1785 1504013985.8640635
10.6741 4.4776 2.222 1504013988.0866838
10.8032 4.3154 2.2662 1504013990.3068671
10.9392 4.1609 2.3148 1504013992.524612
11.0797 4.0122 2.3652 1504013994.7473674
11.2263 3.8709 2.4208 1504013996.9634974
11.3831 3.7403 2.4803 1504013999.1893923
11.5478 3.6195 2.5424 1504014001.523655
11.7129 3.5119 2.6056 1504014003.8050017
11.8899 3.413 2.6749 1504014006.147462
12.0735 3.3256 2.745 1504014008.483626
12.258 3.254 2.8106 1504014010.7657766
12.4509 3.1898 2.872 1504014013.106175
12.6517 3.1349 2.9256 1504014015.3264475
12.8497 3.0955 2.9781 1504014017.5440717
13.0503 3.0659 3.0204 1504014019.6439717
13.2524 3.0403 3.0502 1504014021.6867309
13.459 3.0226 3.075 1504014023.7849076
13.6702 3.011 3.0956 1504014025.943939
13.8733 3.0041 3.1071 1504014028.046339
14.0813 2.9989 3.1107 1504014030.1485183
14.2898 2.9916 3.1088 1504014032.1827989
14.4954 2.9861 3.1065 1504014034.1653857
14.6977 2.9788 3.103 1504014036.2065902
14.9026 2.9667 3.0991 1504014038.3066182
15.1155 2.9573 3.0948 1504014040.4669547
15.3118 2.9463 3.0935 1504014042.4455574
15.5259 2.9347 3.0915 1504014044.6037092
15.7222 2.923 3.0908 1504014046.58223
15.934 2.9176 3.0876 1504014048.6270967
16.1373 2.9043 3.0847 1504014050.7245145
16.3463 2.8912 3.0809 1504014052.7624545
16.5448 2.8743 3.0795 1504014054.7433517
16.7575 2.8585 3.0834 1504014056.9071598
16.9634 2.8455 3.0874 1504014059.0028858
17.1709 2.8353 3.0904 1504014061.1058202
17.3781 2.8284 3.0888 1504014063.1440482
17.5768 2.8195 3.0838 1504014064.6440954


# Displacement and sum
0 0.0023800000000000487 0.0023800000000000487
1 0.0017000000000000348 0.0040800000000000836
2 -0.0002199999999996649 0.0038600000000004187
3 -0.0022900000000003473 0.0015700000000000713
4 -0.00012999999999996348 0.0014400000000001079
5 -2.9999999999752447e-05 0.0014100000000003554
6 -8.000000000008001e-05 0.0013300000000002754
7 -0.002120000000000122 -0.0007899999999998464
8 0.0006500000000002615 -0.0001399999999995849
9 0.0019300000000002093 0.0017900000000006244
10 -0.0010700000000003485 0.000720000000000276
11 0.0009999999999998899 0.0017200000000001658
12 0.0007399999999999629 0.0024600000000001288
13 0.0020799999999998597 0.0045399999999999885
14 -0.00030999999999981043 0.004230000000000178
15 -0.0022999999999999687 0.0019300000000002093
16 0.002650000000000041 0.0045800000000002505
17 -0.0015399999999998748 0.0030400000000003757
18 -0.0017499999999999183 0.0012900000000004574
19 -0.00040000000000040004 0.0008900000000000574
20 -0.00034000000000000696 0.0005500000000000504
21 -0.0026999999999999247 -0.0021499999999998742
22 -0.0010999999999996568 -0.003249999999999531
23 -4.000000000026205e-05 -0.003289999999999793
24 -0.0019000000000000128 -0.005189999999999806
25 0.001040000000000152 -0.004149999999999654
26 0.0004399999999997739 -0.00370999999999988
27 0.0033799999999999386 -0.00032999999999994145
28 0.0003100000000002545 -1.9999999999686935e-05
29 -0.00039999999999995595 -0.0004199999999996429
30 0.0005100000000000104 9.000000000036756e-05
31 0.0013799999999999368 0.0014700000000003044
32 -0.0033999999999998476 -0.0019299999999995432
33 0.0014399999999998858 -0.0004899999999996574
34 -0.0032200000000000006 -0.003709999999999658
35 -0.000340000000000229 -0.004049999999999887
36 -0.003329999999999833 -0.00737999999999972
37 -0.005649999999999933 -0.013029999999999653
38 -0.005709999999999882 -0.018739999999999535
39 0.00031999999999987594 -0.01841999999999966
40 0.0020700000000000163 -0.016349999999999643
41 -0.000180000000000069 -0.01652999999999971
42 0.00275000000000003 -0.013779999999999681
43 0.000280000000000058 -0.013499999999999623
44 0.0020999999999999908 -0.011399999999999633
45 0.0011900000000000244 -0.010209999999999608
46 -0.007009999999999961 -0.01721999999999957
47 -0.002429999999999932 -0.0196499999999995
48 -0.003370000000000317 -0.02301999999999982
49 0.001540000000000319 -0.0214799999999995
50 0.0036000000000000476 -0.017879999999999452
51 -0.001220000000000443 -0.019099999999999895
52 -0.011939999999999618 -0.031039999999999512
53 -0.0031600000000002737 -0.034199999999999786
54 -0.015189999999999593 -0.04938999999999938
55 -0.008380000000000276 -0.057769999999999655
56 -0.0019599999999999618 -0.05972999999999962
57 0.005779999999999674 -0.05394999999999994
58 -0.00032999999999949736 -0.05427999999999944
59 0.006589999999999652 -0.04768999999999979
60 0.001180000000000181 -0.04650999999999961
61 0.009850000000000136 -0.03665999999999947
62 -0.006470000000000198 -0.04312999999999967
63 0.015169999999999906 -0.027959999999999763
64 -0.005469999999999864 -0.03342999999999963
65 0.0043800000000002726 -0.029049999999999354
66 -0.01879000000000053 -0.04783999999999988
67 -0.0017199999999997218 -0.049559999999999604
68 0.01802999999999999 -0.031529999999999614
69 -0.0031599999999998296 -0.034689999999999444
70 -0.005250000000000199 -0.03993999999999964
71 -0.006420000000000314 -0.04635999999999996
72 0.0020300000000004204 -0.044329999999999536
73 0.010320000000000107 -0.03400999999999943
74 -0.0014499999999997293 -0.03545999999999916
75 0.007769999999999833 -0.027689999999999326
76 0.00018000000000029104 -0.027509999999999035
77 0.0006999999999997009 -0.026809999999999334
78 -0.0034999999999998366 -0.03030999999999917
79 0.0006299999999996864 -0.029679999999999485
80 -0.001340000000000341 -0.031019999999999825
81 0.0129999999999999 -0.018019999999999925
82 0.0031200000000000117 -0.014899999999999913
83 -0.0013099999999997003 -0.016209999999999614
84 -0.0030799999999997496 -0.019289999999999363
85 -0.0004300000000001525 -0.019719999999999516
86 0.006619999999999848 -0.013099999999999667
87 0.0022700000000002163 -0.010829999999999451
88 -0.0008799999999999919 -0.011709999999999443
89 0.00048000000000048004 -0.011229999999998963
90 -0.0031999999999996476 -0.01442999999999861
91 0 -0.01442999999999861
