# SLAM - pose_x pose_y orientation time
17.3732250766 2.8293443147 3.085566472040643 1504014281.61
17.1338231598 2.83760213968 3.0868659534445575 1504014284.02
16.9007879041 2.84763337554 3.0928778340564853 1504014286.37
16.648791187 2.85990310894 3.1046062178870355 1504014289.01
16.4906606922 2.86598607823 3.1136860782261593 1504014290.57
16.276128847 2.87409224247 3.1248999999924783 1504014292.7
15.9905408118 2.88017016077 3.1364232535830725 1504014295.23
15.7558510371 2.87421200377 3.144896754338728 1504014297.66
15.5550909235 2.8709013898 3.148158914162513 1504014299.64
15.3078460056 2.86888409028 3.14825659182826 1504014302.13
15.130927501 2.8715724771 3.146342686861229 1504014303.91
14.8780655129 2.86025983722 3.151358053672573 1504014306.48
14.6339459548 2.86138506 3.150542105161229 1504014309.0
14.4125662616 2.85976545337 3.1416502468022087 1504014311.25
14.1633755909 2.86121949293 3.1203249794721595 1504014313.73
13.9507652107 2.86834006909 3.099282315959314 1504014315.81
13.7334458769 2.91328609134 3.078180622845532 1504014318.14
13.4950595745 2.93058507107 3.044834215165298 1504014320.63
13.2664292672 2.95732848566 3.0035301456664336 1504014323.02
13.0381421915 2.99590721833 2.957366558409608 1504014325.42
12.8200477706 3.04106380544 2.9073416662036196 1504014327.79
12.6045075514 3.22185669857 2.846247374499277 1504014330.48
12.4308221422 3.28366520227 2.7940689746868195 1504014332.54
12.2328073357 3.36577404074 2.734094093845633 1504014334.96
11.9974914092 3.4794108555 2.6597995245217607 1504014337.91
11.8542876518 3.55861409902 2.611386730969198 1504014339.71
11.6572814965 3.68605396054 2.5420961651938687 1504014342.34
11.5748543083 4.07033956969 2.4855596301902674 1504014344.71
11.4060585746 4.20606093009 2.4359054141524106 1504014347.01
11.2354242797 4.35926563218 2.388184915745094 1504014349.43
11.0625309362 4.53347260855 2.33947020299103 1504014351.97
10.8967448471 4.71095445764 2.297441450254536 1504014354.5
10.7548760709 4.87627323627 2.262072730861561 1504014356.77
10.77003506 5.29234179456 2.2137023351438936 1504014359.37
10.6455347816 5.47145195494 2.1656096190412906 1504014361.69
10.5424531616 5.63840677334 2.1254471228233176 1504014363.77
10.4224266732 5.84479555004 2.082975309843718 1504014366.34
10.3172585029 6.0450622694 2.04649812934698 1504014368.69
10.3593125174 6.36635377598 2.0145858835840524 1504014371.11
10.2607549778 6.57974015658 1.9782634512219128 1504014373.55
10.1653597427 6.79737487573 1.945818112947467 1504014375.97
10.0877814357 6.99612079086 1.9221858972850407 1504014378.07
10.0168399237 7.20148261453 1.9040212205349432 1504014380.22
10.1077680562 7.48780563424 1.8852334756757567 1504014382.45
10.0398544038 7.71104480028 1.8731832743368892 1504014384.82
9.96746921586 7.94153757325 1.8649565402038388 1504014387.26
9.90908257821 8.14427800054 1.8562198545831168 1504014389.32
9.84011922077 8.37327665188 1.8578948078487079 1504014391.76
9.78455814839 8.55904252786 1.8609315491144458 1504014393.69
9.82392027087 8.82103887615 1.8656584272946817 1504014395.96
9.76301188109 9.02760620371 1.874079939980268 1504014398.18
9.70221680349 9.22855949006 1.8864492449626393 1504014400.33
9.62765008183 9.45622945112 1.906637949886985 1504014402.61
9.54986671287 9.66979732664 1.9286657166740977 1504014404.93
9.47492190751 9.85601353745 1.9499575060583656 1504014406.93
9.39740676404 10.0465538382 1.981838621605156 1504014409.41
9.29371985215 10.2649266841 2.0283046772313322 1504014411.97
9.19305141071 10.4475016851 2.0763841304896826 1504014414.2
9.07335093111 10.6460837736 2.1317634089629864 1504014416.67
8.95356731047 10.8219434644 2.187985052779953 1504014419.04
8.75282746699 10.9873603028 2.248865230999774 1504014421.45
8.60452237554 11.1599649689 2.3095523348588998 1504014423.95
8.45883569446 11.3108482042 2.362942356305445 1504014426.24
8.28829999894 11.4677370648 2.4170347700981987 1504014428.73
8.12215686559 11.6075464716 2.4644565911134726 1504014431.08
7.7713586037 11.6488549879 2.5116823806741535 1504014433.55
7.58638319822 11.7731825696 2.5556937073797137 1504014435.87
7.3855685183 11.8976698735 2.596918415605573 1504014438.33
7.18673326129 12.0123277344 2.6336202496825463 1504014440.72
6.98627164196 12.1186219632 2.672931729134287 1504014443.13
6.57380729374 12.0648754615 2.719792220706567 1504014445.55
6.36116000097 12.1565354308 2.7579407351272662 1504014447.98
6.13606607108 12.2432123603 2.8052185788885415 1504014450.55
5.93348690197 12.3088835493 2.853489312536009 1504014452.82
5.73189612828 12.3619998063 2.9004731138016036 1504014455.0
5.4901536908 12.3452834161 2.946357958345864 1504014457.61
5.28883242295 12.3801378115 2.9900240657670696 1504014459.77
5.07088868323 12.4083406166 3.0372830499018737 1504014462.11
4.84217754805 12.426237323 3.0841127471640846 1504014464.59
4.58195246325 12.4412339084 3.1289689020648686 1504014467.28
4.3290750621 12.2844494164 3.1585467318876232 1504014469.65
4.52594258458 12.2034641067 3.1474482197039326 1504014556.83
4.77007663892 12.1990373723 3.1082842747664587 1504014559.33
4.96422073368 12.183779076 3.064349717938844 1504014561.48
5.20942091804 12.1563496914 3.009659100887643 1504014564.14
5.42302834999 12.1261258424 2.9652791820592523 1504014566.48
5.63545392067 12.1489524775 2.912067194563666 1504014568.81
5.86754611678 12.0887653237 2.853512412108285 1504014571.38
6.08466602935 12.0197436826 2.8061536525790522 1504014573.77
6.31866534308 11.9299019092 2.7578477272470123 1504014576.44
6.54044044521 11.8313843428 2.7136636721994325 1504014578.99
6.77211908024 11.8913529442 2.6799836454609993 1504014581.17
6.96279211174 11.7974958033 2.644644479134836 1504014583.37
7.16311341227 11.6825323965 2.6041788777641344 1504014585.77
7.36668436284 11.555810094 2.5644654718320194 1504014588.27
7.5635725372 11.4250213683 2.526845632651581 1504014590.71
7.81131628585 11.4113601341 2.4858749467834538 1504014593.08
7.99316535095 11.2635804111 2.4392086076966537 1504014595.54
8.15140401961 11.1241434756 2.3962973573411435 1504014597.78
8.32360097462 10.9576652117 2.3437991357694625 1504014600.35
8.46712478331 10.8013700092 2.293181418310224 1504014602.65
8.70951264244 10.7032397022 2.232121136685097 1504014605.34
8.83689821627 10.5322779972 2.1794650403610887 1504014607.63
8.95829763117 10.3524776807 2.1259561853100815 1504014609.96
9.07242875087 10.1666230641 2.076469541248408 1504014612.2
9.1699708055 9.97975113323 2.0331530390017933 1504014614.52
9.28609167689 9.73597835233 1.9893466534995778 1504014617.34
9.52640513996 9.64627809563 1.9595342545844014 1504014619.62
9.61166849108 9.42941997632 1.9310899609060534 1504014622.01
9.68018394834 9.23993589443 1.9105247170082729 1504014623.95
9.75391349095 9.01142355127 1.8927102850610305 1504014626.42
9.8266019496 8.78494808434 1.8808089397997394 1504014628.84
10.0162791461 8.61344056246 1.8666249952071985 1504014631.2
10.079086647 8.41299028523 1.8550167420399974 1504014633.3
10.1384309282 8.20773547306 1.8476331680211922 1504014635.44
10.1987360609 7.99176368096 1.8511132278562181 1504014637.63
10.2653511169 7.76078302035 1.8622457430854484 1504014640.07
10.3327913542 7.53385623471 1.8747236057146979 1504014642.47
10.4194946323 7.31167780335 1.8882037121477317 1504014644.89
10.4810548406 7.11958436289 1.9046481206714845 1504014646.89
10.5466878864 6.93319027647 1.923284951081588 1504014648.85
10.6229819896 6.7440769496 1.9441936248823601 1504014650.88
10.7138083253 6.52503619572 1.9681359596347268 1504014653.34
10.8094793692 6.31139876962 1.992065438518716 1504014655.74
10.8168865866 6.06621872281 2.0254972070063517 1504014658.15
10.9147302784 5.86640266759 2.0734028672718394 1504014660.51
11.0372329107 5.65009715571 2.1337669240730963 1504014663.16
11.1438376316 5.48451051584 2.1820117102247334 1504014665.32
11.2701863065 5.31028523448 2.237764894353603 1504014667.67
11.2687636589 5.09715925159 2.300747665993459 1504014670.13
11.4113957778 4.94819692733 2.3736796211830358 1504014672.52
11.5406043072 4.82919316406 2.4420386260047735 1504014674.63
11.7287381159 4.6812108277 2.530087921884378 1504014677.45
11.8922872318 4.57298124215 2.6027305643507344 1504014679.79
11.8975438641 4.30964057727 2.6991170866728376 1504014682.7
12.1046628045 4.22066210372 2.7864553410176867 1504014685.42
12.3056260104 4.15111834922 2.8593886025338486 1504014687.89
12.5012685355 4.1002924433 2.9260752905320038 1504014690.22
12.7142624353 4.05694473981 2.9904562092549574 1504014692.67
12.9335260401 4.02755036574 3.0469830792709325 1504014695.04
12.9649854094 3.70753651286 3.096052474781261 1504014697.47
13.2048435434 3.69957203415 3.136157053626817 1504014699.93
13.387372361 3.69695685875 3.15929892420207 1504014701.76
13.6506138783 3.70423175821 3.1868358887290955 1504014704.41
13.9012372306 3.71688820023 3.202760642589747 1504014706.97
14.0682468714 3.46751794784 3.2059509690248427 1504014709.18
14.2238054004 3.47813739206 3.2042114489790907 1504014710.74
14.4742345242 3.49268585516 3.1990561555611423 1504014713.21
14.6747501367 3.50378988687 3.1921941073031164 1504014715.17
14.8995669613 3.51302977665 3.1797786552044567 1504014717.53
15.1443308166 3.51798697289 3.160198860732094 1504014719.98
15.3831346111 3.4502294409 3.137691034048183 1504014722.41
15.6259598447 3.44974695396 3.1178021656064896 1504014724.86
15.8415650943 3.44554678559 3.0975655358607463 1504014727.08
16.0911725406 3.43261900199 3.0683780378947194 1504014729.66
16.3090880627 3.41246617034 3.0447193835833577 1504014731.82
16.5003294669 3.4376546269 3.029777915603076 1504014733.72
16.6901150882 3.41484792287 3.0165903914185512 1504014735.78
16.9491300444 3.37341053651 3.002908872209601 1504014738.38
17.1604022221 3.3407583324 2.9934557578161343 1504014740.52
17.378870707 3.31023203988 2.9882895392130275 1504014742.8


# GT - pose_x pose_y orientation time
17.3742 2.8293 3.0855 1504014281.6000466
17.1359 2.8375 3.0869 1504014283.998782
16.9039 2.8475 3.0927 1504014286.3405988
16.6454 2.86 3.1048 1504014289.0374405
16.4932 2.8659 3.1136 1504014290.5418901
16.2759 2.8741 3.1249 1504014292.7028632
16.0155 2.8816 3.1378 1504014295.2185175
15.7768 2.8751 3.1459953071795863 1504014297.6802883
15.5765 2.8716 3.1493953071795864 1504014299.663948
15.3325 2.8693 3.1493953071795864 1504014302.1181986
15.1529 2.8719 3.147595307179586 1504014303.9190698
14.8929 2.8702 3.1495953071795864 1504014306.4979615
14.6486 2.872 3.149095307179586 1504014309.0238838
14.4306 2.8704 3.1402 1504014311.2376127
14.1831 2.8722 3.1189 1504014313.7011518
13.9685 2.8797 3.0978 1504014315.799842
13.7368 2.8927 3.072 1504014318.1998224
13.5018 2.9111 3.0391 1504014320.6596768
13.278 2.9386 2.9986 1504014322.9987228
13.0503 2.9781 2.9524 1504014325.3986154
12.8296 3.0251 2.9018 1504014327.7992399
12.5934 3.0915 2.8377 1504014330.497219
12.421 3.1545 2.7858 1504014332.5421062
12.226 3.2372 2.7266 1504014334.942799
11.9918 3.3529 2.652 1504014337.8812735
11.8488 3.4329 2.604 1504014339.6791446
11.6528 3.5618 2.5347 1504014342.3190575
11.4817 3.6896 2.4782 1504014344.7173097
11.3152 3.8254 2.429 1504014346.9981713
11.1429 3.9825 2.3806 1504014349.457468
10.972 4.1571 2.3321 1504014351.9833703
10.8091 4.3342 2.2904 1504014354.4968362
10.6677 4.5013 2.2549 1504014356.7826488
10.5189 4.6929 2.209 1504014359.356914
10.3939 4.8747 2.1603 1504014361.6993303
10.291 5.0434 2.1202 1504014363.7981005
10.1746 5.246 2.0786 1504014366.3195155
10.0681 5.4508 2.041 1504014368.7164764
9.9632 5.6613 2.0032 1504014371.1191676
9.8663 5.8775 1.9667 1504014373.5788455
9.774 6.0948 1.9345 1504014375.9834206
9.6989 6.2939 1.9109 1504014378.0789113
9.6299 6.5011 1.8927 1504014380.2363415
9.567 6.7076 1.8782 1504014382.4624746
9.5017 6.9277 1.8662 1504014384.7964044
9.4301 7.1616 1.8579 1504014387.2629673
9.3735 7.3623 1.8485 1504014389.298952
9.3057 7.5945 1.8508 1504014391.7586234
9.2503 7.785 1.8542 1504014393.7431204
9.1864 7.9988 1.8588 1504014395.9562001
9.1271 8.2051 1.8672 1504014398.1777616
9.0671 8.4084 1.8797 1504014400.337846
8.9944 8.6356 1.8998 1504014402.6187336
8.9176 8.8514 1.9222 1504014404.95989
8.844 9.0374 1.9433 1504014406.9411952
8.7558 9.2454 1.9759 1504014409.3975735
8.6527 9.4658 2.0227 1504014411.9791234
8.5533 9.6485 2.0707 1504014414.1977005
8.4353 9.8468 2.1258 1504014416.6559463
8.3152 10.0254 2.1826 1504014419.0585914
8.1856 10.1995 2.2403 1504014421.4562173
8.0418 10.3698 2.3 1504014423.9193554
7.8942 10.5257 2.3545 1504014426.2558916
7.7265 10.6827 2.4081 1504014428.7183409
7.5628 10.823 2.4552 1504014431.055563
7.3791 10.9719 2.5028 1504014433.5184186
7.1934 11.0987 2.5477 1504014435.856212
6.993 11.2252 2.589 1504014438.3187242
6.7948 11.3415 2.6258 1504014440.7156672
6.5956 11.4492 2.6649 1504014443.1184242
6.3809 11.5471 2.7066 1504014445.5781398
6.1714 11.6408 2.7444 1504014447.9831982
5.947 11.7307 2.7918 1504014450.556242
5.7442 11.7994 2.8403 1504014452.838769
5.5459 11.8545 2.8867 1504014454.9950728
5.3061 11.9097 2.9404 1504014457.638929
5.1054 11.9455 2.984 1504014459.7961636
4.8868 11.9751 3.0313 1504014462.1405516
4.6607 11.9942 3.0778 1504014464.595718
4.3991 12.0109 3.123 1504014467.2976315
4.1712 12.0166 3.150295307179586 1504014469.6332774
4.3821 12.0148 3.1358 1504014556.8152738
4.6291 12.0083 3.0974 1504014559.3371353
4.8247 11.991 3.0532 1504014561.5000358
5.067 11.9612 2.9991 1504014564.1384258
5.2805 11.9287 2.9547 1504014566.4751961
5.4909 11.8805 2.9032 1504014568.8135092
5.7241 11.8178 2.8442 1504014571.3935497
5.9413 11.7465 2.797 1504014573.7938542
6.1714 11.6557 2.7491 1504014576.4329023
6.3957 11.5538 2.7043 1504014579.0196252
6.5819 11.4658 2.6701 1504014581.1757104
6.7733 11.3691 2.6344 1504014583.3956869
6.9721 11.2523 2.594 1504014585.794615
7.1711 11.1256 2.555 1504014588.2566686
7.3682 10.992 2.517 1504014590.7145557
7.5492 10.8547 2.4771 1504014593.0549064
7.7302 10.7051 2.4302 1504014595.5126903
7.8897 10.5618 2.3866 1504014597.794244
8.0606 10.3934 2.3341 1504014600.3751407
8.2018 10.2366 2.2837 1504014602.6553593
8.3573 10.0466 2.2228 1504014605.3529243
8.4827 9.8749 2.1704 1504014607.6358762
8.6031 9.693 2.1166 1504014609.975462
8.7142 9.5084 2.0678 1504014612.1932487
8.8113 9.3183 2.024 1504014614.5352607
8.9252 9.0735 1.9803 1504014617.3552117
9.0118 8.8723 1.9515 1504014619.6319425
9.0956 8.6539 1.9229 1504014622.0347118
9.162 8.4657 1.9026 1504014623.953794
9.2336 8.2376 1.8849 1504014626.4130046
9.3039 8.0126 1.8732 1504014628.813422
9.3731 7.7858 1.8605 1504014631.2143028
9.4346 7.5852 1.849 1504014633.3162308
9.4918 7.3829 1.8418 1504014635.4153755
9.5515 7.164 1.8453 1504014637.6333406
9.617 6.9318 1.8565 1504014640.0919755
9.6835 6.7028 1.8689 1504014642.4938025
9.752 6.4764 1.8841 1504014644.8923593
9.8124 6.2852 1.9004 1504014646.8713336
9.8779 6.0968 1.9192 1504014648.857306
9.9537 5.9067 1.9402 1504014650.8948498
10.0436 5.6873 1.9642 1504014653.35188
10.1384 5.4735 1.988 1504014655.7544947
10.2362 5.2619 2.0223 1504014658.151721
10.3327 5.0631 2.0698 1504014660.4942117
10.4541 4.8468 2.1301 1504014663.1333876
10.5599 4.6809 2.1785 1504014665.2951174
10.6884 4.5026 2.2351 1504014667.6912203
10.8257 4.3359 2.3001 1504014670.1536222
10.9653 4.1898 2.3713 1504014672.4910784
11.0975 4.0676 2.4417 1504014674.6554427
11.2856 3.9196 2.5296 1504014677.4713426
11.4489 3.8114 2.6022 1504014679.8154395
11.657 3.6974 2.6967 1504014682.6965942
11.8611 3.609 2.7829 1504014685.3908834
12.0662 3.5373 2.8574 1504014687.9123785
12.2581 3.4874 2.9226 1504014690.1915176
12.4714 3.443 2.9876 1504014692.6521652
12.6937 3.4126 3.045 1504014695.0521452
12.9165 3.3952 3.0939 1504014697.4514167
13.1568 3.3867 3.1341 1504014699.9112644
13.3425 3.3837 3.157495307179586 1504014701.77283
13.6042 3.3905 3.1848953071795862 1504014704.410554
13.8572 3.4028 3.200995307179586 1504014706.9918568
14.0745 3.4165 3.203595307179586 1504014709.210536
14.2246 3.4264 3.2019953071795864 1504014710.7107203
14.4805 3.4407 3.196795307179586 1504014713.2326908
14.676 3.4511 3.189895307179586 1504014715.1513605
14.9054 3.4602 3.177095307179586 1504014717.5520642
15.1443 3.4643 3.1581953071795863 1504014719.9511385
15.3881 3.4668 3.1362 1504014722.4123216
15.6325 3.4659 3.1162 1504014724.8708522
15.8481 3.4614 3.0959 1504014727.0947938
16.0978 3.448 3.0668 1504014729.6701398
16.315 3.4275 3.0431 1504014731.832074
16.5085 3.4079 3.0286 1504014733.6923866
16.7023 3.3844 3.0152 1504014735.7908227
16.9599 3.3428 3.0016 1504014738.374742
17.1726 3.3096 2.9921 1504014740.5345426
17.3914 3.2788 2.9869 1504014742.8103907


# Displacement and sum
0 -0.0011032544324588445 -0.0011032544324588445
1 -0.0010356408412187657 -0.00213889527367761
2 0.006506800651490174 0.004367905377812564
3 -0.005933138302015528 -0.001565232924202964
4 0.0027697241752638047 0.0012044912510608408
5 -0.025144718843369107 -0.023940227592308266
6 0.004023090312900102 -0.019917137279408165
7 -0.0004568316163792996 -0.020373968895787464
8 -0.0032423075284694902 -0.023616276424256955
9 0.002679889336468816 -0.02093638708778814
10 0.006890641345980442 -0.014045745741807697
11 0.0001844797644932894 -0.013861265977314408
12 -0.0033797461348583357 -0.017241012112172743
13 -0.0016883674913116542 -0.018929379603484398
14 0.0020014326948427086 -0.01692794690864169
15 0.01014587059639352 -0.00678207631224817
16 -0.0032939060386714403 -0.01007598235091961
17 -0.004705876147278298 -0.014781858498197908
18 -0.00042316718164125966 -0.015205025679839168
19 0.0029288275141384212 -0.012276198165700747
20 -0.035969163251703545 -0.04824536141740429
21 -0.0008049682213087384 -0.04905032963871303
22 -0.002551613269153541 -0.05160194290786657
23 -9.718130170749406e-05 -0.051699124209574066
24 0.0002092495789863258 -0.05148987463058774
25 -4.503973591055144e-05 -0.05153491436649829
26 -0.1794658847914958 -0.2310007991579941
27 -0.0017346086333567545 -0.23273540779135085
28 0.003848646483860463 -0.2288867613074904
29 -0.0011193460352521278 -0.23000610734274252
30 -0.0022420432968395243 -0.23224815063958204
31 0.001051694538507869 -0.23119645610107417
32 -0.17375030549447013 -0.4049467615955443
33 0.0024967599434756182 -0.4024500016520687
34 0.0013924357780122354 -0.40105756587405644
35 -0.005095080533704888 -0.40615264640776133
36 0.004634602020331363 -0.40151804438743
37 -0.08884221627260655 -0.4903602606600366
38 0.001874514909221664 -0.48848574575081494
39 -0.001533713804563075 -0.490019459555378
40 -0.0005573537701321907 -0.4905768133255102
41 0.0011170796215457246 -0.48945973370396445
42 -0.0845471476029648 -0.5740068813069292
43 -0.003758482557092019 -0.5777653638640212
44 0.0030218439434257227 -0.5747435199205955
45 -0.002451988740549804 -0.5771955086611453
46 0.0027384748003451143 -0.5744570338608002
47 0.004495198432667019 -0.5699618354281332
48 -0.041791807393408015 -0.6117536428215412
49 -0.0007062865023973464 -0.6124599293239386
50 0.002020834894332829 -0.6104390944296058
51 -0.0010220847990156656 -0.6114611792286214
52 0.001767041718143958 -0.6096941375104774
53 -0.0006992668398695112 -0.610393404350347
54 0.020223345063960257 -0.5901700592863867
55 0.001583500082900563 -0.5885865592034861
56 -0.0004997039396230363 -0.5890862631431092
57 -0.001115730048145358 -0.5902019931912545
58 0.002446760575903262 -0.5877552326153512
59 -0.04307244885168951 -0.6308276814670407
60 -0.004675772660060112 -0.6355034541271009
61 0.004948355164428125 -0.6305550989626727
62 -0.0020029328459745532 -0.6325580318086472
63 -0.0015446575651046346 -0.6341026893737518
64 -0.11675450105949278 -0.7508571904332446
65 0.001986618726772943 -0.7488705717064716
66 0.0007158604604830532 -0.7481547112459885
67 0.00027659037124777575 -0.7478781208747407
68 -0.00044864642995418036 -0.7483267673046949
69 -0.1799841905837948 -0.9283109578884897
70 -0.0020615120850281388 -0.9303724699735179
71 0.0005325724785741337 -0.9298398974949438
72 0.0011625627811976957 -0.928677334713746
73 -0.0026582664579286874 -0.9313356011716747
74 0.003751576509786747 -0.9275840246618879
75 -0.00044820900094499905 -0.9280322336628329
76 0.0008339802648959227 -0.927198253397937
77 -0.0025049669237787453 -0.9297032203217158
78 0.0014756568079731802 -0.9282275635137427
79 -0.06956588208832601 -0.9977934456020687
80 -0.001966558161359877 -0.9997600037634287
81 0.0029113268300582917 -0.9968486769333704
82 0.0016207992846125063 -0.995227877648758
83 -0.0026039683466948516 -0.9978318459954528
84 0.00022442712811554522 -0.9976074188673373
85 0.0022019186619852693 -0.995405500205352
86 0.0017127210775254031 -0.9936927791278266
87 0.0007766502123825181 -0.9929161289154441
88 -0.0032861525353261867 -0.9962022814507703
89 0.0036892989480475924 -0.9925129825027227
90 -0.03336640462121651 -1.0258793871239391
91 0.001919331710434402 -1.0239600554135047
92 -0.00039331154256566636 -1.0243533669560703
93 -0.00388012910154395 -1.0282334960576143
94 0.0017423766350961323 -1.0264911194225181
95 -0.020936736662454547 -1.0474278560849726
96 0.0004971395102379705 -1.0469307165747346
97 0.0035102595823576777 -1.0434204569923768
98 0.00041416173571168224 -1.0430062952566652
99 -0.001189959403010421 -1.0441962546596757
100 -0.015978069051097166 -1.0601743237107728
101 -0.0005846123694308869 -1.0607589360802037
102 0.0011901110490810662 -1.0595688250311226
103 -0.00264668271523108 -1.0622155077463538
104 0.0026654598498819237 -1.059550047896472
105 -1.6620719359095038e-05 -1.059566668615831
106 -0.037463010318952356 -1.0970296789347833
107 0.0009074278171776473 -1.0961222511176056
108 -0.0019208681005299932 -1.0980431192181357
109 -0.0010387751858214056 -1.099081894403957
110 -0.002127743133737703 -1.1012096375376947
111 -0.018597042909554995 -1.1198066804472497
112 -0.00024408624734031936 -1.12005076669459
113 -0.003430470712136424 -1.1234812374067265
114 0.002661718445760436 -1.120819518960966
115 0.0008667151831261988 -1.11995280377784
116 0.0017241264724872918 -1.1182286773053527
117 -0.001960925903359362 -1.120189603208712
118 -0.00120316559327599 -1.121392768801988
119 0.001849427003490861 -1.1195433417984972
120 0.0007318293206977633 -1.1188115124777995
121 -2.0886773703876482e-05 -1.1188323992515035
122 -0.00020604179521610533 -1.1190384410467196
123 -0.01218378285014532 -1.1312222238968648
124 -0.001502142993866834 -1.1327243668907316
125 -0.000546325875159015 -1.1332706927658907
126 -0.00017031186605948045 -1.13344100463195
127 0.004562569331377997 -1.128878435300572
128 0.0028326454956614233 -1.1260457898049108
129 -0.004164303473044778 -1.1302100932779555
130 0.004366021170405382 -1.1258440721075502
131 -1.565028097580412e-05 -1.125859722388526
132 -0.00022404127244288197 -1.1260837636609689
133 -0.02611352136431941 -1.1521972850252882
134 -0.0030011636004365905 -1.1551984486257247
135 0.0046155606808546135 -1.15058288794487
136 -0.003855093135444021 -1.154437981080314
137 0.0005119686426639236 -1.15392601243765
138 0.003143875288484449 -1.1507821371491656
139 -0.0980780509398774 -1.2488601880890429
140 0.0004599582688732673 -1.2484002298201695
141 0.0031766799956073344 -1.245223549824562
142 -0.0015536915520307226 -1.2467772413765927
143 0.0023560925989062342 -1.2444211487776866
144 -0.08239810344453757 -1.3268192522222242
145 -0.005494456031463701 -1.3323137082536878
146 0.005447881141090738 -1.326865827112597
147 -0.005046404692726353 -1.3319122318053234
148 0.0045737991002052225 -1.327338432705118
149 -0.005878869644744544 -1.3332173023498626
150 -0.004417590359009793 -1.3376348927088724
151 0.0015759441703107058 -1.3360589485385617
152 7.997590839026181e-07 -1.3360581487794778
153 0.00011729002157245816 -1.3359408587579054
154 -0.0006801238613289573 -1.3366209826192343
155 0.0015970671745088594 -1.3350239154447254
156 0.004068534141747265 -1.3309553813029782
157 -0.0013712183824379776 -1.3323265996854161
158 0.001494980943900437 -1.3308316187415157
159 0.0003663170189893705 -1.3304653017225263
160 0 -1.3304653017225263


# Displacement abs and sum
0 0.0011032544324588445 0.0011032544324588445
1 0.0010356408412187657 0.00213889527367761
2 0.006506800651490174 0.008645695925167785
3 0.005933138302015528 0.014578834227183313
4 0.0027697241752638047 0.017348558402447117
5 0.025144718843369107 0.042493277245816224
6 0.004023090312900102 0.046516367558716326
7 0.0004568316163792996 0.046973199175095626
8 0.0032423075284694902 0.050215506703565116
9 0.002679889336468816 0.05289539604003393
10 0.006890641345980442 0.05978603738601437
11 0.0001844797644932894 0.05997051715050766
12 0.0033797461348583357 0.063350263285366
13 0.0016883674913116542 0.06503863077667765
14 0.0020014326948427086 0.06704006347152036
15 0.01014587059639352 0.07718593406791388
16 0.0032939060386714403 0.08047984010658532
17 0.004705876147278298 0.08518571625386362
18 0.00042316718164125966 0.08560888343550488
19 0.0029288275141384212 0.0885377109496433
20 0.035969163251703545 0.12450687420134685
21 0.0008049682213087384 0.12531184242265558
22 0.002551613269153541 0.12786345569180912
23 9.718130170749406e-05 0.12796063699351662
24 0.0002092495789863258 0.12816988657250294
25 4.503973591055144e-05 0.1282149263084135
26 0.1794658847914958 0.3076808110999093
27 0.0017346086333567545 0.30941541973326603
28 0.003848646483860463 0.3132640662171265
29 0.0011193460352521278 0.31438341225237865
30 0.0022420432968395243 0.31662545554921817
31 0.001051694538507869 0.317677150087726
32 0.17375030549447013 0.49142745558219614
33 0.0024967599434756182 0.4939242155256718
34 0.0013924357780122354 0.495316651303684
35 0.005095080533704888 0.5004117318373889
36 0.004634602020331363 0.5050463338577202
37 0.08884221627260655 0.5938885501303268
38 0.001874514909221664 0.5957630650395485
39 0.001533713804563075 0.5972967788441115
40 0.0005573537701321907 0.5978541326142437
41 0.0011170796215457246 0.5989712122357894
42 0.0845471476029648 0.6835183598387542
43 0.003758482557092019 0.6872768423958462
44 0.0030218439434257227 0.6902986863392719
45 0.002451988740549804 0.6927506750798218
46 0.0027384748003451143 0.695489149880167
47 0.004495198432667019 0.699984348312834
48 0.041791807393408015 0.741776155706242
49 0.0007062865023973464 0.7424824422086393
50 0.002020834894332829 0.7445032771029721
51 0.0010220847990156656 0.7455253619019878
52 0.001767041718143958 0.7472924036201318
53 0.0006992668398695112 0.7479916704600014
54 0.020223345063960257 0.7682150155239617
55 0.001583500082900563 0.7697985156068622
56 0.0004997039396230363 0.7702982195464853
57 0.001115730048145358 0.7714139495946306
58 0.002446760575903262 0.7738607101705339
59 0.04307244885168951 0.8169331590222234
60 0.004675772660060112 0.8216089316822835
61 0.004948355164428125 0.8265572868467117
62 0.0020029328459745532 0.8285602196926862
63 0.0015446575651046346 0.8301048772577908
64 0.11675450105949278 0.9468593783172836
65 0.001986618726772943 0.9488459970440566
66 0.0007158604604830532 0.9495618575045397
67 0.00027659037124777575 0.9498384478757875
68 0.00044864642995418036 0.9502870943057418
69 0.1799841905837948 1.1302712848895367
70 0.0020615120850281388 1.132332796974565
71 0.0005325724785741337 1.132865369453139
72 0.0011625627811976957 1.1340279322343367
73 0.0026582664579286874 1.1366861986922654
74 0.003751576509786747 1.1404377752020523
75 0.00044820900094499905 1.1408859842029972
76 0.0008339802648959227 1.1417199644678933
77 0.0025049669237787453 1.144224931391672
78 0.0014756568079731802 1.1457005881996452
79 0.06956588208832601 1.2152664702879712
80 0.001966558161359877 1.2172330284493311
81 0.0029113268300582917 1.2201443552793894
82 0.0016207992846125063 1.2217651545640018
83 0.0026039683466948516 1.2243691229106966
84 0.00022442712811554522 1.224593550038812
85 0.0022019186619852693 1.2267954687007974
86 0.0017127210775254031 1.2285081897783228
87 0.0007766502123825181 1.2292848399907053
88 0.0032861525353261867 1.2325709925260315
89 0.0036892989480475924 1.2362602914740792
90 0.03336640462121651 1.2696266960952958
91 0.001919331710434402 1.2715460278057302
92 0.00039331154256566636 1.2719393393482958
93 0.00388012910154395 1.2758194684498398
94 0.0017423766350961323 1.277561845084936
95 0.020936736662454547 1.2984985817473906
96 0.0004971395102379705 1.2989957212576286
97 0.0035102595823576777 1.3025059808399864
98 0.00041416173571168224 1.302920142575698
99 0.001189959403010421 1.3041101019787085
100 0.015978069051097166 1.3200881710298056
101 0.0005846123694308869 1.3206727833992364
102 0.0011901110490810662 1.3218628944483175
103 0.00264668271523108 1.3245095771635487
104 0.0026654598498819237 1.3271750370134305
105 1.6620719359095038e-05 1.3271916577327896
106 0.037463010318952356 1.364654668051742
107 0.0009074278171776473 1.3655620958689196
108 0.0019208681005299932 1.3674829639694497
109 0.0010387751858214056 1.368521739155271
110 0.002127743133737703 1.3706494822890087
111 0.018597042909554995 1.3892465251985637
112 0.00024408624734031936 1.389490611445904
113 0.003430470712136424 1.3929210821580404
114 0.002661718445760436 1.395582800603801
115 0.0008667151831261988 1.396449515786927
116 0.0017241264724872918 1.3981736422594142
117 0.001960925903359362 1.4001345681627735
118 0.00120316559327599 1.4013377337560495
119 0.001849427003490861 1.4031871607595403
120 0.0007318293206977633 1.403918990080238
121 2.0886773703876482e-05 1.403939876853942
122 0.00020604179521610533 1.404145918649158
123 0.01218378285014532 1.4163297014993033
124 0.001502142993866834 1.4178318444931701
125 0.000546325875159015 1.4183781703683291
126 0.00017031186605948045 1.4185484822343886
127 0.004562569331377997 1.4231110515657666
128 0.0028326454956614233 1.4259436970614279
129 0.004164303473044778 1.4301080005344726
130 0.004366021170405382 1.434474021704878
131 1.565028097580412e-05 1.4344896719858538
132 0.00022404127244288197 1.4347137132582966
133 0.02611352136431941 1.4608272346226159
134 0.0030011636004365905 1.4638283982230524
135 0.0046155606808546135 1.468443958903907
136 0.003855093135444021 1.472299052039351
137 0.0005119686426639236 1.472811020682015
138 0.003143875288484449 1.4759548959704996
139 0.0980780509398774 1.5740329469103769
140 0.0004599582688732673 1.5744929051792502
141 0.0031766799956073344 1.5776695851748577
142 0.0015536915520307226 1.5792232767268883
143 0.0023560925989062342 1.5815793693257945
144 0.08239810344453757 1.663977472770332
145 0.005494456031463701 1.6694719288017956
146 0.005447881141090738 1.6749198099428864
147 0.005046404692726353 1.6799662146356127
148 0.0045737991002052225 1.684540013735818
149 0.005878869644744544 1.6904188833805625
150 0.004417590359009793 1.6948364737395722
151 0.0015759441703107058 1.696412417909883
152 7.997590839026181e-07 1.6964132176689668
153 0.00011729002157245816 1.6965305076905393
154 0.0006801238613289573 1.6972106315518682
155 0.0015970671745088594 1.6988076987263772
156 0.004068534141747265 1.7028762328681244
157 0.0013712183824379776 1.7042474512505623
158 0.001494980943900437 1.7057424321944628
159 0.0003663170189893705 1.7061087492134521
160 0 1.7061087492134521


# Displacement mean and std deviation
-0.008263759638028114 0.030022303827331155

# Displacement mean absolute value and std deviation
0.010596948752878584 0.029280251494557725

# Distance to GT
0.03383720310690221