# SLAM - pose_x pose_y orientation time
0 4.18364867299 12.9208629034 3.1007545545555395 1504013870.49
1 4.49367876892 12.9074649916 3.0527000000072184 1504013873.67
2 4.7006582433 12.8759189009 2.994747252226872 1504013875.92
3 4.92938436124 12.8357860833 2.9234650952563497 1504013878.55
4 5.09837800771 13.0616765206 2.9268913293117773 1504013880.68
5 5.29529472809 13.0124918053 2.863823128709411 1504013883.03
6 5.50596650196 12.9443054867 2.794694440965567 1504013885.48
7 5.70760655078 12.8633487067 2.7296710082684115 1504013887.95
8 5.91143142822 12.7671432016 2.6725910802738326 1504013890.39
9 6.21140575119 12.8464762913 2.592748184970253 1504013892.97
10 6.37663781973 12.7409612589 2.5543305820559334 1504013895.05
11 6.57253812771 12.6082266406 2.513914064754319 1504013897.55
12 6.77491408256 12.4612318164 2.476150703938083 1504013900.12
13 6.91989970274 12.3470079917 2.4508629665460266 1504013901.98
14 7.1928614132 12.3988145711 2.414068186321095 1504013904.32
15 7.38737038085 12.2211607175 2.3921913410167424 1504013907.01
16 7.56783470514 12.0483767808 2.372606065931275 1504013909.5
17 7.71304234293 11.9038007964 2.353454297016962 1504013911.57
18 7.95651507902 11.8379159728 2.337922137675333 1504013913.53
19 8.13101072629 11.6505430204 2.3155400890689926 1504013916.11
20 8.28628902641 11.477465 2.2916844428483505 1504013918.51
21 8.44616088085 11.2876620395 2.260168272000414 1504013921.05
22 8.70024035917 11.2295841322 2.238438534669312 1504013923.24
23 8.83988270239 11.0457247114 2.204147688786826 1504013925.65
24 8.98385834015 10.8446106904 2.1650783182149698 1504013928.21
25 9.10502855554 10.6621380317 2.1291541550830235 1504013930.36
26 9.21475986624 10.4854675694 2.0913410090989406 1504013932.52
27 9.42106057244 10.3637381356 2.0241341219298645 1504013934.86
28 9.52506181847 10.1421183348 1.9883543113500657 1504013937.4
29 9.60954124574 9.95218874289 1.9628303180921314 1504013939.54
30 9.7038437806 9.71337498844 1.9303952718322985 1504013942.18
31 9.91724344326 9.63195583462 1.9175909006511285 1504013944.09
32 10.0022936981 9.37339808236 1.895516277690266 1504013946.87
33 10.0633698158 9.18690351729 1.8858341626075426 1504013948.88
34 10.1402188214 8.94663558102 1.872374990596035 1504013951.44
35 10.2008687385 8.75575195308 1.8619396549904954 1504013953.43
36 10.3970369419 8.61555190539 1.861900444057001 1504013955.91
37 10.4533687195 8.42276927643 1.8624213286187197 1504013957.88
38 10.5088646202 8.23970275619 1.868029580303761 1504013959.79
39 10.5747959444 8.02194896603 1.874908607910149 1504013962.09
40 10.626738442 7.85179203929 1.8829278681751231 1504013963.9
41 10.7772396055 7.61053649144 1.9108780163467585 1504013966.6
42 10.8458742912 7.41648353005 1.9303025640265032 1504013968.64
43 10.9234891221 7.22548073482 1.9529372622367596 1504013970.68
44 11.0197476421 7.00381097963 1.9821300436111378 1504013973.2
45 11.1145722844 6.7818442836 1.9687290397060477 1504013975.52
46 11.2116415588 6.56213528329 2.0040482579136984 1504013978.03
47 11.3010559568 6.37337878913 2.0433149054071027 1504013980.2
48 11.4130163298 6.15930507121 2.099344031693219 1504013982.77
49 11.5274892522 5.96554561284 2.1529372412995023 1504013985.18
50 11.5936519959 5.76846447835 2.202182329384145 1504013987.61
51 11.7297091199 5.59006765851 2.249667178322779 1504013990.03
52 11.8760689924 5.41884723508 2.3023921879600113 1504013992.43
53 12.0348850882 5.24792640574 2.360392049681785 1504013994.96
54 12.1326967911 5.02871776475 2.4442959469645222 1504013997.41
55 12.3141413268 4.88715004076 2.5091439190590745 1504013999.89
56 12.4712422181 4.77971470412 2.5696865093245225 1504014002.09
57 12.6427830534 4.67290610189 2.6345800691049774 1504014004.4
58 12.8423451859 4.5673386158 2.7109276457358398 1504014007.02
59 12.8591513851 4.26318045339 2.786454659152455 1504014009.25
60 13.0551315468 4.19553103856 2.8510813129560657 1504014011.63
61 13.2708711943 4.13322091273 2.9149579252842797 1504014014.06
62 13.4763230458 4.08849939421 2.9694295170930167 1504014016.41
63 13.7150626819 4.05267509975 3.026810211376953 1504014018.98
64 13.8921189341 3.79222628584 3.0389600356557387 1504014021.13
65 14.0989400292 3.77202490322 3.064809972467608 1504014023.27
66 14.3143666031 3.75726825948 3.0872893346640145 1504014025.46
67 14.5818652353 3.74656153663 3.103528656563589 1504014028.22
68 14.8208341491 3.71771425298 3.122898842263682 1504014030.47
69 15.0375691428 3.71327354156 3.1210404682105692 1504014032.59
70 15.244860711 3.70993487186 3.1184178714455544 1504014034.63
71 15.4588299669 3.70361052408 3.114957136960657 1504014036.8
72 15.7166173318 3.69350227664 3.1102032829191426 1504014039.44
73 15.9217565805 3.81599347183 3.1145319060936187 1504014041.46
74 16.1542690408 3.80723556761 3.113475347870405 1504014043.83
75 16.4062321648 3.7980503825 3.1117634424066245 1504014046.39
76 16.582593083 3.7942066685 3.1094733809725175 1504014048.14
77 16.8005633475 3.81598996217 3.073412346485182 1504014050.25
78 17.0366579097 3.79901440629 3.068872991384157 1504014052.51
79 17.2808261625 3.77612619964 3.067512346487402 1504014054.97
80 17.4499681556 3.76114387301 3.070612346478841 1504014056.7
81 17.7170872389 3.74090013953 3.0760181195153917 1504014059.43
82 17.994315906 3.79322604842 3.101220650736218 1504014062.11
83 18.1920059241 3.7888292275 3.097531054926604 1504014064.0


# GT - pose_x pose_y orientation time
0 4.1827 12.9207 3.1004 1504013870.4869974
1 4.4936 12.9075 3.0527 1504013873.6695595
2 4.7023 12.8757 2.9942 1504013875.946711
3 4.9264 12.8366 2.923 1504013878.5268133
4 5.1023 12.7901 2.8694 1504013880.6864328
5 5.2961 12.7297 2.8063 1504013883.0317552
6 5.5027 12.6494 2.7371 1504013885.4871097
7 5.6991 12.5571 2.6722 1504013887.9482603
8 5.898 12.4489 2.6151 1504013890.408083
9 6.1041 12.3216 2.5604 1504013892.9865475
10 6.2632 12.2129 2.5233 1504013895.0290632
11 6.4564 12.0728 2.4822 1504013897.5481565
12 6.6542 11.9193 2.4444 1504013900.1269565
13 6.7962 11.7999 2.4191 1504013901.9930377
14 6.967 11.6452 2.3929 1504013904.3242893
15 7.1584 11.4628 2.371 1504013907.0305896
16 7.3329 11.2885 2.3517 1504013909.4867606
17 7.4773 11.1385 2.3322 1504013911.5916476
18 7.6077 10.9973 2.3146 1504013913.5102446
19 7.7776 10.8062 2.2922 1504013916.087256
20 7.929 10.6294 2.2683 1504013918.485907
21 8.0865 10.4329 2.2363 1504013921.0675607
22 8.2129 10.2656 2.206 1504013923.22612
23 8.3463 10.0776 2.1717 1504013925.6276908
24 8.4843 9.871 2.1325 1504013928.2052612
25 8.6003 9.6833 2.0964 1504013930.365592
26 8.7039 9.5036 2.0586 1504013932.5259929
27 8.801 9.3112 2.0232 1504013934.8685036
28 8.9039 9.0914 1.9876 1504013937.387128
29 8.989 8.8996 1.9619 1504013939.5450377
30 9.0829 8.6612 1.9295 1504013942.1866908
31 9.1496 8.4741 1.907 1504013944.1056173
32 9.2315 8.2161 1.8851 1504013946.870236
33 9.2914 8.0265 1.8755 1504013948.9045339
34 9.3648 7.7885 1.862 1504013951.429791
35 9.423 7.5988 1.8516 1504013953.4063406
36 9.4907 7.3582 1.842 1504013955.926999
37 9.542 7.1682 1.8425 1504013957.84827
38 9.5936 6.9841 1.8485 1504013959.7660263
39 9.6565 6.7615 1.8553 1504013962.1059191
40 9.7051 6.5901 1.8632 1504013963.90949
41 9.7816 6.3322 1.8818 1504013966.6049318
42 9.8445 6.1362 1.9012 1504013968.646038
43 9.9165 5.9433 1.9238 1504013970.686959
44 10.0062 5.7191 1.953 1504013973.2039266
45 10.0961 5.5084 1.9808 1504013975.5456877
46 10.1937 5.294 2.0154 1504013978.0046816
47 10.2878 5.1016 2.0556 1504013980.2293715
48 10.4025 4.8888 2.1118 1504013982.8040159
49 10.5185 4.6979 2.1651 1504013985.2061508
50 10.6467 4.5146 2.2125 1504013987.604024
51 10.7876 4.3339 2.2614 1504013990.0693479
52 10.9316 4.1693 2.3121 1504013992.4036384
53 11.0955 3.9965 2.3715 1504013994.9861283
54 11.2495 3.8485 2.4324 1504013997.3845596
55 11.4321 3.7026 2.4981 1504013999.907942
56 11.5848 3.5957 2.5574 1504014002.0667548
57 11.7577 3.4852 2.6235 1504014004.4062424
58 11.9572 3.3769 2.7004 1504014007.0448947
59 12.1365 3.2995 2.7688 1504014009.2691245
60 12.3279 3.2296 2.832 1504014011.6041713
61 12.5448 3.1625 2.897 1504014014.0697122
62 12.7478 3.1142 2.9513 1504014016.403823
63 12.9873 3.074 3.0087 1504014018.9842503
64 13.2013 3.0459 3.0433 1504014021.1428986
65 13.4033 3.027 3.0691 1504014023.245452
66 13.6224 3.0129 3.0915 1504014025.4650173
67 13.8912 3.0033 3.1077 1504014028.2300596
68 14.1122 2.9979 3.1105 1504014030.44309
69 14.334 2.9904 3.108 1504014032.605286
70 14.5413 2.9845 3.1057 1504014034.6463213
71 14.7534 2.9754 3.1021 1504014036.8033748
72 15.0112 2.962 3.0974 1504014039.4473934
73 15.2192 2.9518 3.0941 1504014041.48364
74 15.4497 2.9383 3.0928 1504014043.8273396
75 15.703 2.9238 3.0911 1504014046.403198
76 15.8781 2.9164 3.0888 1504014048.14461
77 16.0877 2.907 3.0856 1504014050.2446146
78 16.3256 2.8929 3.081 1504014052.5230415
79 16.57 2.8729 3.0797 1504014054.9847941
80 16.7396 2.86 3.0828 1504014056.7244916
81 17.0048 2.8431 3.0882 1504014059.425353
82 17.2728 2.8308 3.0902 1504014062.124322
83 17.4668 2.8244 3.0864 1504014063.9860685


# Displacement and sum
0 -0.0011138659643028237 -0.0011138659643028237
3 0.17915319797042312 0.17950047182401105
8 -0.07898873517570268 0.10051095427253151
13 -0.033284483721044755 0.06538795264919194
21 0.026924274239944604 0.10079479622334851
26 -0.09992428306392855 0.0018207646054396037
30 0.030459716269169518 0.03215842969350491
35 0.030036104693855238 0.06140522286566936
40 0.029374356805985727 0.090237416548961
44 -0.12943677118875466 -0.039035906168233755
53 0.07226887470738247 0.03625835360425758
58 0.022390172991673674 0.054349881508003794
63 -0.07052930711756616 -0.014748266087752288
67 0.05205677366403028 0.03783824578162249
72 0.02396602652193862 0.06307486009556929
76 -0.10323598453477321 -0.039402508733628966
81 0.07289290162803598 0.033508529403701914


# Displacement abs and sum
0 0.0011138659643028237 0.0011138659643028237
3 0.17915319797042312 0.18224441122268462
8 0.07898873517570268 0.26200791453180505
13 0.033284483721044755 0.3017326236225048
21 0.026924274239944604 0.33893190342217583
26 0.09992428306392855 0.4398890365861633
30 0.030459716269169518 0.47157668701214905
35 0.030036104693855238 0.5026586330451113
40 0.029374356805985727 0.5339522539850637
44 0.12943677118875466 0.6635978296078239
53 0.07226887470738247 0.7635191319586225
58 0.022390172991673674 0.7980153749369311
63 0.07052930711756616 0.8771555958814579
67 0.05205677366403028 0.9297421077508325
72 0.02396602652193862 0.9573440322412391
76 0.10323598453477321 1.0614134367166888
81 0.07289290162803598 1.1347055180320578


# Distance slam gt
0 0.0009625580292577136 1.135052363025501
3 0.0030933594044913557 1.135052363025501
8 0.31852651165742396 1.135052363025501
13 0.5609177934777722 1.135052363025501
21 0.9273478815331381 1.135052363025501
26 1.1068160311335455 1.135052363025501
30 1.2217378544370867 1.135052363025501
35 1.3941368641819967 1.135052363025501
40 1.562460949841611 1.135052363025501
44 1.6363866059059347 1.135052363025501
53 1.5647723134423925 1.135052363025501
58 1.483450740034789 1.135052363025501
63 1.2196079173394019 1.135052363025501
67 1.0146211998009869 1.135052363025501
72 1.016223003446258 1.135052363025501
76 1.1255465566816474 1.135052363025501
81 1.146035863854126 1.135052363025501


# Displacement mean and std deviation
0.0013534687486097875 0.07651348616511683

# Displacement mean absolute value and std deviation
0.06211975472108894 0.04469095564188281

# Distance to GT
1.2066678777550932