# SLAM - pose_x pose_y orientation time
0 16.442771316 2.99309754083 -3.135975470479011 1504013511.81
1 15.351960973 2.99170700892 3.11844984777986 1504013522.72
2 14.1785761142 3.04316616213 3.0821641702191718 1504013534.45
3 12.6263223051 3.30098528998 2.88481387164407 1504013550.55
4 11.8164380781 3.72461813632 2.639535734258904 1504013560.14
5 11.4285561616 3.96748849506 2.514247417248382 1504013565.21
6 11.1095644045 4.23035514241 2.405074593575187 1504013569.73
7 11.0077577703 4.47047542111 2.368941674299217 1504013572.21
8 10.4968361654 5.20457463529 2.162683405497731 1504013581.57
9 10.3773374586 5.41889024221 2.1188654247784573 1504013584.05
10 10.0010656368 6.31703336181 1.9337077706692622 1504013594.27
11 9.75176728514 7.098664767 1.8371559583715191 1504013602.55
12 9.75071061464 7.34604479518 1.8510750984683546 1504013605.09
13 9.4660009497 8.25433162141 1.854192399856308 1504013614.43
14 9.32796424491 8.70921560072 1.8923624597033974 1504013619.33
15 9.09285520547 9.06796193627 1.9232037919972802 1504013623.94
16 8.72018357843 9.89373521147 2.0594025517020538 1504013633.42
17 8.46747319917 10.0285815446 2.1006620839588797 1504013635.73
18 7.7832322036 10.663970167 2.2196969970181 1504013645.48
19 7.49508753641 11.0193550068 2.28245926477255 1504013650.21
20 6.88217774797 11.3600862504 2.3681700437467446 1504013656.65
21 6.08538450534 11.8525893538 2.448479718178338 1504013665.83
22 5.70554056737 12.1372292714 2.5191214494611076 1504013670.81
23 5.32695850215 12.3821769331 2.619498788959331 1504013675.63
24 4.9705474703 12.2010952878 2.7108064568270054 1504013677.95
25 3.86025580046 12.2114922347 3.03479790526801 1504013690.07


# GT - pose_x pose_y orientation time
0 16.4376 2.993 -3.13589 1504013511.8743293
1 15.3534 3.0066 3.1111 1504013522.7319474
2 14.1898 3.0646 3.069 1504013534.4345748
3 12.6295 3.3045 2.8804 1504013550.5757647
4 11.8121 3.6269 2.6721 1504013560.1141167
5 11.4135 3.859 2.5459 1504013565.2155852
6 11.0879 4.1104 2.4372 1504013569.7153382
7 10.913 4.2689 2.3783 1504013572.2338512
8 10.3671 4.9249 2.1686 1504013581.5941525
9 10.2408 5.1192 2.1245 1504013584.0535667
10 9.8061 5.9889 1.9493 1504013594.251612
11 9.5446 6.7661 1.8528 1504013602.5308082
12 9.4804 7.0138 1.8346 1504013605.1175377
13 9.2496 7.9129 1.8166 1504013614.4126372
14 9.1281 8.3751 1.8549 1504013619.334087
15 8.9885 8.8197 1.9059 1504013623.952823
16 8.6301 9.652 2.0421 1504013633.434762
17 8.522 9.846 2.0847 1504013635.7123184
18 7.9949 10.614 2.2478 1504013645.489287
19 7.6954 10.9628 2.3108 1504013650.2335963
20 7.2508 11.4187 2.3825 1504013656.6502633
21 6.5636 12.0078 2.4825 1504013665.835263
22 6.1751 12.2788 2.553 1504013670.81212
23 5.7904 12.5098 2.6529 1504013675.6122403
24 5.5972 12.6037 2.7101 1504013677.9511817
25 4.567 12.8937 3.029 1504013690.0721571


# Displacement and sum
0 0.02335874121917081 0.02335874121917081
5 0.018266232660943862 0.04162497388011467
10 -0.027489873720256353 0.014135100159858319
17 -0.11617024475267257 -0.10203514459281425
21 0.002864136582147514 -0.09917100801066674
23 -0.0014854193781521086 -0.10065642738881884
25 0.07152489354629737 -0.02913153384252147
26 0.010812517448881676 -0.018319016393639795
30 0.0008859897005016604 -0.017433026693138134
31 -0.03128289299643605 -0.048715919689574186
35 -0.00016277313395535176 -0.04887869282352954
39 0.10090525456783969 0.052026561744310154
40 0.06634195890403567 0.11836852064834583
44 -0.0004082190297898247 0.117960301618556
46 -0.06333032237169556 0.054629979246860444
48 -3.89650237192507e-06 0.05462608274448852
52 -0.004211203614330528 0.05041487913015799
53 -0.13843455341294764 -0.08801967428278965
57 -0.0007468578761420097 -0.08876653215893165
59 0.04401616029640065 -0.044750371862531
62 -0.06185898215249763 -0.10660935401502863
66 0.0004452619567328897 -0.10616409205829574
68 0.0014996062608867988 -0.10466448579740895
70 0.1071523988041658 0.0024879130067568533
71 0.01599525701839255 0.018483170025149404
76 0 0.018483170025149404


# Displacement abs and sum
0 0.02335874121917081 0.02335874121917081
5 0.018266232660943862 0.04162497388011467
10 0.027489873720256353 0.06911484760037102
17 0.11617024475267257 0.18528509235304358
21 0.002864136582147514 0.1881492289351911
23 0.0014854193781521086 0.1896346483133432
25 0.07152489354629737 0.2611595418596406
26 0.010812517448881676 0.27197205930852225
30 0.0008859897005016604 0.2728580490090239
31 0.03128289299643605 0.30414094200545994
35 0.00016277313395535176 0.3043037151394153
39 0.10090525456783969 0.40520896970725495
40 0.06634195890403567 0.4715509286112906
44 0.0004082190297898247 0.47195914764108043
46 0.06333032237169556 0.5352894700127759
48 3.89650237192507e-06 0.5352933665151478
52 0.004211203614330528 0.5395045701294783
53 0.13843455341294764 0.6779391235424259
57 0.0007468578761420097 0.678685981418568
59 0.04401616029640065 0.7227021417149686
62 0.06185898215249763 0.7845611238674662
66 0.0004452619567328897 0.7850063858241991
68 0.0014996062608867988 0.7865059920850859
70 0.1071523988041658 0.8936583908892517
71 0.01599525701839255 0.9096536479076442
76 0 0.9096536479076442


# Distance slam gt
0 0.005172235820744602 0.9096536479076442
5 0.014962352155182277 0.9096536479076442
10 0.024194731209271295 0.9096536479076442
17 0.004738241382852275 0.9096536479076442
21 0.09781438078041405 0.9096536479076442
23 0.1095282683260761 0.9096536479076442
25 0.12189578587031996 0.9096536479076442
26 0.2227368075283046 0.9096536479076442
30 0.308300785333561 0.9096536479076442
31 0.3293276770586323 0.9096536479076442
35 0.381684559113362 0.9096536479076442
39 0.391813231376943 0.9096536479076442
40 0.42831580908396977 0.9096536479076442
44 0.4042337481330866 0.9096536479076442
46 0.38933141542640914 0.9096536479076442
48 0.26930279966835874 0.9096536479076442
52 0.25797473435823093 0.9096536479076442
53 0.19054971119704225 0.9096536479076442
57 0.21748626076798483 0.9096536479076442
59 0.2081431042903975 0.9096536479076442
62 0.3732531799380148 0.9096536479076442
66 0.5027727160723122 0.9096536479076442
68 0.49043687867873675 0.9096536479076442
70 0.4806929052257931 0.9096536479076442
71 0.7448382020714667 0.9096536479076442
76 0.9822905876669373 0.9096536479076442


# Displacement mean and std deviation
0.0007108911548134386 0.054285659970724445

# Displacement mean absolute value and std deviation
0.034986678765678625 0.041513498450965546

# Distance to GT
0.9822905876669373