# SLAM - pose_x pose_y orientation time
0 16.4387 2.97338 -3.12778 1504013511.8824942
1 16.2409 2.96235 -3.13467 1504013513.8915515
2 16.0051 2.95647 3.13492 1504013516.302722
3 15.8252 2.95632 3.12388 1504013518.314244
4 15.6347 2.93103 3.12465 1504013520.32639
5 15.3804 2.90981 3.1033 1504013522.7390802
6 15.1675 2.9082 3.09258 1504013525.1547503
7 14.9364 2.91721 3.08891 1504013527.5670662
8 14.6736 2.91504 3.05969 1504013529.9789798
9 14.4533 2.92102 3.07392 1504013532.3897748
10 14.244 2.9413 3.05919 1504013534.3990982
11 14.0556 2.92349 3.03727 1504013536.407947
12 13.7847 2.92366 2.97477 1504013538.8187366
13 13.5231 2.96715 2.99421 1504013541.2314975
14 13.3088 3.01041 2.95962 1504013543.6436703
15 13.1354 3.05829 2.90728 1504013545.6538627
16 12.8778 3.09666 2.90181 1504013548.065589
17 12.6511 3.1527 2.85056 1504013550.4791658
18 12.4476 3.26117 2.81288 1504013552.8922167
19 12.2116 3.38488 2.76168 1504013555.3058503
20 12.0808 3.44372 2.72455 1504013557.716327
21 11.8777 3.53802 2.69009 1504013560.131497
22 11.7173 3.67151 2.60184 1504013562.5418863
23 11.5825 3.83399 2.53135 1504013564.9536717
24 11.4226 3.98898 2.48138 1504013567.367435
25 11.2395 4.15315 2.43367 1504013569.780588
26 11.114 4.29079 2.35807 1504013572.197402
27 11.0205 4.4622 2.33177 1504013574.6106513
28 10.8868 4.61568 2.28981 1504013577.024671
29 10.7304 4.82118 2.23611 1504013579.4378004
30 10.6123 4.98358 2.19594 1504013581.8483167
31 10.4617 5.22933 2.13893 1504013584.2648492
32 10.4973 5.27935 2.15286 1504013586.677791
33 10.3089 5.46625 2.17922 1504013589.0906138
34 10.215 5.56311 1.9823 1504013591.5027263
35 10.2049 5.73381 1.93037 1504013593.9133244
36 9.99499 5.95472 2.07042 1504013595.9247055
37 9.96165 6.1675 1.8729 1504013597.938448
38 9.84579 6.44376 1.9188 1504013600.3528378
39 9.79868 6.61165 1.84935 1504013602.7634137
40 9.85372 6.87812 1.74392 1504013605.1745615
41 9.81985 7.13317 1.74513 1504013607.5873303
42 9.77823 7.35187 1.74787 1504013609.5990417
43 9.69804 7.55352 1.71595 1504013612.0109866
44 9.66447 7.80074 1.72987 1504013614.4247239
45 9.54142 8.00595 1.77542 1504013616.8429904
46 9.50801 8.24601 1.78973 1504013619.2541924
47 9.37923 8.42496 1.82844 1504013621.6673079
48 9.31591 8.59059 1.86415 1504013623.678454
49 9.22797 8.78225 1.87419 1504013626.0898104
50 9.11662 8.98021 1.92169 1504013628.5008867
51 8.98257 9.15116 1.90996 1504013630.918056
52 8.86064 9.14697 1.95905 1504013633.3317428
53 8.61213 7.45224 2.03698 1504013635.743159
54 8.48861 7.58336 1.98463 1504013638.1561742
55 8.36326 7.80485 2.03698 1504013640.5723422
56 8.3514 8.00225 2.08847 1504013642.988321
57 8.23115 8.20506 2.12746 1504013645.4007137
58 8.14435 8.26304 2.14209 1504013647.8110216
59 9.2594 7.92965 1.91481 1504013650.225078
60 8.95176 8.21315 1.87214 1504013652.6410992
61 9.02591 8.30192 1.97689 1504013654.6495533
62 8.96343 8.399 2.02293 1504013656.6591218
63 8.90908 8.5748 2.06999 1504013658.668874
64 8.68078 8.71957 2.0198 1504013661.0807223
65 8.57188 8.95481 2.08139 1504013663.4928968
66 8.36633 9.1288 2.03207 1504013665.905597
67 8.29202 9.31232 2.17723 1504013668.3199613
68 8.13381 9.51577 2.39143 1504013670.7304485
69 7.9775 9.58696 2.44373 1504013673.1428785
70 7.67816 9.62783 2.48673 1504013675.5537057
71 7.49795 9.71436 2.53649 1504013677.9662545
72 7.27767 9.77694 2.57545 1504013680.3790119
73 7.09297 9.8286 2.67856 1504013682.7905755
74 6.90089 9.88094 2.7825 1504013685.2034125
75 6.70203 9.9502 2.8475 1504013687.6156833
76 6.40371 9.82613 2.85583 1504013690.0265684
77 6.19021 9.81346 2.97026 1504013692.436502
78 5.99487 9.89802 2.96586 1504013694.8481178


# GT - pose_x pose_y orientation time
0 16.4376 2.993 -3.13589 1504013511.8743293
1 16.227 2.9997 3.1365 1504013513.9191754
2 16.0006 3.0022 3.1288 1504013516.3152957
3 15.797 2.998 3.1258 1504013518.2931023
4 15.5905 3.0009 3.1197 1504013520.3361473
5 15.3534 3.0066 3.1111 1504013522.7319474
6 15.1153 3.0163 3.1037 1504013525.1355786
7 14.8723 3.0275 3.0984 1504013527.5949562
8 14.6329 3.0404 3.0925 1504013530.0008366
9 14.396 3.053 3.0836 1504013532.3949354
10 14.1956 3.0642 3.0694 1504013534.3744698
11 13.9897 3.081 3.0509 1504013536.4152193
12 13.7586 3.1026 3.0307 1504013538.8129258
13 13.5267 3.134 3.0055 1504013541.2163615
14 13.2906 3.165 2.9856 1504013543.67517
15 13.0884 3.2056 2.9565 1504013545.6534784
16 12.8582 3.2494 2.9233 1504013548.0523183
17 12.6396 3.302 2.8826 1504013550.454087
18 12.4218 3.3688 2.8311 1504013552.9115615
19 12.2126 3.4455 2.7783 1504013555.3143766
20 12.0084 3.5303 2.7265 1504013557.7113457
21 11.8121 3.6269 2.6721 1504013560.1141167
22 11.621 3.7277 2.6136 1504013562.5116987
23 11.4326 3.8459 2.5523 1504013564.9751353
24 11.255 3.9732 2.4926 1504013567.3718104
25 11.0838 4.114 2.4357 1504013569.7748446
26 10.9169 4.2647 2.3794 1504013572.1713634
27 10.7536 4.4252 2.3251 1504013574.63774
28 10.6109 4.5886 2.2702 1504013577.0336747
29 10.4748 4.7628 2.2151 1504013579.43764
30 10.3529 4.9436 2.1651 1504013581.8339965
31 10.2325 5.1333 2.1212 1504013584.237863
32 10.1182 5.3331 2.0753 1504013586.6903138
33 10.0118 5.5352 2.0293 1504013589.0951638
34 9.912 5.7469 1.988 1504013591.4904187
35 9.8194 5.9569 1.9543 1504013593.8956525
36 9.7413 6.1447 1.9268 1504013595.931614
37 9.6732 6.3344 1.9018 1504013597.914813
38 9.5999 6.5658 1.8729 1504013600.372478
39 9.538 6.7894 1.8509 1504013602.771021
40 9.4794 7.0178 1.8354 1504013605.173217
41 9.4189 7.245 1.8223 1504013607.5713155
42 9.3613 7.4514 1.8136 1504013609.614031
43 9.3074 7.6791 1.8075 1504013612.0110188
44 9.2496 7.9129 1.8166 1504013614.4126372
45 9.1904 8.1437 1.8338 1504013616.8739862
46 9.1292 8.3708 1.8543 1504013619.2759013
47 9.0618 8.6 1.8789 1504013621.6739912
48 8.9974 8.7935 1.9025 1504013623.6519666
49 8.9162 9.0144 1.9311 1504013626.1111817
50 8.8288 9.2286 1.9618 1504013628.511712
51 8.737 9.4362 1.9981 1504013630.911406
52 8.6351 9.6417 2.0404 1504013633.311705
53 8.5191 9.8511 2.0858 1504013635.7721725
54 8.4021 10.0428 2.1271 1504013638.171989
55 8.2752 10.2348 2.168 1504013640.5709865
56 8.1443 10.4194 2.2073 1504013642.971723
57 8.0016 10.6055 2.246 1504013645.3712654
58 7.8484 10.7897 2.2813 1504013647.8349836
59 7.6954 10.9628 2.3108 1504013650.2335963
60 7.5365 11.1336 2.3381 1504013652.6344879
61 7.3941 11.2794 2.361 1504013654.6719508
62 7.2508 11.4187 2.3825 1504013656.6502633
63 7.1018 11.5589 2.4038 1504013658.689763
64 6.9282 11.7115 2.4287 1504013661.0916119
65 6.748 11.8643 2.4532 1504013663.49048
66 6.559 12.0115 2.4831 1504013665.8920631
67 6.3724 12.1453 2.5148 1504013668.2902873
68 6.1795 12.2757 2.5516 1504013670.7516694
69 5.9909 12.3969 2.5966 1504013673.15131
70 5.7955 12.5071 2.6515 1504013675.5519154
71 5.5972 12.6037 2.7101 1504013677.9511817
72 5.4019 12.6866 2.7699 1504013680.3515449
73 5.1909 12.7603 2.837 1504013682.8113313
74 4.9883 12.8169 2.9019 1504013685.2101479
75 4.7836 12.8618 2.9666 1504013687.6106834
76 4.5728 12.8932 3.0277 1504013690.0109258
77 4.3431 12.9151 3.0804 1504013692.4110298
78 4.1094 12.9331 3.1055 1504013694.8747678


# Displacement and sum
0 -0.8773839962945559 -0.8773839962945559
1 0.8711322269139131 -0.006251769380642758
2 -0.025258404934861388 -0.031510174315504146
3 0.021582741530160966 -0.00992743278534318
4 -0.040055306333269994 -0.04998273911861317
5 -0.010430087609918082 -0.06041282672853125
6 0.005120796025351426 -0.055292030703179826
7 -0.073261940681714 -0.12855397138489383
8 0.07266503807753222 -0.05588893330736161
9 -0.0016650441064023427 -0.05755397741376395
10 -0.010744246875277731 -0.06829822428904168
11 -0.13288936924684824 -0.20118759353588994
12 0.1402406960562477 -0.06094689747964224
13 -0.046149996081232256 -0.1070968935608745
14 -0.07301061326942797 -0.18010750683030247
15 0.08711636428404507 -0.0929911425462574
16 -0.03314380249537183 -0.12613494504162923
17 0.04341681047260937 -0.08271813456901986
18 0.0050265482457445 -0.07769158632327536
19 0.04608716422816145 -0.03160442209511391
20 0.0626433575125821 0.03103893541746819
21 -0.09346238144429617 -0.06242344602682798
22 -0.028871236486489593 -0.09129468251331757
23 0.03056769651942806 -0.06072698599388951
24 0.028871236486489593 -0.031855749507399916
25 -0.06063273821428261 -0.09248848772168253
26 0.08796459430051427 -0.004523893421168254
27 0.04065220893745178 0.036128315516283524
28 0.004398229715025209 0.04052654523130873
29 0.030881855784787665 0.0714084010160964
30 -0.04118627968856134 0.03022212132753506
31 0.18796148846427677 0.21818360979181184
32 0.22732564441375666 0.44550925420556853
33 -0.4888946487516432 -0.04338539454607465
34 -0.057271234074941835 -0.10065662862101649
35 0.5263738491089694 0.42571722048795296
36 -0.5419875645973105 -0.11627034410935749
37 0.23499113048851644 0.11872078637915895
38 -0.14906857141283567 -0.030347785033676716
39 -0.28252342733733027 -0.312871212371007
40 0.04495619087287008 -0.26791502149813695
41 0.0359398199570669 -0.23197520154107004
42 -0.08111592231568832 -0.31309112385675836
43 0.015142476590302947 -0.2979486472664554
44 0.08906415172927025 -0.2088844955371852
45 -0.019446458525720557 -0.22833095406290574
46 0.044327872342152186 -0.18400308172075355
47 0.038044687034971894 -0.14595839468578164
48 -0.058307959650626275 -0.2042663543364079
49 0.052778756580308284 -0.15148759775609963
50 -0.1508906951519171 -0.30237829290801677
51 0.02133141411787423 -0.28104687879014256
52 0.10219600902127579 -0.17885086976886677
53 -0.29421015200868417 -0.47306102177755094
54 0.03597123588360232 -0.43708978589394865
55 0.03829601444726073 -0.39879377144668793
56 0.0009110618695414296 -0.3978827095771465
57 -0.06493672014970092 -0.4628194297268474
58 -0.8066981615887878 -1.2695175913156351
59 -0.2198172379716774 -1.4893348292873125
60 0.2571393586963238 -1.2321954705909888
61 0.07709468371909493 -1.1551007868718939
62 0.08092742675647309 -1.0741733601154209
63 -0.2359021923580586 -1.3100755524734795
64 0.11652167152164565 -1.1935538809518338
65 -0.24887697001738293 -1.4424308509692167
66 0.35644510247629757 -1.0859857484929192
67 0.5573185367468293 -0.5286672117460899
68 0.02293362637120505 -0.5057335853748848
69 -0.0373849525777179 -0.5431185379526027
70 -0.02777167905773434 -0.570890217010337
71 -0.06547079090081051 -0.6363610079111476
72 0.1131287514557674 -0.5232322564553802
73 0.12264777719614683 -0.40058447925923335
74 0.0009424777960761466 -0.3996420014631572
75 -0.16578184432993262 -0.5654238457930898
76 0.19393051450609744 -0.37149333128699236
77 -0.09267698328089916 -0.4641703145678915
78 0 -0.4641703145678915


# Displacement abs and sum
0 0.8773839962945559 0.8773839962945559
1 0.8711322269139131 1.748516223208469
2 0.025258404934861388 1.7737746281433304
3 0.021582741530160966 1.7953573696734915
4 0.040055306333269994 1.8354126760067615
5 0.010430087609918082 1.8458427636166796
6 0.005120796025351426 1.850963559642031
7 0.073261940681714 1.9242255003237452
8 0.07266503807753222 1.9968905384012774
9 0.0016650441064023427 1.9985555825076797
10 0.010744246875277731 2.0092998293829574
11 0.13288936924684824 2.1421891986298056
12 0.1402406960562477 2.2824298946860533
13 0.046149996081232256 2.3285798907672857
14 0.07301061326942797 2.401590504036714
15 0.08711636428404507 2.488706868320759
16 0.03314380249537183 2.521850670816131
17 0.04341681047260937 2.56526748128874
18 0.0050265482457445 2.5702940295344843
19 0.04608716422816145 2.6163811937626456
20 0.0626433575125821 2.6790245512752278
21 0.09346238144429617 2.772486932719524
22 0.028871236486489593 2.8013581692060137
23 0.03056769651942806 2.8319258657254416
24 0.028871236486489593 2.860797102211931
25 0.06063273821428261 2.921429840426214
26 0.08796459430051427 3.009394434726728
27 0.04065220893745178 3.0500466436641798
28 0.004398229715025209 3.054444873379205
29 0.030881855784787665 3.085326729163993
30 0.04118627968856134 3.1265130088525543
31 0.18796148846427677 3.314474497316831
32 0.22732564441375666 3.5418001417305875
33 0.4888946487516432 4.03069479048223
34 0.057271234074941835 4.087966024557172
35 0.5263738491089694 4.614339873666141
36 0.5419875645973105 5.156327438263451
37 0.23499113048851644 5.391318568751968
38 0.14906857141283567 5.540387140164804
39 0.28252342733733027 5.822910567502134
40 0.04495619087287008 5.867866758375005
41 0.0359398199570669 5.9038065783320715
42 0.08111592231568832 5.98492250064776
43 0.015142476590302947 6.000064977238063
44 0.08906415172927025 6.0891291289673335
45 0.019446458525720557 6.108575587493054
46 0.044327872342152186 6.152903459835207
47 0.038044687034971894 6.190948146870179
48 0.058307959650626275 6.249256106520805
49 0.052778756580308284 6.302034863101114
50 0.1508906951519171 6.452925558253031
51 0.02133141411787423 6.474256972370905
52 0.10219600902127579 6.576452981392181
53 0.29421015200868417 6.870663133400865
54 0.03597123588360232 6.906634369284467
55 0.03829601444726073 6.944930383731728
56 0.0009110618695414296 6.94584144560127
57 0.06493672014970092 7.010778165750971
58 0.8066981615887878 7.817476327339759
59 0.2198172379716774 8.037293565311437
60 0.2571393586963238 8.294432924007761
61 0.07709468371909493 8.371527607726856
62 0.08092742675647309 8.452455034483329
63 0.2359021923580586 8.688357226841386
64 0.11652167152164565 8.804878898363032
65 0.24887697001738293 9.053755868380415
66 0.35644510247629757 9.410200970856714
67 0.5573185367468293 9.967519507603543
68 0.02293362637120505 9.990453133974748
69 0.0373849525777179 10.027838086552466
70 0.02777167905773434 10.0556097656102
71 0.06547079090081051 10.12108055651101
72 0.1131287514557674 10.234209307966777
73 0.12264777719614683 10.356857085162924
74 0.0009424777960761466 10.357799562959
75 0.16578184432993262 10.523581407288933
76 0.19393051450609744 10.717511921795031
77 0.09267698328089916 10.81018890507593
78 0 10.81018890507593


# Distance slam gt
0 0.019650811688070098
1 0.0398526347936995
2 0.04595087485565456
3 0.05032357697938444
4 0.08267682202407182
5 0.10048534271225845
6 0.12004353377004595
7 0.12756447036694898
8 0.13180144005283145
9 0.14388193215272013
10 0.13208697891919519
11 0.1707401830267265
12 0.18083344159750991
13 0.16688883276001396
14 0.1556576631586125
15 0.15462611713420238
16 0.15399242708652933
17 0.14974224520822457
18 0.11067907164410078
19 0.06062824754188441
20 0.11286211233181852
21 0.1104672548767291
22 0.11149442183356026
23 0.15037239806560126
24 0.16834122608558927
25 0.16054660538298485
26 0.1988192598819347
27 0.2694524262277106
28 0.2772257859579427
29 0.26218234952032843
30 0.2624628743270173
31 0.24850432772891543
32 0.3828914630805961
33 0.3049959221038869
34 0.35438363971831355
35 0.4453980221105616
36 0.3169400834542698
37 0.33325517625387346
38 0.27450984262863815
39 0.3155140645042615
40 0.39953218243340477
41 0.4162533500165494
42 0.42864536134198455
43 0.4103290703813233
44 0.4297638683044449
45 0.37708102962095585
46 0.3988352544597826
47 0.3624924916463783
48 0.37765207294545544
49 0.3887083166077102
50 0.3801814625938517
51 0.37623453655931105
52 0.5437150581876511
53 2.4006632168007247
54 2.460961010195001
55 2.4315450985124665
56 2.4260058805575877
57 2.411390759727672
58 2.543933402842928
59 3.412637531660812
60 3.2453026161053136
61 3.3953189874443312
62 3.471554350273088
63 3.4887123424553073
64 3.4674460026509424
65 3.433900160822967
66 3.4024110596604866
67 3.422092433701932
68 3.381795555766198
69 3.4412704577815454
70 3.440145986509875
71 3.45848755933862
72 3.461883072621027
73 3.4946723987950583
74 3.503977972205305
75 3.486802005405526
76 3.571995214582462
77 3.609984216267436
78 3.5730529981095986


# Displacement mean and std deviation
-0.0058755736021252085 0.23318669403181963

# Displacement mean absolute value and std deviation
0.13683783424146748 0.18890728879201069

# Distance to GT
3.5730529981095986

# Orientation to GT
0.43869199814727866