# SLAM - pose_x pose_y orientation time
17.38 2.79226 3.12046 1504014281.5950956
17.134 2.73471 3.08643 1504014284.0056224
16.9039 2.67832 3.08527 1504014286.4171867
16.6614 2.66928 3.09785 1504014288.827568
16.4567 2.65602 3.10439 1504014290.8361554
16.2572 2.64957 3.10852 1504014292.8470106
16.0123 2.65132 3.10502 1504014295.2595475
15.7755 2.63303 3.12901 1504014297.6699386
15.5709 2.61209 3.11796 1504014299.6782773
15.3114 2.56339 3.08997 1504014302.0888336
15.1533 2.55425 3.12109 1504014304.0977886
14.9066 2.5395 3.09245 1504014306.5117052
14.6806 2.55498 3.10778 1504014308.922305
14.438 2.5293 3.10002 1504014311.3325915
14.1919 2.52298 3.08399 1504014313.7432141
13.9633 2.52562 3.02847 1504014315.7518802
13.7329 2.55411 3.01028 1504014318.1621878
13.5155 2.60104 2.97248 1504014320.573297
13.2553 2.63873 2.94998 1504014322.9842362
13.0304 2.68966 2.90358 1504014325.394632
12.8109 2.75213 2.84822 1504014327.8058684
12.6118 2.88295 2.76977 1504014330.2178576
12.4033 2.99245 2.71274 1504014332.6304226
12.2117 3.09715 2.65206 1504014335.0408344
12.051 3.21629 2.60707 1504014337.4520557
11.8997 3.33962 2.55902 1504014339.8626993
11.7873 3.5059 2.47007 1504014342.2737334
11.6267 3.59288 2.41227 1504014344.683965
11.4508 3.85197 2.35967 1504014347.0943475
11.2511 4.02217 2.3121 1504014349.5053642
11.1188 4.18091 2.2641 1504014351.9173417
11.0729 4.36161 2.23199 1504014354.328839
10.9693 4.52938 2.15754 1504014356.739952
10.7662 4.70342 2.16612 1504014359.1537375
10.6461 4.8958 2.11573 1504014361.5642626
10.4989 5.05707 2.09545 1504014363.9739716
10.3969 5.24139 2.06578 1504014366.3847487
10.3044 5.44778 2.03212 1504014368.79659
10.2303 5.70864 1.98408 1504014371.2077851
10.1385 5.87645 1.93078 1504014373.6185005
10.0307 6.09793 1.83868 1504014376.0295513
9.98137 6.31846 1.826 1504014378.0382047
9.91917 6.50992 1.7992 1504014380.04718
9.99635 6.70508 1.7417 1504014382.460905
9.86377 6.94477 1.72844 1504014384.8743713
9.88412 7.2075 1.74264 1504014387.2860937
9.81711 7.39303 1.74167 1504014389.2945976
9.74959 7.62216 1.74223 1504014391.704671
9.68812 7.80025 1.75616 1504014393.713676
9.67961 7.99727 1.71985 1504014395.722276
9.60528 8.22192 1.73778 1504014398.132289
9.55573 8.38636 1.73664 1504014400.5428894
9.40957 8.52168 1.80345 1504014402.5514457
9.41076 8.87711 1.79356 1504014404.9627545
9.36025 8.98473 1.78143 1504014406.9715037
9.29053 9.19597 1.7964 1504014409.3828719
9.22813 9.47816 1.85107 1504014411.7933125
9.0868 9.66998 1.91016 1504014414.204832
8.94174 9.85023 1.95368 1504014416.6173158
8.78165 10.0105 2.00189 1504014419.0277948
8.55727 10.1873 2.02318 1504014421.4388995
8.48491 10.3174 2.14812 1504014423.851343
8.26852 10.4745 2.14321 1504014426.261798
8.09242 10.6039 2.21305 1504014428.6729782
7.92253 10.5873 2.30017 1504014431.0839527
7.76542 10.8672 2.34927 1504014433.4957027
7.56175 11.0086 2.41405 1504014435.9073796
7.38396 11.1574 2.4545 1504014438.3190084
7.16095 11.1858 2.43269 1504014440.7298803
6.93602 11.3111 2.51482 1504014443.140955
6.72801 11.3509 2.55151 1504014445.5522122
6.5177 11.4043 2.56233 1504014447.962678
6.31973 11.5335 2.61235 1504014450.374138
6.07347 11.588 2.64963 1504014452.7857234
5.86996 11.6253 2.70994 1504014455.196153
5.63069 11.6862 2.79396 1504014457.6068008
5.39572 11.7112 2.85463 1504014460.0200179
5.17418 11.6966 2.85326 1504014462.4306533
4.90863 11.7161 2.91238 1504014464.8410635
4.78626 11.7017 2.97132 1504014467.2512908
4.63654 11.6651 3.06147 1504014469.6620555
4.73878 11.702 2.99417 1504014556.8650749
4.91541 11.7087 2.95492 1504014559.2753494
5.14991 11.7023 2.89725 1504014561.6870778
5.39404 11.6996 2.85731 1504014564.0976415
5.60716 11.7043 2.7977 1504014566.5086348
5.81977 11.6556 2.73827 1504014568.9205422
6.02513 11.5623 2.68343 1504014571.3306532
6.2579 11.5674 2.61662 1504014573.742155
6.47929 11.5069 2.58644 1504014576.1521645
6.69944 11.4242 2.53415 1504014578.5633595
6.87337 11.3344 2.47337 1504014580.9735243
7.10249 11.2375 2.46912 1504014583.3837504
7.32199 11.1285 2.42883 1504014585.7945304
7.50536 11.0262 2.38048 1504014588.2062354
7.7236 10.9027 2.35179 1504014590.6164339
7.88755 10.7321 2.3104 1504014593.0267725
8.09073 10.5947 2.23244 1504014595.437264
8.27033 10.4248 2.18646 1504014597.8476741
8.43069 10.333 2.15448 1504014600.25839
8.54612 10.0666 2.08835 1504014602.669022
8.73049 10.0966 2.06016 1504014605.0795178
8.89332 9.87824 2.0116 1504014607.490428
9.08781 9.70983 1.94776 1504014609.9025638
9.2051 9.50034 1.8966 1504014612.3159196
9.26915 9.36146 1.89361 1504014614.7328608
9.37682 9.11318 1.84889 1504014617.1439867
9.43485 8.92787 1.86641 1504014619.5542526
9.52113 8.72863 1.79912 1504014621.965208
9.61526 8.45416 1.78364 1504014623.973814
9.85983 8.24832 1.70216 1504014626.3846064
9.87834 7.9847 1.68393 1504014628.7949307
9.90258 7.90551 1.67632 1504014631.2055454
9.91615 7.69694 1.69992 1504014633.216637
10.0015 7.44699 1.67745 1504014635.626667
10.1412 7.36174 1.63277 1504014637.6356537
10.0459 7.0305 1.72973 1504014640.0475266
10.0034 6.77792 1.73798 1504014642.4578414
10.0189 6.54693 1.78997 1504014644.868402
10.2107 6.33822 1.74175 1504014646.8776054
10.1188 6.13396 1.77568 1504014648.8860772
10.1659 5.93779 1.79638 1504014650.895041
10.2509 5.72827 1.88167 1504014653.305595
10.3201 5.49912 1.93247 1504014655.7174816
10.4062 5.27799 1.98452 1504014658.1300333
10.5141 5.05438 2.04253 1504014660.5404327
10.5113 4.86284 2.07889 1504014662.9519753
10.7547 4.67612 2.09394 1504014665.363476
10.7528 4.46961 2.18598 1504014667.775541
11.0282 4.36787 2.22264 1504014670.1860428
11.1068 4.1239 2.29677 1504014672.5962913
11.2707 3.96864 2.33955 1504014675.0069501
11.4069 3.82409 2.42747 1504014677.4194303
11.5338 3.72131 2.51734 1504014679.8298552
11.6524 3.57412 2.57198 1504014682.6438127
11.8309 3.35945 2.69138 1504014685.4556751
11.9749 3.23937 2.78381 1504014687.866296
12.1861 3.14679 2.8242 1504014690.2782333
12.3774 3.05607 2.91203 1504014692.6916156
12.6242 3.01398 2.93864 1504014695.1020474
12.8072 2.96589 2.97927 1504014697.5129302
13.0329 2.92797 3.03326 1504014699.9238143
13.2665 2.8815 3.09353 1504014701.9327035
13.512 2.83861 3.11782 1504014704.343767
13.6648 2.86339 3.10766 1504014706.7562864
13.8783 2.89323 3.1313 1504014709.1680968
14.1494 2.94243 3.1737253071795863 1504014711.1767278
14.3709 2.95166 3.13544 1504014713.1851575
14.5711 2.97205 3.12653 1504014715.19466
14.7791 2.95762 3.10211 1504014717.60863
14.9812 2.96169 3.07077 1504014720.0193818
15.2475 3.01504 3.06854 1504014722.4297352
15.4258 3.01175 3.05064 1504014724.8400474
15.7359 3.03579 3.01146 1504014727.2505612
15.9758 3.04918 3.00109 1504014729.661131
16.2014 3.05736 2.98503 1504014731.6700025
16.3813 3.05913 2.98465 1504014733.67934
16.6168 3.07321 2.95684 1504014736.0905917
16.7827 2.98356 2.91485 1504014738.100376
16.9963 3.07243 2.97023 1504014740.5120838
17.1964 3.12138 3.0345 1504014742.9231443


# GT - pose_x pose_y orientation time
17.3742 2.8293 3.0855 1504014281.6000466
17.1359 2.8375 3.0869 1504014283.998782
16.8969 2.8478 3.0931 1504014286.4002929
16.67 2.8593 3.1035 1504014288.7988846
16.4635 2.867 3.1152 1504014290.8387902
16.2637 2.8743 3.1255 1504014292.82016
16.0093 2.8807 3.1369 1504014295.2784328
15.7768 2.8751 3.1459953071795863 1504014297.6802883
15.5765 2.8716 3.1493953071795864 1504014299.663948
15.3384 2.8692 3.1493953071795864 1504014302.0602636
15.1344 2.8718 3.1482953071795863 1504014304.0991924
14.8929 2.8702 3.1495953071795864 1504014306.4979615
14.6588 2.8709 3.149095307179586 1504014308.9002364
14.4183 2.8706 3.1391 1504014311.3579028
14.176 2.8724 3.1184 1504014313.7611082
13.9744 2.8795 3.0985 1504014315.7424536
13.7427 2.8923 3.0728 1504014318.1426535
13.5078 2.9106 3.0399 1504014320.5999691
13.278 2.9386 2.9986 1504014322.9987228
13.0503 2.9781 2.9524 1504014325.3986154
12.8296 3.0251 2.9018 1504014327.7992399
12.6199 3.0833 2.8452 1504014330.1991048
12.4122 3.159 2.7834 1504014332.659214
12.2158 3.2418 2.7232 1504014335.059494
12.0263 3.3352 2.6639 1504014337.4590945
11.8356 3.4411 2.5988 1504014339.8589993
11.6579 3.558 2.5358 1504014342.2588513
11.4854 3.6866 2.4795 1504014344.658175
11.3064 3.8332 2.4265 1504014347.118773
11.1388 3.9865 2.3791 1504014349.5171998
10.9769 4.1525 2.333 1504014351.918836
10.8201 4.322 2.291 1504014354.3172097
10.6711 4.4976 2.2553 1504014356.7196116
10.5288 4.6792 2.2129 1504014359.1803856
10.4004 4.8651 2.1629 1504014361.5821433
10.2825 5.0575 2.1165 1504014363.9801393
10.1715 5.2512 2.0771 1504014366.3819833
10.0652 5.456 2.0405 1504014368.7797363
9.96 5.6674 2.0026 1504014371.1821313
9.8641 5.8827 1.966 1504014373.6354456
9.7719 6.1 1.9341 1504014376.0393784
9.7006 6.2894 1.9111 1504014378.0196826
9.6356 6.4844 1.8939 1504014380.059366
9.567 6.7076 1.8782 1504014382.4624746
9.4998 6.9342 1.866 1504014384.8604298
9.4301 7.1616 1.8579 1504014387.2629673
9.3735 7.3623 1.8485 1504014389.298952
9.3077 7.5891 1.8512 1504014391.6988554
9.2503 7.785 1.8542 1504014393.7431204
9.1925 7.9762 1.8574 1504014395.7168918
9.129 8.1995 1.8665 1504014398.1176488
9.0622 8.4251 1.881 1504014400.5170426
8.9963 8.6298 1.8993 1504014402.5557752
8.9176 8.8514 1.9222 1504014404.95989
8.8423 9.0416 1.9442 1504014406.997395
8.7558 9.2454 1.9759 1504014409.3975735
8.6603 9.4505 2.0193 1504014411.79675
8.5533 9.6485 2.0707 1504014414.1977005
8.4382 9.8418 2.1243 1504014416.5958357
8.3184 10.0207 2.1813 1504014418.9978304
8.1856 10.1995 2.2403 1504014421.4562173
8.0461 10.3647 2.2981 1504014423.8590388
7.8942 10.5257 2.3545 1504014426.2558916
7.7308 10.6789 2.4069 1504014428.658136
7.5628 10.823 2.4552 1504014431.055563
7.3791 10.9719 2.5028 1504014433.5184186
7.1884 11.102 2.5487 1504014435.916164
6.993 11.2252 2.589 1504014438.3187242
6.7948 11.3415 2.6258 1504014440.7156672
6.5956 11.4492 2.6649 1504014443.1184242
6.3809 11.5471 2.7066 1504014445.5781398
6.1714 11.6408 2.7444 1504014447.9831982
5.9629 11.7249 2.7879 1504014450.3782074
5.7499 11.7977 2.8391 1504014452.781448
5.5299 11.8588 2.8904 1504014455.1780055
5.3109 11.9085 2.9396 1504014457.5818095
5.084 11.9487 2.989 1504014460.0350838
4.861 11.9775 3.0367 1504014462.4388204
4.6355 11.9995 3.0809 1504014464.8341868
4.4046 12.0107 3.1218 1504014467.2377975
4.1712 12.0166 3.150295307179586 1504014469.6332774
4.3901 12.0174 3.1396 1504014556.8752675
4.6231 12.0101 3.0999 1504014559.2736735
4.8411 11.9888 3.0497 1504014561.675395
5.0632 11.9618 3.0006 1504014564.0747657
5.2857 11.9271 2.9531 1504014566.5368252
5.5012 11.8782 2.9005 1504014568.9378672
5.718 11.8195 2.8458 1504014571.3367543
5.9358 11.7484 2.7977 1504014573.737002
6.1468 11.6663 2.7543 1504014576.137415
6.356 11.5734 2.7123 1504014578.5372458
6.5667 11.4728 2.6734 1504014580.9945061
6.7733 11.3691 2.6344 1504014583.3956869
6.9721 11.2523 2.594 1504014585.794615
7.1673 11.1283 2.5557 1504014588.195116
7.3588 10.9985 2.5192 1504014590.5944629
7.5492 10.8547 2.4771 1504014593.0549064
7.7254 10.7085 2.4319 1504014595.4526505
7.8939 10.558 2.3857 1504014597.854572
8.0531 10.4009 2.3365 1504014600.2534695
8.2018 10.2366 2.2837 1504014602.6553593
8.3405 10.0675 2.2307 1504014605.0543795
8.4766 9.8837 2.1733 1504014607.5157237
8.5997 9.6985 2.1183 1504014609.9116664
8.7191 9.4991 2.066 1504014612.3142848
8.8188 9.3032 2.021 1504014614.7111778
8.9152 9.0964 1.9828 1504014617.1148314
9.0101 8.8768 1.952 1504014619.5749426
9.0939 8.6589 1.9236 1504014621.9780273
9.162 8.4657 1.9026 1504014623.953794
9.2336 8.2376 1.8849 1504014626.4130046
9.3039 8.0126 1.8732 1504014628.813422
9.3731 7.7858 1.8605 1504014631.2143028
9.4311 7.5966 1.8496 1504014633.1958761
9.4971 7.3589 1.841 1504014635.6544943
9.5515 7.164 1.8453 1504014637.6333406
9.6156 6.9366 1.8561 1504014640.032271
9.6817 6.7097 1.8688 1504014642.433694
9.752 6.4764 1.8841 1504014644.8923593
9.8124 6.2852 1.9004 1504014646.8713336
9.8799 6.0915 1.9198 1504014648.9131572
9.9537 5.9067 1.9402 1504014650.8948498
10.0414 5.6927 1.9635 1504014653.2917297
10.1357 5.4789 1.9878 1504014655.694987
10.2362 5.2619 2.0223 1504014658.151721
10.3354 5.058 2.0714 1504014660.5542102
10.4459 4.861 2.1264 1504014662.951991
10.5636 4.6763 2.1793 1504014665.3537102
10.6912 4.4988 2.237 1504014667.7509413
10.8292 4.332 2.3015 1504014670.2168808
10.972 4.1827 2.3754 1504014672.6139262
11.1213 4.0469 2.4534 1504014675.0170016
11.2812 3.9226 2.5277 1504014677.4142175
11.4489 3.8114 2.6022 1504014679.8154395
11.6523 3.6999 2.6941 1504014682.6329794
11.8663 3.607 2.785 1504014685.4515772
12.0621 3.5389 2.8562 1504014687.8532343
12.2625 3.4857 2.9248 1504014690.2521536
12.477 3.4421 2.989 1504014692.7119088
12.6993 3.4121 3.0462 1504014695.112873
12.9221 3.395 3.0945 1504014697.5114913
13.1568 3.3867 3.1341 1504014699.9112644
13.3611 3.3835 3.1600953071795863 1504014701.954091
13.5983 3.3902 3.1844953071795863 1504014704.349961
13.8331 3.4015 3.200195307179586 1504014706.7538931
14.0685 3.4161 3.203795307179586 1504014709.1502342
14.2741 3.4294 3.2015953071795864 1504014711.1923568
14.4744 3.4404 3.196795307179586 1504014713.1766336
14.6819 3.4514 3.1899953071795863 1504014715.211144
14.9112 3.4605 3.176595307179586 1504014717.6125782
15.1512 3.4644 3.157695307179586 1504014720.0111613
15.3881 3.4668 3.1362 1504014722.4123216
15.6268 3.4661 3.1166 1504014724.8107724
15.8654 3.4606 3.0941 1504014727.2725215
16.0978 3.448 3.0668 1504014729.6701398
16.2959 3.43 3.045 1504014731.6541617
16.5085 3.4079 3.0286 1504014733.6923866
16.735 3.3795 3.0134 1504014736.0897033
16.9302 3.3472 3.0032 1504014738.0705066
17.1726 3.3096 2.9921 1504014740.5345426
17.4091 3.2761 2.9873 1504014742.9344296


# Displacement and sum
0 0.03263000000000016 0.03263000000000016
1 -0.0050400000000001555 0.027590000000000003
2 0.002180000000000515 0.02977000000000052
3 -0.0051600000000004975 0.02461000000000002
4 -0.006170000000000009 0.018440000000000012
5 -0.007899999999999796 0.010540000000000216
6 0.014894692820413447 0.025434692820413662
7 0.007649999999999935 0.0330846928204136
8 0.02798999999999996 0.061074692820413556
9 0.030019999999999936 0.09109469282041349
10 0.027340000000000142 0.11843469282041363
11 0.014829999999999899 0.13326469282041353
12 -0.002235307179586421 0.1310293856408271
13 -0.004669999999999952 0.12635938564082716
14 0.03562000000000021 0.16197938564082737
15 -0.007509999999999906 0.15446938564082746
16 0.004899999999999682 0.15936938564082714
17 -0.018799999999999706 0.14056938564082744
18 0.00019999999999997797 0.14076938564082742
19 0.0047600000000000975 0.1455293856408275
20 0.021850000000000147 0.16737938564082766
21 -0.004770000000000607 0.16260938564082705
22 0.00048000000000003595 0.1630893856408271
23 -0.014310000000000045 0.14877938564082704
24 -0.017049999999999343 0.1317293856408277
25 0.025949999999999473 0.15767938564082717
26 0.0015000000000000568 0.15917938564082723
27 -0.00039999999999995595 0.15877938564082728
28 0.00017000000000022553 0.1589493856408275
29 0.0019000000000000128 0.1608493856408275
30 -0.009890000000000398 0.15095938564082712
31 0.038750000000000284 0.1897093856408274
32 -0.033820000000000405 0.155889385640827
33 0.00038999999999989043 0.15627938564082688
34 -0.026120000000000143 0.13015938564082674
35 -0.009729999999999794 0.12042938564082695
36 -0.0029399999999997206 0.11748938564082723
37 0.010139999999999816 0.12762938564082704
38 0.016699999999999937 0.14432938564082698
39 0.06019999999999981 0.2045293856408268
40 -0.010319999999999885 0.1942093856408269
41 0.009600000000000053 0.20380938564082696
42 0.04180000000000006 0.24560938564082702
43 0.001060000000000061 0.24666938564082708
44 0.006099999999999994 0.25276938564082707
45 -0.00843000000000016 0.2443393856408269
46 -0.0021400000000000308 0.24219938564082688
47 0.010929999999999884 0.25312938564082677
48 0.03310999999999997 0.28623938564082674
49 0.008829999999999893 0.29506938564082663
50 -0.013359999999999816 0.2817093856408268
51 0.04851000000000005 0.33021938564082687
52 -0.013009999999999966 0.3172093856408269
53 -0.009870000000000045 0.30733938564082686
54 -0.016730000000000134 0.2906093856408267
55 0.011270000000000113 0.30187938564082684
56 0.007689999999999975 0.3095693856408268
57 -0.010079999999999867 0.29948938564082694
58 -0.008790000000000076 0.29069938564082687
59 -0.03771000000000013 0.25298938564082674
60 0.0671400000000002 0.32012938564082694
61 -0.051489999999999814 0.2686393856408271
62 0.017440000000000122 0.28607938564082724
63 0.038819999999999855 0.3248993856408271
64 0.0015000000000000568 0.32639938564082716
65 0.018879999999999786 0.34527938564082694
66 0.0001500000000000945 0.34542938564082704
67 -0.014990000000000059 0.330439385640827
68 0.0430299999999999 0.3734693856408269
69 -0.005009999999999959 0.3684593856408269
70 -0.026980000000000004 0.3414793856408269
71 0.006520000000000081 0.347999385640827
72 -0.013920000000000154 0.33407938564082684
73 0.009009999999999962 0.3430893856408268
74 0.034820000000000295 0.3779093856408271
75 0.01126999999999967 0.38917938564082677
76 -0.04633000000000065 0.3428493856408261
77 0.014920000000000044 0.35776938564082617
78 0.018040000000000056 0.3758093856408262
79 0.0616546928204138 0.43746407846124
80 0.056604692820414026 0.49406877128165405
81 -0.0004500000000002835 0.49361877128165377
82 0.007470000000000088 0.5010887712816539
83 -0.009160000000000057 0.4919287712816538
84 0.012110000000000287 0.5040387712816541
85 0.006829999999999892 0.510868771281654
86 0.000140000000000029 0.511008771281654
87 0.01870999999999956 0.5297187712816536
88 -0.013219999999999565 0.516498771281654
89 0.01028999999999991 0.5267887712816539
90 0.0218799999999999 0.5486687712816538
91 -0.03475000000000028 0.5139187712816535
92 -0.00010999999999983245 0.5138087712816537
93 0.010050000000000114 0.5238587712816538
94 -0.0078099999999996506 0.5160487712816542
95 -0.0007100000000002105 0.515338771281654
96 0.03276000000000012 0.5480987712816541
97 -0.000220000000000109 0.547878771281654
98 -0.017220000000000013 0.530658771281654
99 0.013329999999999842 0.5439887712816538
100 -0.02481 0.5191787712816538
101 -0.008840000000000181 0.5103387712816536
102 0.008840000000000403 0.519178771281654
103 -0.001140000000000363 0.5180387712816537
104 -0.04200999999999988 0.4760287712816538
105 0.006520000000000081 0.48254877128165385
106 -0.013279999999999959 0.4692687712816539
107 0.03888999999999987 0.5081587712816538
108 -0.005519999999999747 0.502638771281654
109 0.06377999999999995 0.566418771281654
110 0.006529999999999925 0.5729487712816539
111 -0.005090000000000039 0.5678587712816539
112 0.012699999999999934 0.5805587712816538
113 0.013870000000000049 0.5944287712816538
114 0.04038000000000008 0.6348087712816539
115 0.08615999999999979 0.7209687712816537
116 -0.004449999999999843 0.7165187712816539
117 0.03668999999999989 0.7532087712816538
118 0.03192000000000017 0.7851287712816539
119 0.014530000000000154 0.7996587712816541
120 0.000300000000000189 0.7999587712816543
121 0.06198999999999977 0.861948771281654
122 0.026499999999999968 0.888448771281654
123 0.017550000000000177 0.9059987712816542
124 0.008909999999999973 0.9149087712816542
125 -0.01863999999999999 0.8962687712816542
126 -0.03785000000000016 0.858418771281654
127 0.034339999999999815 0.8927587712816538
128 -0.02783999999999942 0.8649187712816544
129 0.00022999999999973042 0.8651487712816541
130 -0.03521999999999981 0.8299287712816543
131 0.013619999999999965 0.8435487712816543
132 0.015369999999999884 0.8589187712816542
133 -0.03726000000000029 0.8216587712816539
134 0.028500000000000192 0.8501587712816541
135 0.021230000000000082 0.8713887712816542
136 -0.02821000000000007 0.8431787712816541
137 0.023630000000000262 0.8668087712816543
138 -0.030590000000000117 0.8362187712816542
139 -0.007670000000000066 0.8285487712816542
140 0.01438999999999968 0.8429387712816538
141 0.03427469282041384 0.8772134641020677
142 -0.00010999999999983245 0.8771034641020679
143 -0.005539999999999878 0.871563464102068
144 0.020039999999999836 0.8916034641020678
145 0.04022530717958661 0.9318287712816544
146 0.03348530717958598 0.9653140784612404
147 0.0021100000000005004 0.9674240784612409
148 0.011019999999999364 0.9784440784612403
149 0.012440000000000229 0.9908840784612405
150 -0.019265307179586078 0.9716187712816544
151 -0.0017000000000000348 0.9699187712816544
152 0.016680000000000028 0.9865987712816544
153 -0.01692999999999989 0.9696687712816545
154 -0.0057400000000003 0.9639287712816542
155 -0.0160199999999997 0.9479087712816545
156 0.012609999999999566 0.9605187712816541
157 0.03179000000000043 0.9923087712816545
158 0.0442800000000001 1.0365887712816546
159 0.05946999999999969 1.0960587712816543
160 0 1.0960587712816543


# Displacement abs and sum
0 0.03263000000000016 0.03263000000000016
1 0.0050400000000001555 0.037670000000000314
2 0.002180000000000515 0.03985000000000083
3 0.0051600000000004975 0.04501000000000133
4 0.006170000000000009 0.051180000000001336
5 0.007899999999999796 0.05908000000000113
6 0.014894692820413447 0.07397469282041458
7 0.007649999999999935 0.08162469282041451
8 0.02798999999999996 0.10961469282041447
9 0.030019999999999936 0.1396346928204144
10 0.027340000000000142 0.16697469282041455
11 0.014829999999999899 0.18180469282041445
12 0.002235307179586421 0.18404000000000087
13 0.004669999999999952 0.18871000000000082
14 0.03562000000000021 0.22433000000000103
15 0.007509999999999906 0.23184000000000093
16 0.004899999999999682 0.23674000000000062
17 0.018799999999999706 0.2555400000000003
18 0.00019999999999997797 0.2557400000000003
19 0.0047600000000000975 0.2605000000000004
20 0.021850000000000147 0.28235000000000054
21 0.004770000000000607 0.28712000000000115
22 0.00048000000000003595 0.2876000000000012
23 0.014310000000000045 0.30191000000000123
24 0.017049999999999343 0.3189600000000006
25 0.025949999999999473 0.34491000000000005
26 0.0015000000000000568 0.3464100000000001
27 0.00039999999999995595 0.34681000000000006
28 0.00017000000000022553 0.3469800000000003
29 0.0019000000000000128 0.3488800000000003
30 0.009890000000000398 0.3587700000000007
31 0.038750000000000284 0.397520000000001
32 0.033820000000000405 0.4313400000000014
33 0.00038999999999989043 0.4317300000000013
34 0.026120000000000143 0.4578500000000014
35 0.009729999999999794 0.4675800000000012
36 0.0029399999999997206 0.47052000000000094
37 0.010139999999999816 0.48066000000000075
38 0.016699999999999937 0.4973600000000007
39 0.06019999999999981 0.5575600000000005
40 0.010319999999999885 0.5678800000000004
41 0.009600000000000053 0.5774800000000004
42 0.04180000000000006 0.6192800000000005
43 0.001060000000000061 0.6203400000000006
44 0.006099999999999994 0.6264400000000006
45 0.00843000000000016 0.6348700000000007
46 0.0021400000000000308 0.6370100000000007
47 0.010929999999999884 0.6479400000000006
48 0.03310999999999997 0.6810500000000006
49 0.008829999999999893 0.6898800000000005
50 0.013359999999999816 0.7032400000000003
51 0.04851000000000005 0.7517500000000004
52 0.013009999999999966 0.7647600000000003
53 0.009870000000000045 0.7746300000000004
54 0.016730000000000134 0.7913600000000005
55 0.011270000000000113 0.8026300000000006
56 0.007689999999999975 0.8103200000000006
57 0.010079999999999867 0.8204000000000005
58 0.008790000000000076 0.8291900000000005
59 0.03771000000000013 0.8669000000000007
60 0.0671400000000002 0.9340400000000009
61 0.051489999999999814 0.9855300000000007
62 0.017440000000000122 1.0029700000000008
63 0.038819999999999855 1.0417900000000007
64 0.0015000000000000568 1.0432900000000007
65 0.018879999999999786 1.0621700000000005
66 0.0001500000000000945 1.0623200000000006
67 0.014990000000000059 1.0773100000000007
68 0.0430299999999999 1.1203400000000006
69 0.005009999999999959 1.1253500000000005
70 0.026980000000000004 1.1523300000000005
71 0.006520000000000081 1.1588500000000006
72 0.013920000000000154 1.1727700000000008
73 0.009009999999999962 1.1817800000000007
74 0.034820000000000295 1.216600000000001
75 0.01126999999999967 1.2278700000000007
76 0.04633000000000065 1.2742000000000013
77 0.014920000000000044 1.2891200000000014
78 0.018040000000000056 1.3071600000000014
79 0.0616546928204138 1.3688146928204152
80 0.056604692820414026 1.4254193856408293
81 0.0004500000000002835 1.4258693856408295
82 0.007470000000000088 1.4333393856408296
83 0.009160000000000057 1.4424993856408297
84 0.012110000000000287 1.45460938564083
85 0.006829999999999892 1.4614393856408299
86 0.000140000000000029 1.46157938564083
87 0.01870999999999956 1.4802893856408295
88 0.013219999999999565 1.493509385640829
89 0.01028999999999991 1.503799385640829
90 0.0218799999999999 1.5256793856408288
91 0.03475000000000028 1.5604293856408291
92 0.00010999999999983245 1.560539385640829
93 0.010050000000000114 1.570589385640829
94 0.0078099999999996506 1.5783993856408287
95 0.0007100000000002105 1.579109385640829
96 0.03276000000000012 1.611869385640829
97 0.000220000000000109 1.6120893856408292
98 0.017220000000000013 1.6293093856408292
99 0.013329999999999842 1.642639385640829
100 0.02481 1.667449385640829
101 0.008840000000000181 1.6762893856408292
102 0.008840000000000403 1.6851293856408296
103 0.001140000000000363 1.68626938564083
104 0.04200999999999988 1.7282793856408298
105 0.006520000000000081 1.73479938564083
106 0.013279999999999959 1.7480793856408299
107 0.03888999999999987 1.7869693856408297
108 0.005519999999999747 1.7924893856408295
109 0.06377999999999995 1.8562693856408294
110 0.006529999999999925 1.8627993856408294
111 0.005090000000000039 1.8678893856408294
112 0.012699999999999934 1.8805893856408293
113 0.013870000000000049 1.8944593856408294
114 0.04038000000000008 1.9348393856408295
115 0.08615999999999979 2.0209993856408293
116 0.004449999999999843 2.025449385640829
117 0.03668999999999989 2.0621393856408288
118 0.03192000000000017 2.094059385640829
119 0.014530000000000154 2.1085893856408293
120 0.000300000000000189 2.1088893856408295
121 0.06198999999999977 2.1708793856408293
122 0.026499999999999968 2.1973793856408292
123 0.017550000000000177 2.214929385640829
124 0.008909999999999973 2.2238393856408294
125 0.01863999999999999 2.2424793856408294
126 0.03785000000000016 2.2803293856408295
127 0.034339999999999815 2.3146693856408294
128 0.02783999999999942 2.342509385640829
129 0.00022999999999973042 2.3427393856408285
130 0.03521999999999981 2.3779593856408283
131 0.013619999999999965 2.3915793856408283
132 0.015369999999999884 2.406949385640828
133 0.03726000000000029 2.4442093856408285
134 0.028500000000000192 2.4727093856408286
135 0.021230000000000082 2.4939393856408287
136 0.02821000000000007 2.522149385640829
137 0.023630000000000262 2.545779385640829
138 0.030590000000000117 2.576369385640829
139 0.007670000000000066 2.5840393856408292
140 0.01438999999999968 2.598429385640829
141 0.03427469282041384 2.6327040784612428
142 0.00010999999999983245 2.6328140784612426
143 0.005539999999999878 2.6383540784612425
144 0.020039999999999836 2.6583940784612423
145 0.04022530717958661 2.698619385640829
146 0.03348530717958598 2.732104692820415
147 0.0021100000000005004 2.7342146928204154
148 0.011019999999999364 2.7452346928204148
149 0.012440000000000229 2.757674692820415
150 0.019265307179586078 2.776940000000001
151 0.0017000000000000348 2.778640000000001
152 0.016680000000000028 2.795320000000001
153 0.01692999999999989 2.812250000000001
154 0.0057400000000003 2.8179900000000013
155 0.0160199999999997 2.834010000000001
156 0.012609999999999566 2.8466200000000006
157 0.03179000000000043 2.878410000000001
158 0.0442800000000001 2.922690000000001
159 0.05946999999999969 2.982160000000001
160 0 2.982160000000001


# Displacement mean and std deviation
0.006807818455165555 0.023936710118736777

# Displacement mean absolute value and std deviation
0.018522732919254662 0.016619893159370427

# Distance to GT
0.26302009124779663