# SLAM - pose_x pose_y orientation time
17.3866348317 2.82875856456 3.085617129122625 1504014281.46
17.1378474615 2.8375 3.0866765208180666 1504014283.98
16.9381641668 2.84584189265 3.091362838977656 1504014285.99
16.6600093666 2.85963635445 3.1038045316652862 1504014288.9
16.4737616993 2.78084580541 3.1357698023634857 1504014290.77
16.2619076725 2.78421684272 3.1466785497496224 1504014292.88
16.0086781224 2.78456173634 3.158999897779084 1504014295.34
15.7951386023 2.77531719251 3.166705011414883 1504014297.54
15.5707315183 2.76672034712 3.170319382120019 1504014299.77
15.3394267905 2.69522070712 3.1547453817558866 1504014302.1
15.1360895725 2.6967113853 3.1532454396880705 1504014304.13
14.9112822651 2.69376125672 3.1547390557925596 1504014306.38
14.6643280877 2.69324731354 3.154453085479576 1504014308.9
14.4119368969 2.6364933015 3.1661729159750607 1504014311.33
14.1761679535 2.63171948523 3.146147701522083 1504014313.68
13.9589373369 2.63345792043 3.1246647853027656 1504014315.81
13.7132107503 2.64094094579 3.0971407892876686 1504014318.36
13.570723505 2.64723903407 3.0782112356588125 1504014319.85
13.2929188018 2.66210196829 3.0257142956474943 1504014322.84
13.0196611356 2.70267263385 2.9711004931895744 1504014325.71
12.8338446439 2.73752393489 2.9286386627602576 1504014327.74
12.6076476009 2.7943194307 2.8677156069668905 1504014330.3
12.4395817369 3.00004110786 2.7996833450249796 1504014332.4
12.2260133043 3.08749997143 2.735388257580382 1504014334.99
12.0311605501 3.18066685891 2.6746283010602836 1504014337.44
11.8273168096 3.29246878339 2.605599008316358 1504014340.0
11.6488090688 3.40797639431 2.54274966435765 1504014342.4
11.5590558383 3.70619192547 2.4471864292724232 1504014344.72
11.3886302857 3.85484002739 2.3955632926795327 1504014347.11
11.226037998 4.01305465308 2.348278041758365 1504014349.51
11.0759834551 4.17631725494 2.3044850734049613 1504014351.8
10.9168869209 4.35928980404 2.260087478073892 1504014354.32
10.779019919 4.58635341922 2.2464863393055112 1504014356.89
10.6444946821 4.7619983978 2.2050375858862865 1504014359.23
10.5169618833 4.94947055251 2.1551730687738586 1504014361.64
10.4069124717 5.13230980851 2.111511975282167 1504014363.91
10.3649937161 5.35751416701 2.0568479540642546 1504014366.32
10.263700811 5.56322881039 2.019611519790542 1504014368.7
10.1520147174 5.80126790466 1.9771750655235254 1504014371.4
10.0693926159 5.99836968883 1.9445691624207768 1504014373.61
9.9604875091 6.21809035325 1.956815028660188 1504014375.95
9.87394587598 6.43350790925 1.931411489387847 1504014378.25
9.80150805073 6.63816490886 1.913602314529391 1504014380.4
9.73939258727 6.82658177365 1.9002567181958006 1504014382.44
9.66546502888 7.05810658698 1.8885481568026035 1504014384.9
9.63223166605 7.34294531408 1.8446355833743022 1504014387.37
9.58646124225 7.5190302791 1.8396538014101553 1504014389.23
9.50515511296 7.80410296252 1.83897683252467 1504014392.15
9.46198550083 7.96069759469 1.8418190319568777 1504014393.77
9.4055301374 8.1570979628 1.8453617036287704 1504014395.8
9.24838765733 8.32172245323 1.8990000161906633 1504014398.19
9.17826084801 8.53430078011 1.9123911438185686 1504014400.48
9.10653740474 8.73517470637 1.9304100192885194 1504014402.51
9.0149558936 8.96882414975 1.9545198620507525 1504014405.07
8.84766087562 9.05903486086 1.9774716087618647 1504014407.03
8.75602849895 9.25644942343 2.0088002769334907 1504014409.39
8.65244967505 9.46090262857 2.0528130670976283 1504014411.82
8.5426173286 9.64887058097 2.1018935919093718 1504014414.13
8.41718137649 9.84503431627 2.1579652865665055 1504014416.62
8.17096690738 10.008151826 2.167376066707421 1504014418.92
8.04564783308 10.1825393102 2.2241687300528428 1504014421.3
7.90670875533 10.3524226557 2.2831136924864 1504014423.73
7.73603267281 10.5363161978 2.3468331160290434 1504014426.47
7.59434438381 10.6728092659 2.3926665412013173 1504014428.57
7.22138639378 10.6349731065 2.4433669028629774 1504014431.13
7.05155660222 10.7768427188 2.488357705238071 1504014433.45
6.85713951334 10.91362306 2.535262821493385 1504014435.9
6.6639104228 11.0391489923 2.5755466465083328 1504014438.3
6.32048784451 10.9743259687 2.6258400652468286 1504014440.74
6.15665537054 11.0645141028 2.657669264875461 1504014442.74
5.90000455024 11.1828201079 2.708084227732201 1504014445.67
5.71436899619 11.2663619087 2.7418221268833705 1504014447.81
5.50007915406 11.3532100002 2.785538626218685 1504014450.27
5.2158817459 11.2404694755 2.839150876895868 1504014452.57
4.97351070517 11.3066619623 2.896386492308889 1504014455.21
4.75994210683 11.3539772549 2.9439699890545348 1504014457.56
4.53634558636 11.3929970069 2.992369785751023 1504014459.97
4.18032661597 11.0873219483 3.0390064203636977 1504014462.5
3.95352369487 11.1086797607 3.0834063711562187 1504014464.89
3.76478118471 11.1192718849 3.1170609223533057 1504014466.88
3.48643107407 11.1237302208 3.15245070457168 1504014469.74
3.71674574195 10.9112529192 3.1486364750794342 1504014556.9
3.90892407084 10.9094989125 3.114202072008794 1504014558.93
4.16513994149 10.8872309835 3.059682590843751 1504014561.67
4.39307840088 11.056220963 3.003810484360426 1504014564.18
4.60532381424 11.0243699008 2.9590219733599947 1504014566.51
4.82020245207 10.9764980539 2.9062644978759615 1504014568.9
5.04565078944 10.9169441573 2.8496686427613693 1504014571.39
5.2036116102 10.8663215566 2.8141525411864645 1504014573.14
5.49055851355 10.962937392 2.7358244894496817 1504014576.22
5.69932960449 10.864470093 2.692549626797122 1504014578.66
5.90276235657 10.763914361 2.6549209447140427 1504014581.03
6.09520801316 10.6633470553 2.618526440952664 1504014583.29
6.39624087173 10.7914483882 2.5975512823770557 1504014585.75
6.60074813125 10.6621917789 2.5574877219105137 1504014588.27
6.7914744362 10.5334696422 2.5211642108999897 1504014590.65
6.96980791191 10.3999733591 2.4819474935414805 1504014592.95
7.14680340219 10.2535102962 2.4361347781843112 1504014595.34
7.39878513501 10.2350933708 2.3682805924652337 1504014597.67
7.56186402855 10.0675008029 2.3166889254852068 1504014600.18
7.70944768247 9.8977514602 2.263258459698438 1504014602.62
7.83236913345 9.74298857192 2.2148040705166636 1504014604.8
8.15869022912 9.7390409681 2.1645562222725774 1504014607.43
8.25315069392 9.59637065238 2.122302053508764 1504014609.29
8.40665340985 9.33555511939 2.0524942689565577 1504014612.43
8.50680208218 9.13224576164 2.006966468494319 1504014614.88
9.02803899796 9.1307247735 1.9521204685148186 1504014617.56
9.09764877657 8.9560320887 1.9275493329099949 1504014619.51
9.17880905144 8.72805354368 1.8979934169177304 1504014622.0
9.23392539535 8.55928862031 1.8797265307370294 1504014623.71
9.32141678317 8.2560930957 1.856399483852279 1504014626.92
9.4846597937 8.1483820752 1.8344952770212426 1504014628.81
9.54213103555 7.92866457375 1.8227609482501947 1504014631.11
9.59432780313 7.73312048802 1.8108883565378382 1504014633.14
9.65340482408 7.48166398191 1.8010002619553982 1504014635.76
9.70458075515 7.26873139797 1.8075622615685487 1504014637.86
9.70858851631 7.03737218043 1.900676161585946 1504014639.85
9.78948670621 6.79911456735 1.9141434152572887 1504014642.41
9.86322521393 6.58877823373 1.9282458444914614 1504014644.65
9.94292188845 6.37033158632 1.9465821568503867 1504014646.97
10.0310805411 6.19950644698 1.9832398264178361 1504014648.84
10.1162401804 6.01983265141 2.0035103500387743 1504014650.82
10.2207072603 5.8056038237 2.027514618934112 1504014653.28
10.3257498412 5.60268535424 2.050861703315686 1504014655.63
10.4428433011 5.38781261346 2.0863056742897834 1504014658.15
10.5181289805 5.14058654917 2.102565124670196 1504014660.69
10.6281305619 4.95629702895 2.1547369496004682 1504014663.0
10.7519978051 4.77401598042 2.2090058247152577 1504014665.41
10.8815004719 4.60396115519 2.2644910286869417 1504014667.75
10.9274891679 4.38568777982 2.3408207730619432 1504014670.02
11.0917369237 4.22835709974 2.421431828714749 1504014672.64
11.2355721286 4.10886642346 2.493121044515752 1504014674.86
11.4027376115 3.98911964893 2.5690863881063066 1504014677.3
11.6105560819 3.86614958552 2.6593127312319753 1504014680.19
11.628124371 3.65192591522 2.6874419517731147 1504014682.74
11.8370884269 3.55928815003 2.775804108846901 1504014685.5
12.0264528111 3.49106517652 2.8450608010626683 1504014687.84
12.2392688084 3.43311526794 2.9175773082523695 1504014690.38
12.4428073152 3.38925586728 2.978628576648174 1504014692.73
12.6392716404 3.14613507061 3.0395789485373044 1504014695.13
12.8547438772 3.12788261769 3.086923106711828 1504014697.45
13.1206077944 3.11689268435 3.130736718138946 1504014700.18
13.3220262145 3.11294575208 3.1548666622246935 1504014702.19
13.5289538984 3.05735692277 3.1637131532630827 1504014704.08
13.7776727442 3.06509037426 3.1812127621438915 1504014706.6
14.0371005807 3.07591632009 3.1855437165371963 1504014709.23
14.2362890159 3.08522024517 3.183513781016842 1504014711.21
14.441766652 3.09273734959 3.178761949305785 1504014713.24
14.6520889181 3.19013778398 3.164272574363072 1504014715.39
14.8361669401 3.19349113356 3.156999467486067 1504014717.41
15.1056913726 3.19271383215 3.135954215265968 1504014720.11
15.2932430101 3.19128202625 3.1188045807667 1504014722.02
15.6044157716 3.21112518365 3.0983982236853196 1504014725.18
15.7852404859 3.31382128995 3.10060600638895 1504014727.22
16.0213428865 3.30244056144 3.0727795734204277 1504014729.66
16.2098498947 3.28626844596 3.051659568085241 1504014731.54
16.4078237845 3.26916510995 3.035856636234157 1504014733.51
16.6752979663 3.36331498332 2.995563989679398 1504014736.07
16.8666516916 3.32812768337 2.9855562283072175 1504014738.0
17.0999064731 3.28780571036 2.9746071073888647 1504014740.39
17.3758412275 3.24308389484 2.968856156013384 1504014743.08


# GT - pose_x pose_y orientation time
17.3852 2.8287 3.0855 1504014281.4792686
17.1359 2.8375 3.0869 1504014283.998782
16.9394 2.8458 3.0913 1504014285.981419
16.6581 2.8597 3.1039 1504014288.9180398
16.4684 2.8668 3.1151 1504014290.7816033
16.2579 2.8745 3.1259 1504014292.8805633
16.0051 2.8801 3.1382 1504014295.3409169
15.7888 2.8753 3.1459953071795863 1504014297.559538
15.5655 2.8713 3.1495953071795864 1504014299.7796674
15.3325 2.8693 3.1493953071795864 1504014302.1181986
15.1272 2.8719 3.1474953071795864 1504014304.1601086
14.9059 2.8701 3.1493953071795864 1504014306.3817012
14.6588 2.8709 3.149095307179586 1504014308.9002364
14.4183 2.8706 3.1391 1504014311.3579028
14.1831 2.8722 3.1189 1504014313.7011518
13.9685 2.8797 3.0978 1504014315.799842
13.7204 2.894 3.0699 1504014318.3837235
13.578 2.9042 3.0508 1504014319.8801332
13.2954 2.9364 3.0011 1504014322.8180156
13.0219 2.9839 2.9463 1504014325.6975036
12.8352 3.0238 2.9035 1504014327.7421412
12.6091 3.0868 2.8422 1504014330.317772
12.432 3.1504 2.7888 1504014332.4176698
12.2209 3.2395 2.7249 1504014334.9986992
12.0263 3.3352 2.6639 1504014337.4590945
11.8266 3.4473 2.5958 1504014339.9810195
11.6484 3.5651 2.5327 1504014342.382063
11.4817 3.6896 2.4782 1504014344.7173097
11.3064 3.8332 2.4265 1504014347.118773
11.1388 3.9865 2.3791 1504014349.5171998
10.9841 4.1447 2.3355 1504014351.7986333
10.8201 4.322 2.291 1504014354.3172097
10.6606 4.5096 2.2528 1504014356.900538
10.5255 4.6838 2.2115 1504014359.2367857
10.3971 4.8699 2.1618 1504014361.6385012
10.2855 5.0526 2.118 1504014363.9173434
10.1746 5.246 2.0786 1504014366.3195155
10.0681 5.4508 2.041 1504014368.7164764
9.9513 5.6866 1.9986 1504014371.4236755
9.8641 5.8827 1.966 1504014373.6354456
9.7763 6.0894 1.9348 1504014375.9190676
9.6931 6.3106 1.9093 1504014378.2578535
9.6249 6.5177 1.8914 1504014380.4175406
9.567 6.7076 1.8782 1504014382.4624746
9.4985 6.9398 1.8665 1504014384.9163299
9.4268 7.1739 1.8567 1504014387.3798897
9.379 7.3488 1.8518 1504014389.2385974
9.2953 7.629 1.8512 1504014392.1197062
9.2503 7.785 1.8542 1504014393.7431204
9.191 7.982 1.8573 1504014395.777203
9.1271 8.2051 1.8672 1504014398.1777616
9.064 8.4191 1.8804 1504014400.4601436
8.9984 8.6232 1.8985 1504014402.4955752
8.9137 8.8614 1.9228 1504014405.0780714
8.8404 9.0463 1.9447 1504014407.0575905
8.7558 9.2454 1.9759 1504014409.3975735
8.6603 9.4505 2.0193 1504014411.79675
8.5555 9.6444 2.069 1504014414.13988
8.4382 9.8418 2.1243 1504014416.5958357
8.3211 10.0169 2.1803 1504014418.9419978
8.1956 10.187 2.236 1504014421.2774863
8.053 10.3571 2.2956 1504014423.7403498
7.8786 10.5403 2.3597 1504014426.494907
7.7352 10.6749 2.4057 1504014428.5976443
7.5583 10.8267 2.4564 1504014431.1158223
7.3848 10.9678 2.5019 1504014433.4581134
7.1884 11.102 2.5487 1504014435.916164
6.993 11.2252 2.589 1504014438.3187242
6.7948 11.3415 2.6258 1504014440.7156672
6.628 11.4333 2.6582 1504014442.7560115
6.3705 11.5518 2.7087 1504014445.6953397
6.1876 11.6341 2.742 1504014447.7981033
5.9737 11.7207 2.7856 1504014450.2555156
5.7664 11.7928 2.8345 1504014452.597208
5.5246 11.8601 2.892 1504014455.2357054
5.3109 11.9085 2.9396 1504014457.5818095
5.0886 11.9483 2.9876 1504014459.9789839
4.8562 11.9782 3.0379 1504014462.4983974
4.6294 11.9998 3.0823 1504014464.8950038
4.4409 12.0106 3.1159 1504014466.8769493
4.1616 12.0153 3.151195307179586 1504014469.7544565
4.3901 12.0174 3.1396 1504014556.8752675
4.5824 12.0137 3.1048 1504014558.9125576
4.8411 11.9888 3.0497 1504014561.675395
5.0727 11.9606 2.9984 1504014564.1953506
5.2857 11.9271 2.9531 1504014566.5368252
5.4958 11.8792 2.9014 1504014568.874265
5.7241 11.8178 2.8442 1504014571.3935497
5.8809 11.7666 2.8089 1504014573.1340456
6.1519 11.6642 2.7539 1504014576.194315
6.3643 11.5687 2.7102 1504014578.6555843
6.5716 11.4709 2.672 1504014581.054397
6.763 11.375 2.6363 1504014583.2736068
6.9669 11.2555 2.595 1504014585.737615
7.1711 11.1256 2.555 1504014588.2566686
7.363 10.9954 2.5183 1504014590.654144
7.5396 10.8625 2.4794 1504014592.938075
7.7173 10.7146 2.4333 1504014595.337256
7.8826 10.5692 2.3892 1504014597.6735249
8.0495 10.4046 2.3374 1504014600.1931777
8.2018 10.2366 2.2837 1504014602.6553593
8.3268 10.0857 2.2355 1504014604.8157349
8.473 9.8892 2.1743 1504014607.4545379
8.569 9.7473 2.1325 1504014609.3160644
8.724 9.4901 2.0632 1504014612.434554
8.8265 9.2875 2.0176 1504014614.8916502
8.9325 9.0583 1.978 1504014617.534243
9.0076 8.883 1.9529 1504014619.5115662
9.0939 8.6589 1.9236 1504014621.9780273
9.154 8.4895 1.9051 1504014623.7151856
9.2483 8.1918 1.882 1504014626.896459
9.3039 8.0126 1.8732 1504014628.813422
9.3693 7.797 1.8615 1504014631.095694
9.4294 7.6024 1.8496 1504014633.1352599
9.4982 7.3529 1.8393 1504014635.7718282
9.558 7.1408 1.8463 1504014637.8747578
9.6112 6.9533 1.8553 1504014639.8540406
9.6817 6.7097 1.8688 1504014642.433694
9.7454 6.498 1.8829 1504014644.653163
9.8155 6.2745 1.9013 1504014646.991387
9.8779 6.0968 1.9192 1504014648.857306
9.9512 5.9126 1.9397 1504014650.835287
10.0414 5.6927 1.9635 1504014653.2917297
10.1331 5.4838 1.9868 1504014655.6357603
10.2362 5.2619 2.0223 1504014658.151721
10.3419 5.0471 2.0747 1504014660.6732116
10.448 4.8573 2.1274 1504014663.0148053
10.5664 4.6724 2.1815 1504014665.4161496
10.6912 4.4988 2.237 1504014667.7509413
10.8177 4.3446 2.2961 1504014670.0358353
10.972 4.1827 2.3754 1504014672.6139262
11.1099 4.057 2.4469 1504014674.8358684
11.2767 3.9258 2.5255 1504014677.3514023
11.4737 3.7971 2.6134 1504014680.1719751
11.6618 3.6953 2.6987 1504014682.7537975
11.8712 3.6052 2.7868 1504014685.5126462
12.0621 3.5389 2.8562 1504014687.8532343
12.2736 3.4837 2.9282 1504014690.3751934
12.477 3.4421 2.989 1504014692.7119088
12.6993 3.4121 3.0462 1504014695.112873
12.9165 3.3952 3.0939 1504014697.4514167
13.1792 3.3861 3.1373 1504014700.152873
13.3837 3.3835 3.1617953071795863 1504014702.1920218
13.5665 3.3888 3.181495307179586 1504014704.053893
13.8152 3.4012 3.199395307179586 1504014706.573439
14.0745 3.4165 3.203595307179586 1504014709.210536
14.2741 3.4294 3.2015953071795864 1504014711.1923568
14.4805 3.4407 3.196795307179586 1504014713.2326908
14.7091 3.4524 3.1846953071795863 1504014715.390629
14.8943 3.4596 3.1775953071795864 1504014717.4314604
15.1642 3.4643 3.156395307179586 1504014720.132985
15.3456 3.4668 3.1398 1504014721.9907975
15.6626 3.4654 3.1137 1504014725.1726236
15.86 3.4609 3.0948 1504014727.2124028
16.0978 3.448 3.0668 1504014729.6701398
16.2844 3.4308 3.0459 1504014731.5297518
16.4841 3.4124 3.0299 1504014733.5123787
16.735 3.3795 3.0134 1504014736.0897033
16.9259 3.3479 3.0036 1504014738.0101202
17.1604 3.3117 2.9927 1504014740.413423
17.4303 3.273 2.9869 1504014743.0519547


# Displacement and sum
0 -0.0003406083045582875 -0.0003406083045582875
1 0.00028631815958934936 -5.4290144968938137e-05
2 -0.00015830731236965434 -0.00021259745733859248
3 0.020765270698199334 0.02055267324086074
4 0.00010874738613653179 0.020661420626997273
5 2.1348029461965012e-05 0.02068276865645924
6 -9.019354378736466e-05 0.020592575112671874
7 1.4370705135657857e-05 0.02060694581780753
8 0.015374000364132279 0.03598094618193981
9 -0.00040005793218389485 0.035580888249755915
10 -0.0004063838955108423 0.03517450435424507
11 -1.402968701658125e-05 0.03516047466722849
12 0.0017245233158984519 0.036884997983126944
13 -0.00017478554702243798 0.036710212436104506
14 0.0003829162193174085 0.037093128655421914
15 -0.0003760039849027841 0.03671712467051913
16 -0.00017044637114382866 0.0365466782993753
17 0.0027969400113181386 0.03934361831069344
18 -0.00018619754208026862 0.03915742076861317
19 -0.00033816957068300013 0.03881925119793017
20 -0.0003769442066330342 0.03844230699129714
21 0.014632261941911029 0.053074568933208166
22 0.0003950874445974861 0.05346965637780565
23 -0.00024004347990169705 0.053229612897903955
24 0.0009292927439257248 0.05415890564182968
25 -0.00025065604129181907 0.05390824960053786
26 0.04106323508522669 0.09497148468576455
27 -7.686340710977291e-05 0.09489462127865478
28 -0.00011474907883179952 0.09477987219982298
29 0.0001929683534034332 0.09497284055322641
30 -0.00010240466893085554 0.09487043588429556
31 -0.02459886123161903 0.07027157465267653
32 0.00014875341922460095 0.07042032807190113
33 0.00016451711242781997 0.07058484518432895
34 -0.00013890650830861162 0.07044593867602034
35 0.015264021217912482 0.08570995989393282
36 -0.0003635657262872627 0.08534639416764556
37 3.64542670165946e-05 0.08538284843466215
38 5.903102748616718e-06 0.08538875153741077
39 -0.018954133760588743 0.06643461777682202
40 -9.646072765900904e-05 0.06633815704916302
41 -9.082514154412635e-05 0.06624733190761889
42 0.00014559633359056967 0.06639292824120946
43 8.561393197048517e-06 0.06640148963440651
44 0.03411257342830121 0.10051406306270771
45 8.178196414676542e-05 0.10059584502685448
46 7.696888548536229e-05 0.10067281391233984
47 -0.00015780056779246543 0.10051501334454738
48 0.00044267167189282475 0.1009576850164402
49 0.04373831256189287 0.14469599757833307
50 0.00019112762790518545 0.14488712520623825
51 -8.11245300491592e-05 0.1448060006761891
52 -0.00019015723776694138 0.14461584343842215
53 0.0010517467111121892 0.14566759014953434
54 0.00012866817162615618 0.1457962583211605
55 0.0006127901641377331 0.14640904848529823
56 -0.0006194751882566685 0.14578957329704156
57 0.0007716946571338923 0.14656126795417546
58 -0.04658921985908471 0.09997204809509075
59 0.001092663345421574 0.10106471144051232
60 -0.0006550375664424735 0.10040967387406985
61 -0.0003805764573567849 0.10002909741671306
62 -0.00016657482772597376 0.09986252258898709
63 3.6166166017537194e-07 0.09986288425064727
64 -0.0005091976249063102 0.09935368662574096
65 0.00010511625531384183 0.0994588028810548
66 -1.6174985052241908e-05 0.09944262789600256
67 0.013493418738495855 0.11293604663449841
68 -0.0005708003713675858 0.11236524626313082
69 -8.503714325991396e-05 0.11228020911987091
70 0.00043789915116931866 0.11271810827104023
71 0.00011649933531465706 0.11283460760635489
72 0.004712250677183061 0.11754685828353795
73 -0.00026438458697919387 0.11728247369655875
74 -1.650325435420541e-05 0.11726597044220455
75 0.00039979669648815275 0.1176657671386927
76 -0.003663365387325257 0.11400240175136744
77 -4.920747898040645e-08 0.11400235254388846
78 5.455119708708267e-05 0.11405690374097555
79 9.447503878812213e-05 0.11415137877976367
80 -0.007781077687340154 0.10637030109242351
81 -0.00036559692936011245 0.1060047041630634
82 -0.0005805188349565782 0.10542418532810682
83 0.004572106483324845 0.10999629181143167
84 -0.0005114889995687655 0.1094848028118629
85 0.0010574754840333433 0.11054227829589625
86 -0.0006041448854081644 0.10993813341048808
87 0.00021610157490492554 0.11015423498539301
88 0.02332805173678265 0.13348228672217566
89 -0.00042513734743998555 0.13305714937473567
90 -0.0005713179169206661 0.132485831457815
91 0.0006945037613785843 0.1331803352191936
92 -0.020324841424391504 0.11285549379480209
93 6.356046654198977e-05 0.11291905426134408
94 -0.0003764889894761758 0.1125425652718679
95 0.0003167173585092442 0.11285928263037714
96 -0.00028728464283078736 0.11257199798754636
97 0.023754185719077725 0.13632618370662408
98 -0.00020833301997313924 0.13611785068665094
99 -0.0002695342132312817 0.13584831647341966
100 0.00025438918177433933 0.136102705655194
101 -0.010952151755913686 0.12515055389928031
102 0.0004541687638131009 0.12560472266309342
103 0.0005077845522065694 0.12611250721529998
104 -7.219953776171906e-05 0.12604030767753827
105 0.015245999979500713 0.14128630765703898
106 -0.0005288643951761873 0.1407574432618628
107 0.0002559159922643772 0.14101335925412717
108 -0.00023311381929902453 0.14078024543482814
109 0.00022704688475028156 0.14100729231957843
110 0.013104206831036525 0.15411149915061495
111 3.432877104780907e-05 0.15414582792166276
112 -2.740828764347114e-05 0.1541184196340193
113 -0.0004119054175599768 0.1537065142164593
114 -0.00043800038684960185 0.1532685138296097
115 0.08411390001739738 0.2373824138470071
116 -3.27463286573515e-05 0.23734966751834974
117 2.4292341727072397e-06 0.23735209675252245
118 -6.368764107467229e-05 0.23728840911144777
119 0.018757669567449398 0.25604607867889717
120 -0.0002294763790617882 0.2558166022998354
121 0.0002042688953376448 0.256020871195173
122 4.708438157408068e-05 0.2560679555767471
123 -5.602902590262637e-05 0.2560119265508445
124 -0.03614054961958724 0.21987137693125725
125 -0.0005281750697281318 0.2193432018615291
126 0.00016887511478946848 0.21951207697631858
127 -1.4796028315888776e-05 0.2194972809480027
128 0.017229744375001577 0.23672702532300427
129 0.0013110556528057593 0.23803808097581003
130 0.000189215801003062 0.2382272967768131
131 -0.0026346564094454905 0.2355926403673676
132 0.002326343125668817 0.23791898349303642
133 -0.05717077945886073 0.18074820403417569
134 0.00026215707378662856 0.18101036110796231
135 -0.00014330778423277124 0.18086705332372954
136 0.0005165071897010876 0.18138356051343063
137 0.0002512683958046935 0.18163482890923532
138 0.0037503718891302995 0.18538520079836562
139 -0.0003558418254767659 0.18502935897288886
140 0.0004136114271178215 0.18544297040000668
141 -0.00036536309383849996 0.18507760730616818
142 -0.010853508961610636 0.17422409834455754
143 -0.0004003911191912124 0.17382370722536633
144 0.00013095439330479408 0.17395466161867112
145 2.9935520354573697e-05 0.1739845971390257
146 -4.8168288943273296e-05 0.17393642885008243
147 0.002389374942712852 0.17632580379279528
148 0.00017310687700522465 0.1764989106698005
149 -0.00015474777990132083 0.17634416288989918
150 0.0005543273196821907 0.17689849020958137
151 -0.005693642918619624 0.17120484729096175
152 -0.016692217296369716 0.15451262999459203
153 -0.00017356703147797248 0.15433906296311406
154 0.0002200053351866238 0.15455906829830068
155 -0.00019706814891584656 0.15436200014938484
156 0.023792646554758434 0.17815464670414327
157 0.00020776137218092572 0.1783624080763242
158 4.912091835285182e-05 0.17841152899467705
159 -4.9048624519709705e-05 0.17836248037015734
160 0 0.17836248037015734


# Displacement abs and sum
0 0.0003406083045582875 0.0003406083045582875
1 0.00028631815958934936 0.0006269264641476369
2 0.00015830731236965434 0.0007852337765172912
3 0.020765270698199334 0.021550504474716625
4 0.00010874738613653179 0.021659251860853157
5 2.1348029461965012e-05 0.021680599890315122
6 9.019354378736466e-05 0.021770793434102487
7 1.4370705135657857e-05 0.021785164139238145
8 0.015374000364132279 0.03715916450337042
9 0.00040005793218389485 0.03755922243555432
10 0.0004063838955108423 0.03796560633106516
11 1.402968701658125e-05 0.03797963601808174
12 0.0017245233158984519 0.039704159333980193
13 0.00017478554702243798 0.03987894488100263
14 0.0003829162193174085 0.04026186110032004
15 0.0003760039849027841 0.040637865085222824
16 0.00017044637114382866 0.04080831145636665
17 0.0027969400113181386 0.04360525146768479
18 0.00018619754208026862 0.04379144900976506
19 0.00033816957068300013 0.04412961858044806
20 0.0003769442066330342 0.044506562787081094
21 0.014632261941911029 0.05913882472899212
22 0.0003950874445974861 0.05953391217358961
23 0.00024004347990169705 0.059773955653491306
24 0.0009292927439257248 0.06070324839741703
25 0.00025065604129181907 0.06095390443870885
26 0.04106323508522669 0.10201713952393554
27 7.686340710977291e-05 0.10209400293104531
28 0.00011474907883179952 0.10220875200987711
29 0.0001929683534034332 0.10240172036328055
30 0.00010240466893085554 0.1025041250322114
31 0.02459886123161903 0.12710298626383043
32 0.00014875341922460095 0.12725173968305503
33 0.00016451711242781997 0.12741625679548285
34 0.00013890650830861162 0.12755516330379146
35 0.015264021217912482 0.14281918452170395
36 0.0003635657262872627 0.1431827502479912
37 3.64542670165946e-05 0.1432192045150078
38 5.903102748616718e-06 0.14322510761775642
39 0.018954133760588743 0.16217924137834516
40 9.646072765900904e-05 0.16227570210600417
41 9.082514154412635e-05 0.1623665272475483
42 0.00014559633359056967 0.16251212358113887
43 8.561393197048517e-06 0.16252068497433592
44 0.03411257342830121 0.19663325840263712
45 8.178196414676542e-05 0.1967150403667839
46 7.696888548536229e-05 0.19679200925226925
47 0.00015780056779246543 0.19694980982006172
48 0.00044267167189282475 0.19739248149195454
49 0.04373831256189287 0.2411307940538474
50 0.00019112762790518545 0.2413219216817526
51 8.11245300491592e-05 0.24140304621180175
52 0.00019015723776694138 0.2415932034495687
53 0.0010517467111121892 0.24264495016068088
54 0.00012866817162615618 0.24277361833230704
55 0.0006127901641377331 0.24338640849644477
56 0.0006194751882566685 0.24400588368470144
57 0.0007716946571338923 0.24477757834183533
58 0.04658921985908471 0.29136679820092004
59 0.001092663345421574 0.2924594615463416
60 0.0006550375664424735 0.2931144991127841
61 0.0003805764573567849 0.2934950755701409
62 0.00016657482772597376 0.29366165039786685
63 3.6166166017537194e-07 0.293662012059527
64 0.0005091976249063102 0.29417120968443333
65 0.00010511625531384183 0.2942763259397472
66 1.6174985052241908e-05 0.2942925009247994
67 0.013493418738495855 0.30778591966329527
68 0.0005708003713675858 0.30835672003466286
69 8.503714325991396e-05 0.30844175717792277
70 0.00043789915116931866 0.3088796563290921
71 0.00011649933531465706 0.30899615566440675
72 0.004712250677183061 0.3137084063415898
73 0.00026438458697919387 0.313972790928569
74 1.650325435420541e-05 0.3139892941829232
75 0.00039979669648815275 0.31438909087941136
76 0.003663365387325257 0.3180524562667366
77 4.920747898040645e-08 0.3180525054742156
78 5.455119708708267e-05 0.3181070566713027
79 9.447503878812213e-05 0.3182015317100908
80 0.007781077687340154 0.32598260939743096
81 0.00036559692936011245 0.32634820632679107
82 0.0005805188349565782 0.32692872516174765
83 0.004572106483324845 0.3315008316450725
84 0.0005114889995687655 0.33201232064464126
85 0.0010574754840333433 0.3330697961286746
86 0.0006041448854081644 0.33367394101408276
87 0.00021610157490492554 0.3338900425889877
88 0.02332805173678265 0.35721809432577034
89 0.00042513734743998555 0.3576432316732103
90 0.0005713179169206661 0.358214549590131
91 0.0006945037613785843 0.3589090533515096
92 0.020324841424391504 0.3792338947759011
93 6.356046654198977e-05 0.37929745524244307
94 0.0003764889894761758 0.37967394423191925
95 0.0003167173585092442 0.3799906615904285
96 0.00028728464283078736 0.3802779462332593
97 0.023754185719077725 0.404032131952337
98 0.00020833301997313924 0.40424046497231014
99 0.0002695342132312817 0.4045099991855414
100 0.00025438918177433933 0.40476438836731576
101 0.010952151755913686 0.41571654012322945
102 0.0004541687638131009 0.41617070888704255
103 0.0005077845522065694 0.4166784934392491
104 7.219953776171906e-05 0.41675069297701084
105 0.015245999979500713 0.43199669295651155
106 0.0005288643951761873 0.43252555735168774
107 0.0002559159922643772 0.4327814733439521
108 0.00023311381929902453 0.43301458716325114
109 0.00022704688475028156 0.4332416340480014
110 0.013104206831036525 0.44634584087903795
111 3.432877104780907e-05 0.44638016965008576
112 2.740828764347114e-05 0.4464075779377292
113 0.0004119054175599768 0.4468194833552892
114 0.00043800038684960185 0.4472574837421388
115 0.08411390001739738 0.5313713837595362
116 3.27463286573515e-05 0.5314041300881935
117 2.4292341727072397e-06 0.5314065593223662
118 6.368764107467229e-05 0.5314702469634409
119 0.018757669567449398 0.5502279165308903
120 0.0002294763790617882 0.5504573929099521
121 0.0002042688953376448 0.5506616618052897
122 4.708438157408068e-05 0.5507087461868638
123 5.602902590262637e-05 0.5507647752127665
124 0.03614054961958724 0.5869053248323537
125 0.0005281750697281318 0.5874334999020818
126 0.00016887511478946848 0.5876023750168713
127 1.4796028315888776e-05 0.5876171710451872
128 0.017229744375001577 0.6048469154201888
129 0.0013110556528057593 0.6061579710729945
130 0.000189215801003062 0.6063471868739976
131 0.0026346564094454905 0.6089818432834431
132 0.002326343125668817 0.6113081864091119
133 0.05717077945886073 0.6684789658679726
134 0.00026215707378662856 0.6687411229417592
135 0.00014330778423277124 0.668884430725992
136 0.0005165071897010876 0.6694009379156931
137 0.0002512683958046935 0.6696522063114978
138 0.0037503718891302995 0.6734025782006281
139 0.0003558418254767659 0.6737584200261049
140 0.0004136114271178215 0.6741720314532227
141 0.00036536309383849996 0.6745373945470612
142 0.010853508961610636 0.6853909035086718
143 0.0004003911191912124 0.685791294627863
144 0.00013095439330479408 0.6859222490211678
145 2.9935520354573697e-05 0.6859521845415224
146 4.8168288943273296e-05 0.6860003528304657
147 0.002389374942712852 0.6883897277731785
148 0.00017310687700522465 0.6885628346501838
149 0.00015474777990132083 0.6887175824300851
150 0.0005543273196821907 0.6892719097497673
151 0.005693642918619624 0.6949655526683869
152 0.016692217296369716 0.7116577699647566
153 0.00017356703147797248 0.7118313369962346
154 0.0002200053351866238 0.7120513423314212
155 0.00019706814891584656 0.712248410480337
156 0.023792646554758434 0.7360410570350955
157 0.00020776137218092572 0.7362488184072764
158 4.912091835285182e-05 0.7362979393256293
159 4.9048624519709705e-05 0.736346987950149
160 0 0.736346987950149


# Displacement mean and std deviation
0.0011078414929823438 0.01233917832728725

# Displacement mean absolute value and std deviation
0.0045735837760878814 0.01151368603051492

# Distance to GT
0.062134782933159056