# SLAM - pose_x pose_y orientation time
0 17.3732250766 2.8293443147 3.085566472040643 1504014281.61
1 17.1338231598 2.83760213968 3.0868659534445575 1504014284.02
2 16.9007879041 2.84763337554 3.0928778340564853 1504014286.37
3 16.276128847 2.87409224247 3.1248999999924783 1504014292.7
4 15.9905408118 2.88017016077 3.1364232535830725 1504014295.23
5 15.7558510371 2.87421200377 -3.138288552840858 1504014297.66
6 15.3078460056 2.86888409028 -3.134928715351326 1504014302.13
7 15.130927501 2.8715724771 -3.1368426203183573 1504014303.91
8 14.8780655129 2.86025983722 -3.131827253507013 1504014306.48
9 14.4125662616 2.85976545337 -3.1415350603773775 1504014311.25
10 14.1633755909 2.86121949293 3.1203249794721595 1504014313.73
11 13.9507652107 2.86834006909 3.099282315959314 1504014315.81
12 13.2664292672 2.95732848566 3.0035301456664336 1504014323.02
13 12.8200477706 3.04106380544 2.9073416662036196 1504014327.79
14 12.6045075514 3.22185669857 2.846247374499277 1504014330.48
15 12.4308221422 3.28366520227 2.7940689746868195 1504014332.54
16 11.9974914092 3.4794108555 2.6597995245217607 1504014337.91
17 11.6572814965 3.68605396054 2.5420961651938687 1504014342.34
18 11.5748543083 4.07033956969 2.4855596301902674 1504014344.71
19 11.2354242797 4.35926563218 2.388184915745094 1504014349.43
20 10.8967448471 4.71095445764 2.297441450254536 1504014354.5
21 10.7548760709 4.87627323627 2.262072730861561 1504014356.77
22 10.77003506 5.29234179456 2.2137023351438936 1504014359.37
23 10.6455347816 5.47145195494 2.1656096190412906 1504014361.69
24 10.5424531616 5.63840677334 2.1254471228233176 1504014363.77
25 10.4224266732 5.84479555004 2.082975309843718 1504014366.34
26 10.3172585029 6.0450622694 2.04649812934698 1504014368.69
27 10.3593125174 6.36635377598 2.0145858835840524 1504014371.11
28 10.2607549778 6.57974015658 1.9782634512219128 1504014373.55
29 10.1653597427 6.79737487573 1.945818112947467 1504014375.97
30 10.0877814357 6.99612079086 1.9221858972850407 1504014378.07
31 10.0168399237 7.20148261453 1.9040212205349432 1504014380.22
32 10.1077680562 7.48780563424 1.8852334756757567 1504014382.45
33 10.0398544038 7.71104480028 1.8731832743368892 1504014384.82
34 9.96746921586 7.94153757325 1.8649565402038388 1504014387.26
35 9.84011922077 8.37327665188 1.8578948078487079 1504014391.76
36 9.78455814839 8.55904252786 1.8609315491144458 1504014393.69
37 9.82392027087 8.82103887615 1.8656584272946817 1504014395.96
38 9.70221680349 9.22855949006 1.8864492449626393 1504014400.33
39 9.54986671287 9.66979732664 1.9286657166740977 1504014404.93
40 9.39740676404 10.0465538382 1.981838621605156 1504014409.41
41 9.29371985215 10.2649266841 2.0283046772313322 1504014411.97
42 9.07335093111 10.6460837736 2.1317634089629864 1504014416.67
43 8.95356731047 10.8219434644 2.187985052779953 1504014419.04
44 8.75282746699 10.9873603028 2.248865230999774 1504014421.45
45 8.45883569446 11.3108482042 2.362942356305445 1504014426.24
46 8.28829999894 11.4677370648 2.4170347700981987 1504014428.73
47 8.12215686559 11.6075464716 2.4644565911134726 1504014431.08
48 7.7713586037 11.6488549879 2.5116823806741535 1504014433.55
49 7.58638319822 11.7731825696 2.5556937073797137 1504014435.87
50 7.3855685183 11.8976698735 2.596918415605573 1504014438.33
51 7.18673326129 12.0123277344 2.6336202496825463 1504014440.72
52 6.98627164196 12.1186219632 2.672931729134287 1504014443.13
53 6.57380729374 12.0648754615 2.719792220706567 1504014445.55
54 6.36116000097 12.1565354308 2.7579407351272662 1504014447.98
55 6.13606607108 12.2432123603 2.8052185788885415 1504014450.55
56 5.93348690197 12.3088835493 2.853489312536009 1504014452.82
57 5.73189612828 12.3619998063 2.9004731138016036 1504014455.0
58 5.4901536908 12.3452834161 2.946357958345864 1504014457.61
59 5.28883242295 12.3801378115 2.9900240657670696 1504014459.77
60 5.07088868323 12.4083406166 3.0372830499018737 1504014462.11
61 4.84217754805 12.426237323 3.0841127471640846 1504014464.59
62 4.58195246325 12.4412339084 3.1289689020648686 1504014467.28
63 4.3290750621 12.2844494164 -3.124638575291963 1504014469.65
64 4.52594258458 12.2034641067 -3.1357370874756536 1504014556.83
65 5.20942091804 12.1563496914 3.009659100887643 1504014564.14
66 5.42302834999 12.1261258424 2.9652791820592523 1504014566.48
67 5.63545392067 12.1489524775 2.912067194563666 1504014568.81
68 5.86754611678 12.0887653237 2.853512412108285 1504014571.38
69 6.08466602935 12.0197436826 2.8061536525790522 1504014573.77
70 6.31866534308 11.9299019092 2.7578477272470123 1504014576.44
71 6.54044044521 11.8313843428 2.7136636721994325 1504014578.99
72 6.77211908024 11.8913529442 2.6799836454609993 1504014581.17
73 6.96279211174 11.7974958033 2.644644479134836 1504014583.37
74 7.16311341227 11.6825323965 2.6041788777641344 1504014585.77
75 7.36668436284 11.555810094 2.5644654718320194 1504014588.27
76 7.5635725372 11.4250213683 2.526845632651581 1504014590.71
77 7.81131628585 11.4113601341 2.4858749467834538 1504014593.08
78 7.99316535095 11.2635804111 2.4392086076966537 1504014595.54
79 8.15140401961 11.1241434756 2.3962973573411435 1504014597.78
80 8.32360097462 10.9576652117 2.3437991357694625 1504014600.35
81 8.46712478331 10.8013700092 2.293181418310224 1504014602.65
82 8.70951264244 10.7032397022 2.232121136685097 1504014605.34
83 8.83689821627 10.5322779972 2.1794650403610887 1504014607.63
84 8.95829763117 10.3524776807 2.1259561853100815 1504014609.96
85 9.1699708055 9.97975113323 2.0331530390017933 1504014614.52
86 9.28609167689 9.73597835233 1.9893466534995778 1504014617.34
87 9.52640513996 9.64627809563 1.9595342545844014 1504014619.62
88 9.61166849108 9.42941997632 1.9310899609060534 1504014622.01
89 9.75391349095 9.01142355127 1.8927102850610305 1504014626.42
90 10.0162791461 8.61344056246 1.8666249952071985 1504014631.2
91 10.079086647 8.41299028523 1.8550167420399974 1504014633.3
92 10.1384309282 8.20773547306 1.8476331680211922 1504014635.44
93 10.1987360609 7.99176368096 1.8511132278562181 1504014637.63
94 10.2653511169 7.76078302035 1.8622457430854484 1504014640.07
95 10.3327913542 7.53385623471 1.8747236057146979 1504014642.47
96 10.4194946323 7.31167780335 1.8882037121477317 1504014644.89
97 10.5466878864 6.93319027647 1.923284951081588 1504014648.85
98 10.6229819896 6.7440769496 1.9441936248823601 1504014650.88
99 10.8094793692 6.31139876962 1.992065438518716 1504014655.74
100 10.8168865866 6.06621872281 2.0254972070063517 1504014658.15
101 11.1438376316 5.48451051584 2.1820117102247334 1504014665.32
102 11.2701863065 5.31028523448 2.237764894353603 1504014667.67
103 11.2687636589 5.09715925159 2.300747665993459 1504014670.13
104 11.4113957778 4.94819692733 2.3736796211830358 1504014672.52
105 11.5406043072 4.82919316406 2.4420386260047735 1504014674.63
106 11.8975438641 4.30964057727 2.6991170866728376 1504014682.7
107 12.3056260104 4.15111834922 2.8593886025338486 1504014687.89
108 12.7142624353 4.05694473981 2.9904562092549574 1504014692.67
109 12.9649854094 3.70753651286 3.096052474781261 1504014697.47
110 13.6506138783 3.70423175821 -3.0963494184504907 1504014704.41
111 14.0682468714 3.46751794784 -3.0772343381547436 1504014709.18
112 14.4742345242 3.49268585516 -3.084129151618444 1504014713.21
113 15.1443308166 3.51798697289 -3.1229864464474923 1504014719.98
114 15.3831346111 3.4502294409 3.137691034048183 1504014722.41
115 16.3090880627 3.41246617034 3.0447193835833577 1504014731.82
116 16.5003294669 3.4376546269 3.029777915603076 1504014733.72
117 16.6901150882 3.41484792287 3.0165903914185512 1504014735.78
118 17.378870707 3.31023203988 2.9882895392130275 1504014742.8


# GT - pose_x pose_y orientation time
0 17.3742 2.8293 3.0855 1504014281.6000466
1 17.1359 2.8375 3.0869 1504014283.998782
2 16.9039 2.8475 3.0927 1504014286.3405988
3 16.2759 2.8741 3.1249 1504014292.7028632
4 16.0155 2.8816 3.1378 1504014295.2185175
5 15.7768 2.8751 -3.13719 1504014297.6802883
6 15.3325 2.8693 -3.13379 1504014302.1181986
7 15.1529 2.8719 -3.13559 1504014303.9190698
8 14.8929 2.8702 -3.13359 1504014306.4979615
9 14.4306 2.8704 3.1402 1504014311.2376127
10 14.1831 2.8722 3.1189 1504014313.7011518
11 13.9685 2.8797 3.0978 1504014315.799842
12 13.278 2.9386 2.9986 1504014322.9987228
13 12.8296 3.0251 2.9018 1504014327.7992399
14 12.5934 3.0915 2.8377 1504014330.497219
15 12.421 3.1545 2.7858 1504014332.5421062
16 11.9918 3.3529 2.652 1504014337.8812735
17 11.6528 3.5618 2.5347 1504014342.3190575
18 11.4817 3.6896 2.4782 1504014344.7173097
19 11.1429 3.9825 2.3806 1504014349.457468
20 10.8091 4.3342 2.2904 1504014354.4968362
21 10.6677 4.5013 2.2549 1504014356.7826488
22 10.5189 4.6929 2.209 1504014359.356914
23 10.3939 4.8747 2.1603 1504014361.6993303
24 10.291 5.0434 2.1202 1504014363.7981005
25 10.1746 5.246 2.0786 1504014366.3195155
26 10.0681 5.4508 2.041 1504014368.7164764
27 9.9632 5.6613 2.0032 1504014371.1191676
28 9.8663 5.8775 1.9667 1504014373.5788455
29 9.774 6.0948 1.9345 1504014375.9834206
30 9.6989 6.2939 1.9109 1504014378.0789113
31 9.6299 6.5011 1.8927 1504014380.2363415
32 9.567 6.7076 1.8782 1504014382.4624746
33 9.5017 6.9277 1.8662 1504014384.7964044
34 9.4301 7.1616 1.8579 1504014387.2629673
35 9.3057 7.5945 1.8508 1504014391.7586234
36 9.2503 7.785 1.8542 1504014393.7431204
37 9.1864 7.9988 1.8588 1504014395.9562001
38 9.0671 8.4084 1.8797 1504014400.337846
39 8.9176 8.8514 1.9222 1504014404.95989
40 8.7558 9.2454 1.9759 1504014409.3975735
41 8.6527 9.4658 2.0227 1504014411.9791234
42 8.4353 9.8468 2.1258 1504014416.6559463
43 8.3152 10.0254 2.1826 1504014419.0585914
44 8.1856 10.1995 2.2403 1504014421.4562173
45 7.8942 10.5257 2.3545 1504014426.2558916
46 7.7265 10.6827 2.4081 1504014428.7183409
47 7.5628 10.823 2.4552 1504014431.055563
48 7.3791 10.9719 2.5028 1504014433.5184186
49 7.1934 11.0987 2.5477 1504014435.856212
50 6.993 11.2252 2.589 1504014438.3187242
51 6.7948 11.3415 2.6258 1504014440.7156672
52 6.5956 11.4492 2.6649 1504014443.1184242
53 6.3809 11.5471 2.7066 1504014445.5781398
54 6.1714 11.6408 2.7444 1504014447.9831982
55 5.947 11.7307 2.7918 1504014450.556242
56 5.7442 11.7994 2.8403 1504014452.838769
57 5.5459 11.8545 2.8867 1504014454.9950728
58 5.3061 11.9097 2.9404 1504014457.638929
59 5.1054 11.9455 2.984 1504014459.7961636
60 4.8868 11.9751 3.0313 1504014462.1405516
61 4.6607 11.9942 3.0778 1504014464.595718
62 4.3991 12.0109 3.123 1504014467.2976315
63 4.1712 12.0166 -3.13289 1504014469.6332774
64 4.3821 12.0148 3.1358 1504014556.8152738
65 5.067 11.9612 2.9991 1504014564.1384258
66 5.2805 11.9287 2.9547 1504014566.4751961
67 5.4909 11.8805 2.9032 1504014568.8135092
68 5.7241 11.8178 2.8442 1504014571.3935497
69 5.9413 11.7465 2.797 1504014573.7938542
70 6.1714 11.6557 2.7491 1504014576.4329023
71 6.3957 11.5538 2.7043 1504014579.0196252
72 6.5819 11.4658 2.6701 1504014581.1757104
73 6.7733 11.3691 2.6344 1504014583.3956869
74 6.9721 11.2523 2.594 1504014585.794615
75 7.1711 11.1256 2.555 1504014588.2566686
76 7.3682 10.992 2.517 1504014590.7145557
77 7.5492 10.8547 2.4771 1504014593.0549064
78 7.7302 10.7051 2.4302 1504014595.5126903
79 7.8897 10.5618 2.3866 1504014597.794244
80 8.0606 10.3934 2.3341 1504014600.3751407
81 8.2018 10.2366 2.2837 1504014602.6553593
82 8.3573 10.0466 2.2228 1504014605.3529243
83 8.4827 9.8749 2.1704 1504014607.6358762
84 8.6031 9.693 2.1166 1504014609.975462
85 8.8113 9.3183 2.024 1504014614.5352607
86 8.9252 9.0735 1.9803 1504014617.3552117
87 9.0118 8.8723 1.9515 1504014619.6319425
88 9.0956 8.6539 1.9229 1504014622.0347118
89 9.2336 8.2376 1.8849 1504014626.4130046
90 9.3731 7.7858 1.8605 1504014631.2143028
91 9.4346 7.5852 1.849 1504014633.3162308
92 9.4918 7.3829 1.8418 1504014635.4153755
93 9.5515 7.164 1.8453 1504014637.6333406
94 9.617 6.9318 1.8565 1504014640.0919755
95 9.6835 6.7028 1.8689 1504014642.4938025
96 9.752 6.4764 1.8841 1504014644.8923593
97 9.8779 6.0968 1.9192 1504014648.857306
98 9.9537 5.9067 1.9402 1504014650.8948498
99 10.1384 5.4735 1.988 1504014655.7544947
100 10.2362 5.2619 2.0223 1504014658.151721
101 10.5599 4.6809 2.1785 1504014665.2951174
102 10.6884 4.5026 2.2351 1504014667.6912203
103 10.8257 4.3359 2.3001 1504014670.1536222
104 10.9653 4.1898 2.3713 1504014672.4910784
105 11.0975 4.0676 2.4417 1504014674.6554427
106 11.657 3.6974 2.6967 1504014682.6965942
107 12.0662 3.5373 2.8574 1504014687.9123785
108 12.4714 3.443 2.9876 1504014692.6521652
109 12.9165 3.3952 3.0939 1504014697.4514167
110 13.6042 3.3905 -3.09829 1504014704.410554
111 14.0745 3.4165 -3.07959 1504014709.210536
112 14.4805 3.4407 -3.08639 1504014713.2326908
113 15.1443 3.4643 -3.12499 1504014719.9511385
114 15.3881 3.4668 3.1362 1504014722.4123216
115 16.315 3.4275 3.0431 1504014731.832074
116 16.5085 3.4079 3.0286 1504014733.6923866
117 16.7023 3.3844 3.0152 1504014735.7908227
118 17.3914 3.2788 2.9869 1504014742.8103907


# Displacement and sum
0 -0.0003157884830110435 -0.0003157884830110435
1 0.0006656425738711322 0.0003498540908600887
2 -0.0005586821890426197 -0.000208828098182531
5 -0.004325176405645649 -0.00453400450382818
6 0.0008739708948560798 -0.0036600336089721
7 -0.00012617424783602747 -0.0037862078568081277
9 -0.0003578430076316558 -0.0041440508644397835
10 0.009473054222396651 0.005329003357956868
11 -0.8906346273727549 -0.8853056240147981
13 0.8895735009815002 0.0042678769667021665
14 0.00018012788682740533 0.004448004853529572
15 0.01083167647871508 0.015279681332244652
18 0.0019211484271426382 0.01720082975938729
20 0.009442711100471818 0.026643540859859108
21 -0.000874618805577515 0.025768922054281593
22 -0.0014748211897753216 0.02429410086450627
24 -0.0012671907012618555 0.023026910163244416
26 -0.00011477809891355384 0.022912132064330862
27 0.0007077554440038103 0.023619887508334672
29 -0.0017073471926167816 0.02191254031571789
31 0.000412430190588009 0.0223249705063059
32 -0.0077609770380832055 0.014563993468222694
33 0.0019078386307063433 0.016471832098929037
34 -0.00019633765926163615 0.0162754944396674
35 -0.00273888125201327 0.013536613187654131
36 0.003527441502754483 0.017064054690408614
37 0.018496925457328603 0.03556098014773722
38 0.0005578451866181111 0.03611882533435533
39 -0.0007707529206441438 0.035348072413711185
40 -0.00010120848840858288 0.0352468639253026
41 0.00011097126239432292 0.035357835187696925
42 -0.013470347750087652 0.021887487437609272
43 -0.000157712157386386 0.021729775280222886
44 0.0002301715093676153 0.0219599467895905
45 0.00012022135199106845 0.02208016814158157
47 -0.001141210970910229 0.02093895717067134
48 0.00039859955893005276 0.021337556729601394
49 -0.000343006412245786 0.020994550317355608
51 -0.0008907303883672057 0.020103819928988402
53 -0.0016559179963308857 0.018447901932657516
55 -0.0010491171915122666 0.01739878474114525
56 0.0011269889727744675 0.018525773713919717
58 -0.0018169595357755142 0.016708814178144203
59 0.009990824532494808 0.02669963871063901
60 -0.00038602223701517113 0.02631361647362384
62 0.0015469635538401527 0.027860580027463992
63 0.0010110305373556283 0.02887161056481962
64 -0.001175616767061738 0.027695993797757883
65 -0.002791849493252674 0.02490414430450521
66 -0.00023653608451607022 0.02466760821998914
67 -0.00030839734261386975 0.02435921087737527
68 0.0006643822919738251 0.025023593169349094
69 0.01621216241238635 0.041235755581735443
70 0.0010948903437385943 0.04233064592547404
71 -0.0003837651421665922 0.041946880783307446
72 -0.0007202614888328351 0.04122661929447461
73 0.0018340657671496452 0.043060685061624256
74 -0.02455203496641417 0.018508650095210084
75 0.0002076825888072953 0.01871633268401738
76 -0.0001288551407797045 0.018587477543237675
77 0.0010357744968703675 0.019623252040108043
78 -0.001080221237671014 0.01854303080243703
79 0.0071707563674316965 0.025713787169868725
80 -0.8789815344351017 -0.853267747265233
81 0.8862313129678152 0.03296356570258219
84 6.308686120268248e-05 0.03302665256378487
85 -0.005378367339171908 0.027648285224612962
86 0.0013986921674250807 0.029046977392038043
87 -0.0004987577707263047 0.028548219621311738
88 -0.00127525204104173 0.027272967580270008
89 0.001935048137538753 0.02920801571780876
90 0.0016335441786007737 0.030841559896409534
91 0.0011335924188934088 0.03197515231530294
92 -0.0002060927842610638 0.03176905953104188
93 -0.0022412308353605415 0.029527828695681338
94 0.0011943104379184555 0.030722139133599793
95 -0.003363658857611862 0.02735848027598793
96 0.0007340674083398113 0.028092547684327743
97 0.0021637708232918607 0.030256318507619603
98 5.587097342774072e-06 0.030261905604962377
99 -0.0006839795705028962 0.02957792603445948
100 -0.0005035395760042138 0.029074386458455267
101 -0.0008045503301153112 0.028269836128339956
102 0.0009146588328850236 0.02918449496122498
103 -0.0006382029497218333 0.028546292011503147
105 -0.0003342199122084444 0.028212072099294702
106 -0.0031805449944206365 0.025031527104874066
107 0.000489165836219288 0.025520692941093354
108 -0.00119278684546964 0.024327906095623714
110 -0.00529449422396798 0.019033411871655734
112 -0.0003400873548064162 0.018693324516849318
113 -0.0005767147888690663 0.01811660972798025
114 -6.264387579325847e-05 0.018053965852186993
115 -0.00021200966007955957 0.017841956192107433
116 0.00024461266403932175 0.018086568856146755
117 -0.005403204994937433 0.012683363861209322
118 -5.893962757066995e-05 0.012624424233638652
120 -0.00028690971657399644 0.012337514517064656
121 0.0002256091924028869 0.012563123709467543
123 -0.002727629740858717 0.009835493968608826
124 0.0009880410003978435 0.01082353496900667
127 -0.0026603505196862998 0.00816318444932037
128 -0.006337309796841578 0.0018258746524787914
129 0.005441097699920877 0.0072669723523996685
130 -0.006411975458040287 0.0008549968943593819
131 0.006529676765565706 0.007384673659925088
134 -0.0013461226232281964 0.006038551036696892
136 0.0027256669012407087 0.0087642179379376
138 -0.0022108470526419066 0.006553370885295694
140 -0.0006656822202170121 0.005887688665078682
143 0.0013040132077693362 0.007191701872848018
145 -0.00029786528102200213 0.006893836591826016
147 -0.0008083155447459744 0.006085521047080041
150 -0.0016101275096074286 0.004475393537472613
151 0.00040322195679648454 0.004878615494269097
155 -0.0013869125636476465 0.0034917029306214507
156 0.0006675124609614447 0.004159215391582895
157 -2.6772826119125792e-06 0.004156538108970983
160 0 0.004156538108970983


# Displacement abs and sum
0 0.0003157884830110435 0.0003157884830110435
1 0.0006656425738711322 0.0009814310568821757
2 0.0005586821890426197 0.0015401132459247954
5 0.004325176405645649 0.005865289651570444
6 0.0008739708948560798 0.006739260546426524
7 0.00012617424783602747 0.006865434794262552
9 0.0003578430076316558 0.0072232778018942075
10 0.009473054222396651 0.01669633202429086
11 0.8906346273727549 0.9073309593970458
13 0.8895735009815002 1.796904460378546
14 0.00018012788682740533 1.7970845882653734
15 0.01083167647871508 1.8079162647440885
18 0.0019211484271426382 1.8098374131712311
20 0.009442711100471818 1.819280124271703
21 0.000874618805577515 1.8201547430772804
22 0.0014748211897753216 1.8216295642670557
24 0.0012671907012618555 1.8228967549683175
26 0.00011477809891355384 1.823011533067231
27 0.0007077554440038103 1.8237192885112348
29 0.0017073471926167816 1.8254266357038516
31 0.000412430190588009 1.8258390658944395
32 0.0077609770380832055 1.8336000429325225
33 0.0019078386307063433 1.8355078815632289
34 0.00019633765926163615 1.8357042192224906
35 0.00273888125201327 1.8384431004745039
36 0.003527441502754483 1.8419705419772583
37 0.018496925457328603 1.860467467434587
38 0.0005578451866181111 1.861025312621205
39 0.0007707529206441438 1.8617960655418493
40 0.00010120848840858288 1.861897274030258
41 0.00011097126239432292 1.8620082452926523
42 0.013470347750087652 1.87547859304274
43 0.000157712157386386 1.8756363052001264
44 0.0002301715093676153 1.875866476709494
45 0.00012022135199106845 1.875986698061485
47 0.001141210970910229 1.8771279090323951
48 0.00039859955893005276 1.877526508591325
49 0.000343006412245786 1.877869515003571
51 0.0008907303883672057 1.878760245391938
53 0.0016559179963308857 1.880416163388269
55 0.0010491171915122666 1.8814652805797814
56 0.0011269889727744675 1.8825922695525559
58 0.0018169595357755142 1.8844092290883314
59 0.009990824532494808 1.8944000536208263
60 0.00038602223701517113 1.8947860758578414
62 0.0015469635538401527 1.8963330394116815
63 0.0010110305373556283 1.8973440699490371
64 0.001175616767061738 1.898519686716099
65 0.002791849493252674 1.9013115362093516
66 0.00023653608451607022 1.9015480722938676
67 0.00030839734261386975 1.9018564696364815
68 0.0006643822919738251 1.9025208519284553
69 0.01621216241238635 1.9187330143408416
70 0.0010948903437385943 1.9198279046845803
71 0.0003837651421665922 1.9202116698267468
72 0.0007202614888328351 1.9209319313155797
73 0.0018340657671496452 1.9227659970827293
74 0.02455203496641417 1.9473180320491434
75 0.0002076825888072953 1.9475257146379508
76 0.0001288551407797045 1.9476545697787304
77 0.0010357744968703675 1.9486903442756007
78 0.001080221237671014 1.9497705655132718
79 0.0071707563674316965 1.9569413218807035
80 0.8789815344351017 2.835922856315805
81 0.8862313129678152 3.72215416928362
84 6.308686120268248e-05 3.722217256144823
85 0.005378367339171908 3.7275956234839946
86 0.0013986921674250807 3.72899431565142
87 0.0004987577707263047 3.7294930734221463
88 0.00127525204104173 3.7307683254631883
89 0.001935048137538753 3.732703373600727
90 0.0016335441786007737 3.734336917779328
91 0.0011335924188934088 3.7354705101982213
92 0.0002060927842610638 3.7356766029824824
93 0.0022412308353605415 3.7379178338178427
94 0.0011943104379184555 3.739112144255761
95 0.003363658857611862 3.742475803113373
96 0.0007340674083398113 3.7432098705217127
97 0.0021637708232918607 3.7453736413450045
98 5.587097342774072e-06 3.7453792284423475
99 0.0006839795705028962 3.7460632080128504
100 0.0005035395760042138 3.7465667475888544
101 0.0008045503301153112 3.7473712979189697
102 0.0009146588328850236 3.7482859567518547
103 0.0006382029497218333 3.7489241597015766
105 0.0003342199122084444 3.749258379613785
106 0.0031805449944206365 3.7524389246082057
107 0.000489165836219288 3.752928090444425
108 0.00119278684546964 3.754120877289895
110 0.00529449422396798 3.759415371513863
112 0.0003400873548064162 3.7597554588686695
113 0.0005767147888690663 3.7603321736575386
114 6.264387579325847e-05 3.760394817533332
115 0.00021200966007955957 3.7606068271934117
116 0.00024461266403932175 3.760851439857451
117 0.005403204994937433 3.7662546448523884
118 5.893962757066995e-05 3.766313584479959
120 0.00028690971657399644 3.766600494196533
121 0.0002256091924028869 3.7668261033889356
123 0.002727629740858717 3.7695537331297944
124 0.0009880410003978435 3.770541774130192
127 0.0026603505196862998 3.7732021246498784
128 0.006337309796841578 3.77953943444672
129 0.005441097699920877 3.784980532146641
130 0.006411975458040287 3.791392507604681
131 0.006529676765565706 3.797922184370247
134 0.0013461226232281964 3.799268306993475
136 0.0027256669012407087 3.801993973894716
138 0.0022108470526419066 3.804204820947358
140 0.0006656822202170121 3.804870503167575
143 0.0013040132077693362 3.806174516375344
145 0.00029786528102200213 3.8064723816563664
147 0.0008083155447459744 3.8072806972011124
150 0.0016101275096074286 3.80889082471072
151 0.00040322195679648454 3.8092940466675165
155 0.0013869125636476465 3.8106809592311643
156 0.0006675124609614447 3.811348471692126
157 2.6772826119125792e-06 3.811351148974738
160 0 3.811351148974738


# Distance slam gt
0 0.0009759300325837929 3.811351148974738
1 0.002079350314538217 3.811351148974738
2 0.003114952636152095 3.811351148974738
5 0.0002289784458856398 3.811351148974738
6 0.025000110316288585 3.811351148974738
7 0.02096777489124887 3.811351148974738
9 0.02465750232222227 3.811351148974738
10 0.02197493989878105 3.811351148974738
11 0.017856899048069926 3.811351148974738
13 0.02093583775981439 3.811351148974738
14 0.02257484994099594 3.811351148974738
15 0.021061120145789702 3.811351148974738
18 0.022014495966200247 3.811351148974738
20 0.018603445128157495 3.811351148974738
21 0.13082907383366071 3.811351148974738
22 0.12953811776788718 3.811351148974738
24 0.1266388119733587 3.811351148974738
26 0.1243347518626847 3.811351148974738
27 0.39196982675019487 3.811351148974738
29 0.3879601576528173 3.811351148974738
31 0.38681460749924207 3.811351148974738
32 0.38497349942088166 3.811351148974738
33 0.649922521095028 3.811351148974738
34 0.647636440478446 3.811351148974738
35 0.6459580116378408 3.811351148974738
36 0.6480541417945611 3.811351148974738
37 0.6443815673960633 3.811351148974738
38 0.8087063456314791 3.811351148974738
39 0.8054414733701634 3.811351148974738
40 0.804222546446713 3.811351148974738
41 0.8027096674066766 3.811351148974738
42 0.8001614282685962 3.811351148974738
43 0.9492896935636485 3.811351148974738
44 0.9503889932312173 3.811351148974738
45 0.9471368920705655 3.811351148974738
47 0.944508854930347 3.811351148974738
48 0.9405177319205691 3.811351148974738
49 1.0404368626796014 3.811351148974738
51 1.0373210415347962 3.811351148974738
53 1.034183436559942 3.811351148974738
55 1.0264047506342073 3.811351148974738
56 1.0244559083196654 3.811351148974738
58 1.022723589945295 3.811351148974738
59 1.0207812271760561 3.811351148974738
60 0.9708093819262354 3.811351148974738
62 0.9670941888031429 3.811351148974738
63 0.9653509371823191 3.811351148974738
64 0.9635316648572982 3.811351148974738
65 0.7823904829555146 3.811351148974738
66 0.7806167630645907 3.811351148974738
67 0.7786692316544712 3.811351148974738
68 0.7769308402590613 3.811351148974738
69 0.7750807033117689 3.811351148974738
70 0.5525438014398751 3.811351148974738
71 0.5495378900044977 3.811351148974738
72 0.546273648178185 3.811351148974738
73 0.5435099063170113 3.811351148974738
74 0.5405095865289422 3.811351148974738
75 0.4728727878388079 3.811351148974738
76 0.47175998237961747 3.811351148974738
77 0.47072930136683033 3.811351148974738
78 0.46860468298049174 3.811351148974738
79 0.46757063213530875 3.811351148974738
80 0.3109145302151365 3.811351148974738
81 0.23724425028978835 3.811351148974738
84 0.2415928805839941 3.811351148974738
85 0.2434980365387411 3.811351148974738
86 0.30489763635842904 3.811351148974738
87 0.3065925554658942 3.811351148974738
88 0.30857078353660583 3.811351148974738
89 0.31124551126304667 3.811351148974738
90 0.3130540909288624 3.811351148974738
91 0.4661315338020372 3.811351148974738
92 0.46843379969504506 3.811351148974738
93 0.4707292625970491 3.811351148974738
94 0.47258223407891375 3.811351148974738
95 0.4750557164126839 3.811351148974738
96 0.6152848545218957 3.811351148974738
97 0.6172934029962425 3.811351148974738
98 0.6202573485497125 3.811351148974738
99 0.6225469795813932 3.811351148974738
100 0.6239891056182523 3.811351148974738
101 0.745137198105068 3.811351148974738
102 0.746727666295774 3.811351148974738
103 0.749050177578399 3.811351148974738
105 0.7524376043030209 3.811351148974738
106 0.7544006692430409 3.811351148974738
107 0.9294409839189872 3.811351148974738
108 0.9315352495514928 3.811351148974738
110 0.9324853979364441 3.811351148974738
112 1.0481737998094727 3.811351148974738
113 1.049094750002338 3.811351148974738
114 1.048086406229423 3.811351148974738
115 1.0507650689120747 3.811351148974738
116 1.0524124756073945 3.811351148974738
117 1.0546249228466162 3.811351148974738
118 1.069223125880895 3.811351148974738
120 1.0708995898630944 3.811351148974738
121 1.0719787951840913 3.811351148974738
123 1.073509137313968 3.811351148974738
124 0.9920310074387144 3.811351148974738
127 0.9933644944164491 3.811351148974738
128 0.9954048143483757 3.811351148974738
129 0.8808070469570636 3.811351148974738
130 0.8798677982257175 3.811351148974738
131 0.8811160959840171 3.811351148974738
134 0.6577992665031343 3.811351148974738
136 0.6588609719016797 3.811351148974738
138 0.6602350384675257 3.811351148974738
140 0.31607741486893787 3.811351148974738
143 0.31714643969053985 3.811351148974738
145 0.05139973364807524 3.811351148974738
147 0.05236205996441377 3.811351148974738
150 0.053686981734443154 3.811351148974738
151 0.017298511953773663 3.811351148974738
155 0.01615447420639425 3.811351148974738
156 0.030856043704539426 3.811351148974738
157 0.03279554973881831 3.811351148974738
160 0.03383720310690221 3.811351148974738


# Displacement mean and std deviation
3.4928891672025063e-05 0.16256603040406292

# Displacement mean absolute value and std deviation
0.032028160915754104 0.15937977402956988

# Distance to GT
0.03383720310690221