# SLAM - pose_x pose_y orientation time
0 17.38 2.79226 3.12046 1504014281.5950956
1 17.134 2.73471 3.08643 1504014284.0056224
2 16.9039 2.67832 3.08527 1504014286.4171867
3 16.6614 2.66928 3.09785 1504014288.827568
4 16.4567 2.65602 3.10439 1504014290.8361554
5 16.2572 2.64957 3.10852 1504014292.8470106
6 16.0123 2.65132 3.10502 1504014295.2595475
7 15.7755 2.63303 3.12901 1504014297.6699386
8 15.5709 2.61209 3.11796 1504014299.6782773
9 15.3114 2.56339 3.08997 1504014302.0888336
10 15.1533 2.55425 3.12109 1504014304.0977886
11 14.9066 2.5395 3.09245 1504014306.5117052
12 14.6806 2.55498 3.10778 1504014308.922305
13 14.438 2.5293 3.10002 1504014311.3325915
14 14.1919 2.52298 3.08399 1504014313.7432141
15 13.9633 2.52562 3.02847 1504014315.7518802
16 13.7329 2.55411 3.01028 1504014318.1621878
17 13.5155 2.60104 2.97248 1504014320.573297
18 13.2553 2.63873 2.94998 1504014322.9842362
19 13.0304 2.68966 2.90358 1504014325.394632
20 12.8109 2.75213 2.84822 1504014327.8058684
21 12.6118 2.88295 2.76977 1504014330.2178576
22 12.4033 2.99245 2.71274 1504014332.6304226
23 12.2117 3.09715 2.65206 1504014335.0408344
24 12.051 3.21629 2.60707 1504014337.4520557
25 11.8997 3.33962 2.55902 1504014339.8626993
26 11.7873 3.5059 2.47007 1504014342.2737334
27 11.6267 3.59288 2.41227 1504014344.683965
28 11.4508 3.85197 2.35967 1504014347.0943475
29 11.2511 4.02217 2.3121 1504014349.5053642
30 11.1188 4.18091 2.2641 1504014351.9173417
31 11.0729 4.36161 2.23199 1504014354.328839
32 10.9693 4.52938 2.15754 1504014356.739952
33 10.7662 4.70342 2.16612 1504014359.1537375
34 10.6461 4.8958 2.11573 1504014361.5642626
35 10.4989 5.05707 2.09545 1504014363.9739716
36 10.3969 5.24139 2.06578 1504014366.3847487
37 10.3044 5.44778 2.03212 1504014368.79659
38 10.2303 5.70864 1.98408 1504014371.2077851
39 10.1385 5.87645 1.93078 1504014373.6185005
40 10.0307 6.09793 1.83868 1504014376.0295513
41 9.98137 6.31846 1.826 1504014378.0382047
42 9.91917 6.50992 1.7992 1504014380.04718
43 9.99635 6.70508 1.7417 1504014382.460905
44 9.86377 6.94477 1.72844 1504014384.8743713
45 9.88412 7.2075 1.74264 1504014387.2860937
46 9.81711 7.39303 1.74167 1504014389.2945976
47 9.74959 7.62216 1.74223 1504014391.704671
48 9.68812 7.80025 1.75616 1504014393.713676
49 9.67961 7.99727 1.71985 1504014395.722276
50 9.60528 8.22192 1.73778 1504014398.132289
51 9.55573 8.38636 1.73664 1504014400.5428894
52 9.40957 8.52168 1.80345 1504014402.5514457
53 9.41076 8.87711 1.79356 1504014404.9627545
54 9.36025 8.98473 1.78143 1504014406.9715037
55 9.29053 9.19597 1.7964 1504014409.3828719
56 9.22813 9.47816 1.85107 1504014411.7933125
57 9.0868 9.66998 1.91016 1504014414.204832
58 8.94174 9.85023 1.95368 1504014416.6173158
59 8.78165 10.0105 2.00189 1504014419.0277948
60 8.55727 10.1873 2.02318 1504014421.4388995
61 8.48491 10.3174 2.14812 1504014423.851343
62 8.26852 10.4745 2.14321 1504014426.261798
63 8.09242 10.6039 2.21305 1504014428.6729782
64 7.92253 10.5873 2.30017 1504014431.0839527
65 7.76542 10.8672 2.34927 1504014433.4957027
66 7.56175 11.0086 2.41405 1504014435.9073796
67 7.38396 11.1574 2.4545 1504014438.3190084
68 7.16095 11.1858 2.43269 1504014440.7298803
69 6.93602 11.3111 2.51482 1504014443.140955
70 6.72801 11.3509 2.55151 1504014445.5522122
71 6.5177 11.4043 2.56233 1504014447.962678
72 6.31973 11.5335 2.61235 1504014450.374138
73 6.07347 11.588 2.64963 1504014452.7857234
74 5.86996 11.6253 2.70994 1504014455.196153
75 5.63069 11.6862 2.79396 1504014457.6068008
76 5.39572 11.7112 2.85463 1504014460.0200179
77 5.17418 11.6966 2.85326 1504014462.4306533
78 4.90863 11.7161 2.91238 1504014464.8410635
79 4.78626 11.7017 2.97132 1504014467.2512908
80 4.63654 11.6651 3.06147 1504014469.6620555
81 4.73878 11.702 2.99417 1504014556.8650749
82 4.91541 11.7087 2.95492 1504014559.2753494
83 5.14991 11.7023 2.89725 1504014561.6870778
84 5.39404 11.6996 2.85731 1504014564.0976415
85 5.60716 11.7043 2.7977 1504014566.5086348
86 5.81977 11.6556 2.73827 1504014568.9205422
87 6.02513 11.5623 2.68343 1504014571.3306532
88 6.2579 11.5674 2.61662 1504014573.742155
89 6.47929 11.5069 2.58644 1504014576.1521645
90 6.69944 11.4242 2.53415 1504014578.5633595
91 6.87337 11.3344 2.47337 1504014580.9735243
92 7.10249 11.2375 2.46912 1504014583.3837504
93 7.32199 11.1285 2.42883 1504014585.7945304
94 7.50536 11.0262 2.38048 1504014588.2062354
95 7.7236 10.9027 2.35179 1504014590.6164339
96 7.88755 10.7321 2.3104 1504014593.0267725
97 8.09073 10.5947 2.23244 1504014595.437264
98 8.27033 10.4248 2.18646 1504014597.8476741
99 8.43069 10.333 2.15448 1504014600.25839
100 8.54612 10.0666 2.08835 1504014602.669022
101 8.73049 10.0966 2.06016 1504014605.0795178
102 8.89332 9.87824 2.0116 1504014607.490428
103 9.08781 9.70983 1.94776 1504014609.9025638
104 9.2051 9.50034 1.8966 1504014612.3159196
105 9.26915 9.36146 1.89361 1504014614.7328608
106 9.37682 9.11318 1.84889 1504014617.1439867
107 9.43485 8.92787 1.86641 1504014619.5542526
108 9.52113 8.72863 1.79912 1504014621.965208
109 9.61526 8.45416 1.78364 1504014623.973814
110 9.85983 8.24832 1.70216 1504014626.3846064
111 9.87834 7.9847 1.68393 1504014628.7949307
112 9.90258 7.90551 1.67632 1504014631.2055454
113 9.91615 7.69694 1.69992 1504014633.216637
114 10.0015 7.44699 1.67745 1504014635.626667
115 10.1412 7.36174 1.63277 1504014637.6356537
116 10.0459 7.0305 1.72973 1504014640.0475266
117 10.0034 6.77792 1.73798 1504014642.4578414
118 10.0189 6.54693 1.78997 1504014644.868402
119 10.2107 6.33822 1.74175 1504014646.8776054
120 10.1188 6.13396 1.77568 1504014648.8860772
121 10.1659 5.93779 1.79638 1504014650.895041
122 10.2509 5.72827 1.88167 1504014653.305595
123 10.3201 5.49912 1.93247 1504014655.7174816
124 10.4062 5.27799 1.98452 1504014658.1300333
125 10.5141 5.05438 2.04253 1504014660.5404327
126 10.5113 4.86284 2.07889 1504014662.9519753
127 10.7547 4.67612 2.09394 1504014665.363476
128 10.7528 4.46961 2.18598 1504014667.775541
129 11.0282 4.36787 2.22264 1504014670.1860428
130 11.1068 4.1239 2.29677 1504014672.5962913
131 11.2707 3.96864 2.33955 1504014675.0069501
132 11.4069 3.82409 2.42747 1504014677.4194303
133 11.5338 3.72131 2.51734 1504014679.8298552
134 11.6524 3.57412 2.57198 1504014682.6438127
135 11.8309 3.35945 2.69138 1504014685.4556751
136 11.9749 3.23937 2.78381 1504014687.866296
137 12.1861 3.14679 2.8242 1504014690.2782333
138 12.3774 3.05607 2.91203 1504014692.6916156
139 12.6242 3.01398 2.93864 1504014695.1020474
140 12.8072 2.96589 2.97927 1504014697.5129302
141 13.0329 2.92797 3.03326 1504014699.9238143
142 13.2665 2.8815 3.09353 1504014701.9327035
143 13.512 2.83861 3.11782 1504014704.343767
144 13.6648 2.86339 3.10766 1504014706.7562864
145 13.8783 2.89323 3.1313 1504014709.1680968
146 14.1494 2.94243 -3.10946 1504014711.1767278
147 14.3709 2.95166 3.13544 1504014713.1851575
148 14.5711 2.97205 3.12653 1504014715.19466
149 14.7791 2.95762 3.10211 1504014717.60863
150 14.9812 2.96169 3.07077 1504014720.0193818
151 15.2475 3.01504 3.06854 1504014722.4297352
152 15.4258 3.01175 3.05064 1504014724.8400474
153 15.7359 3.03579 3.01146 1504014727.2505612
154 15.9758 3.04918 3.00109 1504014729.661131
155 16.2014 3.05736 2.98503 1504014731.6700025
156 16.3813 3.05913 2.98465 1504014733.67934
157 16.6168 3.07321 2.95684 1504014736.0905917
158 16.7827 2.98356 2.91485 1504014738.100376
159 16.9963 3.07243 2.97023 1504014740.5120838
160 17.1964 3.12138 3.0345 1504014742.9231443


# GT - pose_x pose_y orientation time
0 17.3742 2.8293 3.0855 1504014281.6000466
1 17.1359 2.8375 3.0869 1504014283.998782
2 16.8969 2.8478 3.0931 1504014286.4002929
3 16.67 2.8593 3.1035 1504014288.7988846
4 16.4635 2.867 3.1152 1504014290.8387902
5 16.2637 2.8743 3.1255 1504014292.82016
6 16.0093 2.8807 3.1369 1504014295.2784328
7 15.7768 2.8751 -3.13719 1504014297.6802883
8 15.5765 2.8716 -3.13379 1504014299.663948
9 15.3384 2.8692 -3.13379 1504014302.0602636
10 15.1344 2.8718 -3.13489 1504014304.0991924
11 14.8929 2.8702 -3.13359 1504014306.4979615
12 14.6588 2.8709 -3.13409 1504014308.9002364
13 14.4183 2.8706 3.1391 1504014311.3579028
14 14.176 2.8724 3.1184 1504014313.7611082
15 13.9744 2.8795 3.0985 1504014315.7424536
16 13.7427 2.8923 3.0728 1504014318.1426535
17 13.5078 2.9106 3.0399 1504014320.5999691
18 13.278 2.9386 2.9986 1504014322.9987228
19 13.0503 2.9781 2.9524 1504014325.3986154
20 12.8296 3.0251 2.9018 1504014327.7992399
21 12.6199 3.0833 2.8452 1504014330.1991048
22 12.4122 3.159 2.7834 1504014332.659214
23 12.2158 3.2418 2.7232 1504014335.059494
24 12.0263 3.3352 2.6639 1504014337.4590945
25 11.8356 3.4411 2.5988 1504014339.8589993
26 11.6579 3.558 2.5358 1504014342.2588513
27 11.4854 3.6866 2.4795 1504014344.658175
28 11.3064 3.8332 2.4265 1504014347.118773
29 11.1388 3.9865 2.3791 1504014349.5171998
30 10.9769 4.1525 2.333 1504014351.918836
31 10.8201 4.322 2.291 1504014354.3172097
32 10.6711 4.4976 2.2553 1504014356.7196116
33 10.5288 4.6792 2.2129 1504014359.1803856
34 10.4004 4.8651 2.1629 1504014361.5821433
35 10.2825 5.0575 2.1165 1504014363.9801393
36 10.1715 5.2512 2.0771 1504014366.3819833
37 10.0652 5.456 2.0405 1504014368.7797363
38 9.96 5.6674 2.0026 1504014371.1821313
39 9.8641 5.8827 1.966 1504014373.6354456
40 9.7719 6.1 1.9341 1504014376.0393784
41 9.7006 6.2894 1.9111 1504014378.0196826
42 9.6356 6.4844 1.8939 1504014380.059366
43 9.567 6.7076 1.8782 1504014382.4624746
44 9.4998 6.9342 1.866 1504014384.8604298
45 9.4301 7.1616 1.8579 1504014387.2629673
46 9.3735 7.3623 1.8485 1504014389.298952
47 9.3077 7.5891 1.8512 1504014391.6988554
48 9.2503 7.785 1.8542 1504014393.7431204
49 9.1925 7.9762 1.8574 1504014395.7168918
50 9.129 8.1995 1.8665 1504014398.1176488
51 9.0622 8.4251 1.881 1504014400.5170426
52 8.9963 8.6298 1.8993 1504014402.5557752
53 8.9176 8.8514 1.9222 1504014404.95989
54 8.8423 9.0416 1.9442 1504014406.997395
55 8.7558 9.2454 1.9759 1504014409.3975735
56 8.6603 9.4505 2.0193 1504014411.79675
57 8.5533 9.6485 2.0707 1504014414.1977005
58 8.4382 9.8418 2.1243 1504014416.5958357
59 8.3184 10.0207 2.1813 1504014418.9978304
60 8.1856 10.1995 2.2403 1504014421.4562173
61 8.0461 10.3647 2.2981 1504014423.8590388
62 7.8942 10.5257 2.3545 1504014426.2558916
63 7.7308 10.6789 2.4069 1504014428.658136
64 7.5628 10.823 2.4552 1504014431.055563
65 7.3791 10.9719 2.5028 1504014433.5184186
66 7.1884 11.102 2.5487 1504014435.916164
67 6.993 11.2252 2.589 1504014438.3187242
68 6.7948 11.3415 2.6258 1504014440.7156672
69 6.5956 11.4492 2.6649 1504014443.1184242
70 6.3809 11.5471 2.7066 1504014445.5781398
71 6.1714 11.6408 2.7444 1504014447.9831982
72 5.9629 11.7249 2.7879 1504014450.3782074
73 5.7499 11.7977 2.8391 1504014452.781448
74 5.5299 11.8588 2.8904 1504014455.1780055
75 5.3109 11.9085 2.9396 1504014457.5818095
76 5.084 11.9487 2.989 1504014460.0350838
77 4.861 11.9775 3.0367 1504014462.4388204
78 4.6355 11.9995 3.0809 1504014464.8341868
79 4.4046 12.0107 3.1218 1504014467.2377975
80 4.1712 12.0166 -3.13289 1504014469.6332774
81 4.3901 12.0174 3.1396 1504014556.8752675
82 4.6231 12.0101 3.0999 1504014559.2736735
83 4.8411 11.9888 3.0497 1504014561.675395
84 5.0632 11.9618 3.0006 1504014564.0747657
85 5.2857 11.9271 2.9531 1504014566.5368252
86 5.5012 11.8782 2.9005 1504014568.9378672
87 5.718 11.8195 2.8458 1504014571.3367543
88 5.9358 11.7484 2.7977 1504014573.737002
89 6.1468 11.6663 2.7543 1504014576.137415
90 6.356 11.5734 2.7123 1504014578.5372458
91 6.5667 11.4728 2.6734 1504014580.9945061
92 6.7733 11.3691 2.6344 1504014583.3956869
93 6.9721 11.2523 2.594 1504014585.794615
94 7.1673 11.1283 2.5557 1504014588.195116
95 7.3588 10.9985 2.5192 1504014590.5944629
96 7.5492 10.8547 2.4771 1504014593.0549064
97 7.7254 10.7085 2.4319 1504014595.4526505
98 7.8939 10.558 2.3857 1504014597.854572
99 8.0531 10.4009 2.3365 1504014600.2534695
100 8.2018 10.2366 2.2837 1504014602.6553593
101 8.3405 10.0675 2.2307 1504014605.0543795
102 8.4766 9.8837 2.1733 1504014607.5157237
103 8.5997 9.6985 2.1183 1504014609.9116664
104 8.7191 9.4991 2.066 1504014612.3142848
105 8.8188 9.3032 2.021 1504014614.7111778
106 8.9152 9.0964 1.9828 1504014617.1148314
107 9.0101 8.8768 1.952 1504014619.5749426
108 9.0939 8.6589 1.9236 1504014621.9780273
109 9.162 8.4657 1.9026 1504014623.953794
110 9.2336 8.2376 1.8849 1504014626.4130046
111 9.3039 8.0126 1.8732 1504014628.813422
112 9.3731 7.7858 1.8605 1504014631.2143028
113 9.4311 7.5966 1.8496 1504014633.1958761
114 9.4971 7.3589 1.841 1504014635.6544943
115 9.5515 7.164 1.8453 1504014637.6333406
116 9.6156 6.9366 1.8561 1504014640.032271
117 9.6817 6.7097 1.8688 1504014642.433694
118 9.752 6.4764 1.8841 1504014644.8923593
119 9.8124 6.2852 1.9004 1504014646.8713336
120 9.8799 6.0915 1.9198 1504014648.9131572
121 9.9537 5.9067 1.9402 1504014650.8948498
122 10.0414 5.6927 1.9635 1504014653.2917297
123 10.1357 5.4789 1.9878 1504014655.694987
124 10.2362 5.2619 2.0223 1504014658.151721
125 10.3354 5.058 2.0714 1504014660.5542102
126 10.4459 4.861 2.1264 1504014662.951991
127 10.5636 4.6763 2.1793 1504014665.3537102
128 10.6912 4.4988 2.237 1504014667.7509413
129 10.8292 4.332 2.3015 1504014670.2168808
130 10.972 4.1827 2.3754 1504014672.6139262
131 11.1213 4.0469 2.4534 1504014675.0170016
132 11.2812 3.9226 2.5277 1504014677.4142175
133 11.4489 3.8114 2.6022 1504014679.8154395
134 11.6523 3.6999 2.6941 1504014682.6329794
135 11.8663 3.607 2.785 1504014685.4515772
136 12.0621 3.5389 2.8562 1504014687.8532343
137 12.2625 3.4857 2.9248 1504014690.2521536
138 12.477 3.4421 2.989 1504014692.7119088
139 12.6993 3.4121 3.0462 1504014695.112873
140 12.9221 3.395 3.0945 1504014697.5114913
141 13.1568 3.3867 3.1341 1504014699.9112644
142 13.3611 3.3835 -3.12309 1504014701.954091
143 13.5983 3.3902 -3.09869 1504014704.349961
144 13.8331 3.4015 -3.08299 1504014706.7538931
145 14.0685 3.4161 -3.07939 1504014709.1502342
146 14.2741 3.4294 -3.08159 1504014711.1923568
147 14.4744 3.4404 -3.08639 1504014713.1766336
148 14.6819 3.4514 -3.09319 1504014715.211144
149 14.9112 3.4605 -3.10659 1504014717.6125782
150 15.1512 3.4644 -3.12549 1504014720.0111613
151 15.3881 3.4668 3.1362 1504014722.4123216
152 15.6268 3.4661 3.1166 1504014724.8107724
153 15.8654 3.4606 3.0941 1504014727.2725215
154 16.0978 3.448 3.0668 1504014729.6701398
155 16.2959 3.43 3.045 1504014731.6541617
156 16.5085 3.4079 3.0286 1504014733.6923866
157 16.735 3.3795 3.0134 1504014736.0897033
158 16.9302 3.3472 3.0032 1504014738.0705066
159 17.1726 3.3096 2.9921 1504014740.5345426
160 17.4091 3.2761 2.9873 1504014742.9344296


# Displacement and sum
0 -0.014201003274381924 -0.014201003274381924
1 0.0023129105666933325 -0.011888092707688591
2 -0.015477198617194488 -0.02736529132488308
3 0.0015144827428391905 -0.025850808582043888
4 0.0003290741979720402 -0.025521734384071848
5 0.009574237939099839 -0.01594749644497201
6 -0.004937861701303753 -0.020885358146275762
7 -0.005338194774703181 -0.026223552920978943
8 -0.025918092217140032 -0.052141645138118975
9 0.04565258972729014 -0.006489055410828837
10 -0.0056352519667143275 -0.012124307377543164
11 0.007571511177809187 -0.004552796199733977
12 -0.0034551825786880153 -0.008007978778421992
13 -0.0038744515422305392 -0.011882430320652532
14 -0.026890257528496886 -0.03877268784914942
15 -0.00010148487995245703 -0.038874172729101875
16 0.01320405719044948 -0.025670115538652394
17 -0.031415983915639406 -0.0570860994542918
18 0.0005061023732649272 -0.05657999708102687
19 -0.002567414587352407 -0.05914741166837928
20 -0.020605828718173874 -0.07975324038655315
21 -0.014439673488741839 -0.09419291387529499
22 -0.005200344816116864 -0.09939325869141186
23 0.011220084688349202 -0.08817317400306265
24 0.02293410042859456 -0.06523907357446809
25 0.011998033850020628 -0.053241039724447464
26 0.03251949491288797 -0.020721544811559495
27 -0.0817877625219196 -0.1025093073334791
28 -0.035253519524666516 -0.13776282685814562
29 0.02523459558434632 -0.1125282312737993
30 0.04446517621269305 -0.06806305506110624
31 0.03311680059771663 -0.034946254463389614
32 -0.036757132302807444 -0.07170338676619706
33 -0.0008585920419720561 -0.07256197880816911
34 0.007302539722475521 -0.0652594390856936
35 0.012589747246642441 -0.05266969183905115
36 0.004573390997185844 -0.04809630084186531
37 -0.035051087922908425 -0.08314738876477373
38 0.04441395866393483 -0.038733430100838906
39 -0.01027027920799009 -0.049003709308829
40 -0.023603920870603673 -0.07260763017943267
41 0.004237910063890071 -0.0683697201155426
42 0.023637127161365817 -0.04473259295417678
43 -0.03755937344092347 -0.08229196639510025
44 -0.025674866249180306 -0.10796683264428056
45 0.01126775453239695 -0.09669907811188361
46 -0.0027190805101853788 -0.09941815862206899
47 0.01573602550088629 -0.0836821331211827
48 0.0025418350643444665 -0.08114029805683823
49 -0.004474226683216231 -0.08561452474005446
50 0.06353878950401082 -0.022075735236043642
51 0.015862318912901574 -0.006213416323142068
52 -0.12027194020893486 -0.12648535653207693
53 0.0856796069808373 -0.040805749551239626
54 -0.0010511003105770356 -0.04185684986181666
55 -0.06276303783755646 -0.10461988769937312
56 -0.013200417313822987 -0.11782030501319611
57 -0.006397731571309823 -0.12421803658450593
58 -0.011221425705732146 -0.13543946229023807
59 -0.06294280319837989 -0.19838226548861795
60 0.0673514647168888 -0.13103080077172916
61 -0.046057006060673755 -0.1770878068324029
62 0.005455681863255346 -0.17163212496914756
63 0.050635090303332964 -0.1209970346658146
64 -0.08451152266726489 -0.2055085573330795
65 -0.017090706296722713 -0.2225992636298022
66 -0.0008454872457808182 -0.22344475087558302
67 0.004990859996340746 -0.21845389087924227
68 -0.031024702701156398 -0.24947859358039867
69 0.024183778600208372 -0.2252948149801903
70 0.012515785841178934 -0.21277902913901137
71 -0.011577293519087622 -0.224356322658099
72 -0.02712122941686307 -0.25147755207496203
73 0.02142698020523942 -0.2300505718697226
74 -0.02232997357973443 -0.25238054544945704
75 -0.005862601316352745 -0.2582431467658098
76 0.002831474525718497 -0.2554116722400913
77 -0.039694375107554775 -0.2951060473476461
78 0.10795711968776887 -0.18714892765987723
79 0.07934591726811491 -0.10780301039176232
80 0.11020634880422815 0.0024033384124658302
81 0.05635730030802924 0.05876063872049507
82 -0.01554921678946991 0.04321142193102516
83 -0.020409796528907953 0.022801625402117207
84 0.012017745626467263 0.03481937102858447
85 0.0028621570152718157 0.037681528043856286
86 -0.0009545118771324967 0.03672701616672379
87 -0.0037144281296115633 0.033012588037112225
88 -0.0030978675527441046 0.02991472048436812
89 -0.006271165076668167 0.023643555407699954
90 0.03774022678445815 0.06138378219215811
91 -0.01760314943875299 0.043780632753405116
92 -0.014501463560254918 0.029279169193150198
93 0.021279532133886614 0.05055870132703681
94 -0.019416211129719085 0.031142490197317726
95 0.0019920376588023203 0.03313452785612005
96 -0.016321068216531676 0.01681345963958837
97 -0.021303110129757857 -0.004489650490169486
98 0.03888572340903326 0.034396072918863776
99 -0.0687335026560624 -0.034337429737198624
100 0.03191162532074246 -0.002425804416456165
101 -0.043682753004815805 -0.04610855742127197
102 -0.03489132805523734 -0.08099988547650931
103 -0.0076746016671364325 -0.08867448714364574
104 0.0668729733114578 -0.021801513832187938
105 -0.04245626123797097 -0.06425777507015891
106 0.04504466338716129 -0.01921311168299762
107 0.016339095669192866 -0.002874016013804756
108 -0.08531163411094095 -0.0881856501247457
109 -0.08058967937935124 -0.16877532950409696
110 -0.028542310725942488 -0.19731764023003945
111 0.1543052098126797 -0.04301243041735975
112 -0.01112050533621281 -0.05413293575357256
113 -0.017427770824356398 -0.07156070657792896
114 0.03869250448093578 -0.032868202096993177
115 -0.10841504431473253 -0.1412832464117257
116 -0.019798631007143658 -0.16108187741886937
117 0.012152149548755403 -0.14892972787011396
118 -0.0829423062986008 -0.23187203416871477
119 -0.01885739475495951 -0.2507294289236743
120 -0.0027539283726230324 -0.25348335729629734
121 0.005167840995951106 -0.24831551630034623
122 -0.0056980652220218475 -0.2540135815223681
123 0.0018419035202738854 -0.25217167800209417
124 -0.02153114568035444 -0.2737028236824486
125 0.03431394740226315 -0.23938887628018543
126 -0.08775557362952488 -0.3271444499097103
127 0.012085948567399335 -0.31505850134231095
128 -0.07710575285588289 -0.39216425419819384
129 -0.049721764433529714 -0.44188601863172355
130 -0.023940853588181932 -0.4658268722199055
131 0.003922232480228965 -0.46190463973967655
132 0.03791674255917332 -0.4239878971805032
133 0.0429304104473785 -0.38105748673312473
134 -0.04589245467326139 -0.4269499414063861
135 0.019807510348224505 -0.4071424310581616
136 -0.023259031164320237 -0.4304014622224819
137 0.007165231961193869 -0.423236230261288
138 -0.02604819439242309 -0.4492844246537111
139 0.034242018317546474 -0.4150424063361646
140 0.005983402173652508 -0.4090590041625121
141 -0.03385222915214056 -0.44291123331465265
142 -0.011923776425011356 -0.454835009739664
143 0.08027547468552862 -0.3745595350541354
144 0.020277106396365624 -0.3542824286577698
145 -0.06949857984082758 -0.4237810084985974
146 -0.02109040608609114 -0.44487141458468854
147 0.006555698615075017 -0.4383157159696135
148 0.02098056045276897 -0.4173351555168445
149 0.03789070762309946 -0.3794444478937451
150 -0.03467928736831122 -0.4141237352620563
151 0.06037067535650145 -0.35375305990555483
152 -0.07236705297330676 -0.4261201128788616
153 -0.007532074701141006 -0.43365218758000257
154 -0.026832162212536176 -0.4604843497925387
155 0.03383686592687621 -0.42664748386566254
156 -0.00764698779014919 -0.4342944716558117
157 0.00928090100480991 -0.42501357065100176
158 0.013948807032928862 -0.41106476361807287
159 0.032860565088327603 -0.3782041985297453
160 0 -0.3782041985297453


# Displacement abs and sum
0 0.014201003274381924 0.014201003274381924
1 0.0023129105666933325 0.016513913841075256
2 0.015477198617194488 0.031991112458269744
3 0.0015144827428391905 0.033505595201108934
4 0.0003290741979720402 0.033834669399080974
5 0.009574237939099839 0.04340890733818081
6 0.004937861701303753 0.048346769039484566
7 0.005338194774703181 0.05368496381418775
8 0.025918092217140032 0.07960305603132778
9 0.04565258972729014 0.12525564575861792
10 0.0056352519667143275 0.13089089772533224
11 0.007571511177809187 0.13846240890314143
12 0.0034551825786880153 0.14191759148182945
13 0.0038744515422305392 0.14579204302406
14 0.026890257528496886 0.17268230055255687
15 0.00010148487995245703 0.17278378543250933
16 0.01320405719044948 0.1859878426229588
17 0.031415983915639406 0.21740382653859822
18 0.0005061023732649272 0.21790992891186314
19 0.002567414587352407 0.22047734349921555
20 0.020605828718173874 0.24108317221738942
21 0.014439673488741839 0.25552284570613126
22 0.005200344816116864 0.2607231905222481
23 0.011220084688349202 0.27194327521059736
24 0.02293410042859456 0.2948773756391919
25 0.011998033850020628 0.30687540948921255
26 0.03251949491288797 0.3393949044021005
27 0.0817877625219196 0.4211826669240201
28 0.035253519524666516 0.45643618644868666
29 0.02523459558434632 0.481670782033033
30 0.04446517621269305 0.526135958245726
31 0.03311680059771663 0.5592527588434426
32 0.036757132302807444 0.59600989114625
33 0.0008585920419720561 0.596868483188222
34 0.007302539722475521 0.6041710229106976
35 0.012589747246642441 0.61676077015734
36 0.004573390997185844 0.6213341611545258
37 0.035051087922908425 0.6563852490774342
38 0.04441395866393483 0.7007992077413691
39 0.01027027920799009 0.7110694869493591
40 0.023603920870603673 0.7346734078199628
41 0.004237910063890071 0.7389113178838529
42 0.023637127161365817 0.7625484450452187
43 0.03755937344092347 0.8001078184861421
44 0.025674866249180306 0.8257826847353225
45 0.01126775453239695 0.8370504392677194
46 0.0027190805101853788 0.8397695197779047
47 0.01573602550088629 0.855505545278791
48 0.0025418350643444665 0.8580473803431354
49 0.004474226683216231 0.8625216070263517
50 0.06353878950401082 0.9260603965303625
51 0.015862318912901574 0.9419227154432641
52 0.12027194020893486 1.062194655652199
53 0.0856796069808373 1.1478742626330363
54 0.0010511003105770356 1.1489253629436134
55 0.06276303783755646 1.21168840078117
56 0.013200417313822987 1.2248888180949928
57 0.006397731571309823 1.2312865496663026
58 0.011221425705732146 1.2425079753720347
59 0.06294280319837989 1.3054507785704146
60 0.0673514647168888 1.3728022432873033
61 0.046057006060673755 1.418859249347977
62 0.005455681863255346 1.4243149312112324
63 0.050635090303332964 1.4749500215145654
64 0.08451152266726489 1.5594615441818303
65 0.017090706296722713 1.576552250478553
66 0.0008454872457808182 1.5773977377243338
67 0.004990859996340746 1.5823885977206746
68 0.031024702701156398 1.613413300421831
69 0.024183778600208372 1.6375970790220393
70 0.012515785841178934 1.6501128648632182
71 0.011577293519087622 1.6616901583823058
72 0.02712122941686307 1.6888113877991688
73 0.02142698020523942 1.7102383680044082
74 0.02232997357973443 1.7325683415841426
75 0.005862601316352745 1.7384309429004954
76 0.002831474525718497 1.741262417426214
77 0.039694375107554775 1.7809567925337686
78 0.10795711968776887 1.8889139122215375
79 0.07934591726811491 1.9682598294896523
80 0.11020634880422815 2.0784661782938803
81 0.05635730030802924 2.1348234786019096
82 0.01554921678946991 2.1503726953913795
83 0.020409796528907953 2.1707824919202876
84 0.012017745626467263 2.182800237546755
85 0.0028621570152718157 2.185662394562027
86 0.0009545118771324967 2.186616906439159
87 0.0037144281296115633 2.190331334568771
88 0.0030978675527441046 2.193429202121515
89 0.006271165076668167 2.1997003671981834
90 0.03774022678445815 2.2374405939826416
91 0.01760314943875299 2.255043743421395
92 0.014501463560254918 2.2695452069816495
93 0.021279532133886614 2.290824739115536
94 0.019416211129719085 2.310240950245255
95 0.0019920376588023203 2.3122329879040575
96 0.016321068216531676 2.328554056120589
97 0.021303110129757857 2.349857166250347
98 0.03888572340903326 2.38874288965938
99 0.0687335026560624 2.4574763923154426
100 0.03191162532074246 2.489388017636185
101 0.043682753004815805 2.5330707706410007
102 0.03489132805523734 2.567962098696238
103 0.0076746016671364325 2.575636700363374
104 0.0668729733114578 2.642509673674832
105 0.04245626123797097 2.6849659349128028
106 0.04504466338716129 2.7300105982999643
107 0.016339095669192866 2.746349693969157
108 0.08531163411094095 2.831661328080098
109 0.08058967937935124 2.9122510074594494
110 0.028542310725942488 2.940793318185392
111 0.1543052098126797 3.0950985279980716
112 0.01112050533621281 3.1062190333342845
113 0.017427770824356398 3.123646804158641
114 0.03869250448093578 3.162339308639577
115 0.10841504431473253 3.2707543529543095
116 0.019798631007143658 3.290552983961453
117 0.012152149548755403 3.3027051335102087
118 0.0829423062986008 3.3856474398088094
119 0.01885739475495951 3.404504834563769
120 0.0027539283726230324 3.407258762936392
121 0.005167840995951106 3.412426603932343
122 0.0056980652220218475 3.418124669154365
123 0.0018419035202738854 3.419966572674639
124 0.02153114568035444 3.4414977183549933
125 0.03431394740226315 3.4758116657572566
126 0.08775557362952488 3.5635672393867814
127 0.012085948567399335 3.5756531879541806
128 0.07710575285588289 3.6527589408100636
129 0.049721764433529714 3.7024807052435933
130 0.023940853588181932 3.7264215588317753
131 0.003922232480228965 3.7303437913120043
132 0.03791674255917332 3.7682605338711777
133 0.0429304104473785 3.811190944318556
134 0.04589245467326139 3.8570833989918176
135 0.019807510348224505 3.8768909093400423
136 0.023259031164320237 3.9001499405043627
137 0.007165231961193869 3.9073151724655566
138 0.02604819439242309 3.9333633668579795
139 0.034242018317546474 3.967605385175526
140 0.005983402173652508 3.9735887873491786
141 0.03385222915214056 4.0074410165013195
142 0.011923776425011356 4.019364792926331
143 0.08027547468552862 4.09964026761186
144 0.020277106396365624 4.119917374008225
145 0.06949857984082758 4.1894159538490525
146 0.02109040608609114 4.2105063599351435
147 0.006555698615075017 4.217062058550218
148 0.02098056045276897 4.238042619002988
149 0.03789070762309946 4.275933326626087
150 0.03467928736831122 4.310612613994398
151 0.06037067535650145 4.3709832893508995
152 0.07236705297330676 4.443350342324206
153 0.007532074701141006 4.450882417025347
154 0.026832162212536176 4.477714579237883
155 0.03383686592687621 4.511551445164759
156 0.00764698779014919 4.519198432954909
157 0.00928090100480991 4.5284793339597185
158 0.013948807032928862 4.542428140992647
159 0.032860565088327603 4.575288706080975
160 0 4.575288706080975


# Distance slam gt
0 0.037491353669879525
1 0.10280755857426017
2 0.1696244982306508
3 0.19021451153894658
4 0.21108955540244062
5 0.22482398203928297
6 0.22939961726210434
7 0.2420734907006548
8 0.2595704145313947
9 0.3069996027684727
10 0.31811194963408695
11 0.33098365518556977
12 0.3166712591947679
13 0.34186807397006225
14 0.34978156955448625
15 0.354054041637714
16 0.338331961392949
17 0.3096557501484514
18 0.3007279616198005
19 0.2891256536525253
20 0.2736097785167773
21 0.20051367160370862
22 0.16678762693917076
23 0.14470809410672225
24 0.12144825276635304
25 0.12002916478922937
26 0.13949469523964014
27 0.16955567935047108
28 0.14561481002974858
29 0.11782885427602134
30 0.14471606026975692
31 0.2558843334399359
32 0.2998886600056774
33 0.23863228700240802
34 0.24761054097109958
35 0.21640042721769304
36 0.22561337748458138
37 0.23934119662105666
38 0.2734279203007612
39 0.27447116879555855
40 0.25880827826790914
41 0.2822698646685477
42 0.2847160257168528
43 0.4293573953013963
44 0.36412344857204687
45 0.45633427484684935
46 0.4446730990289379
47 0.4431249662341303
48 0.43808551094506687
49 0.48756547970503356
50 0.4768073980130771
51 0.49504812745833093
52 0.4271791512936937
53 0.4938297173115442
54 0.5210627595597298
55 0.5370097743989393
56 0.568503284511181
57 0.5339322432668776
58 0.5036105603539298
59 0.4633622799710831
60 0.3718701774813355
61 0.44135190732566243
62 0.3778053763513704
63 0.3693156162417186
64 0.43006995117073654
65 0.4002564582864336
66 0.3848555345840831
67 0.39679536489228245
68 0.397879771413425
69 0.3673654670760439
70 0.3987227007583101
71 0.41935180934389704
72 0.4049217318198662
73 0.3855796090303541
74 0.41250824670544556
75 0.38946493308127295
76 0.3918872393941917
77 0.42069766151002014
78 0.3935931362460463
79 0.4910655308612076
80 0.5831754158055705
81 0.47016476090834386
82 0.41986556908134215
83 0.42124323864010005
84 0.4221420917179429
85 0.3911219395533825
86 0.38863556823842066
87 0.40060039553150656
88 0.36947179865315866
89 0.3687247755440362
90 0.3744484925860962
91 0.33645363558743124
92 0.35452026190332203
93 0.3711461330796806
94 0.35314157727461054
95 0.3771692988566283
96 0.35987703802826837
97 0.382644023734856
98 0.3993016214592666
99 0.3836464754171472
100 0.38400034166651437
101 0.39107417467789835
102 0.41675576780651735
103 0.48824147816423685
104 0.4860015818904303
105 0.454102796842301
106 0.46192487787518
107 0.4278091950858481
108 0.43288306250071745
109 0.453406880406549
110 0.6263217474269928
111 0.5751171390247374
112 0.5428439504130071
113 0.49531971301372546
114 0.5120343817557571
115 0.6219704153735921
116 0.4404262707877439
117 0.32885385568668635
118 0.27606175196864885
119 0.40181340246437675
120 0.24264389874876413
121 0.21446544733359832
122 0.2124981762274681
123 0.1855052786310945
124 0.17075973793608368
125 0.1787366621597251
126 0.06542587867197541
127 0.19110008477235219
128 0.06816609201061792
129 0.20220696550811482
130 0.14706624357751183
131 0.16865641879276327
132 0.15970194144092317
133 0.12379102592676047
134 0.12578003975194135
135 0.25006831566594007
136 0.3119648392046767
137 0.3474146630469126
138 0.3986719464672678
139 0.4051413881597385
140 0.4442267462681645
141 0.47516778394583936
142 0.5108357465957136
143 0.5583002938383608
144 0.5638149183020968
145 0.5563893213389348
146 0.5026826741593547
147 0.4995788602413033
148 0.49198888452890926
149 0.5199410585826052
150 0.5306763082143389
151 0.473133657225947
152 0.4968248408644633
153 0.4441101058296237
154 0.4170628158922827
155 0.38443571582255476
156 0.3712416368081583
157 0.32830596110944993
158 0.3924159777582968
159 0.295518694670911
160 0.26302009124779663


# Displacement mean and std deviation
-0.0023490944008058715 0.03983014204474164

# Displacement mean absolute value and std deviation
0.028417942273794874 0.02800676733811768

# Distance to GT
0.26302009124779663

# Orientation to GT
-0.14828317324943865