# SLAM - pose_x pose_y orientation time
4.19620140532 12.9222199297 3.103679836040919 1504013870.58
4.42042494169 12.9072271602 3.0704560485616796 1504013872.87
4.62031144235 12.8869091611 3.0185244297009812 1504013874.93
4.82491980944 12.8565335321 2.9578309068524793 1504013877.37
5.02439660306 12.8103007839 2.893901567813403 1504013879.79
5.21502476279 12.7564027065 2.833080333900279 1504013882.05
5.41264680921 12.8023935406 2.7704348038716584 1504013884.37
5.6024220953 12.7213600244 2.7063962100313876 1504013886.7
5.78959801113 12.6275106676 2.6481236607899956 1504013889.01
5.96274467492 12.5295431387 2.6002073237171555 1504013891.16
6.13368072567 12.4206491609 2.5560422957429356 1504013893.33
6.31103088447 12.2979248459 2.5152378847746517 1504013895.63
6.46843639371 12.1842427815 2.4831267124049674 1504013897.65
6.72749715652 12.2570702208 2.457122035068135 1504013899.8
6.89895844016 12.1163361776 2.425419533968813 1504013902.05
7.0459087266 11.9854092553 2.4031411499089796 1504013904.02
7.20207083659 11.8397694236 2.3844857054402304 1504013906.2
7.32584042816 11.720682622 2.3717755040922635 1504013907.96
7.48644915393 11.5601576151 2.3525084780672847 1504013910.25
7.73566501641 11.5120257205 2.335027049740242 1504013912.36
7.87280374099 11.3649731498 2.3164628314498326 1504013914.39
8.02162468777 11.1978964773 2.2967819043975615 1504013916.67
8.15341163585 11.0461118698 2.2753804755764384 1504013918.74
8.28569178996 10.8847795884 2.2489490402618317 1504013920.87
8.41174047445 10.7225195143 2.219281271667953 1504013922.97
8.58379613534 10.582475194 2.185543678350829 1504013925.19
8.69483982852 10.4191095281 2.154222262982176 1504013927.25
8.80568592288 10.2507747403 2.121475900964855 1504013929.34
8.90423632742 10.0872222788 2.0884179987930636 1504013931.31
9.00142493378 9.91539796683 2.053925477008824 1504013933.3
9.10645156727 9.70728580471 2.0162987198668296 1504013935.76
9.29086366473 9.57403924823 1.9835877547324416 1504013937.95
9.37197467295 9.3873733359 1.9588151743074576 1504013940.04
9.44940003848 9.19001424486 1.9319899577372028 1504013942.23
9.51569828748 9.0054522301 1.909571756433096 1504013944.12
9.58054604055 8.80425724977 1.8915570700500555 1504013946.27
9.63976216646 8.61864095118 1.8806986135932766 1504013948.27
9.70311758773 8.41488469098 1.8704994949851328 1504013950.47
9.76564412564 8.21265437935 1.857438105850369 1504013952.62
9.89351313767 8.03796345185 1.8445068083395142 1504013954.6
9.94634072551 7.83872822093 1.840833685662966 1504013956.6
10.0018996238 7.64083049287 1.843303808980997 1504013958.61
10.0601042719 7.43326366252 1.8497341711844795 1504013960.82
10.1114307449 7.24866955851 1.8571205395626837 1504013962.75
10.1707619662 7.04328642285 1.8676848581066317 1504013964.9
10.2220124068 6.87132938512 1.8812038392354797 1504013966.68
10.246007038 6.67343309828 1.8994527700447943 1504013968.76
10.3180155485 6.48024917283 1.922518731643209 1504013970.8
10.3888175461 6.30383421543 1.9452016486755757 1504013972.78
10.4873908456 6.06640323279 1.9762479109154296 1504013975.43
10.5559714961 5.9142730213 1.999280298225889 1504013977.19
10.6422535086 5.72935005943 2.0340741394641397 1504013979.28
10.7350122796 5.54824189552 2.078091438773666 1504013981.43
10.7050929262 5.30605781085 2.120790116176971 1504013983.7
10.8169647948 5.13022076547 2.168385909971475 1504013985.9
10.9298658844 4.96660104765 2.2099449093120165 1504013988.04
11.0508431292 4.81081115511 2.252215096079386 1504013990.17
11.1956087918 4.6420097912 2.3044878839435623 1504013992.55
11.2196561094 4.39567902099 2.368015516972256 1504013994.96
11.349460398 4.27044187074 2.4165398051943083 1504013996.93
11.5022049151 4.14170252724 2.475048097925269 1504013999.1
11.6784188216 4.01164057532 2.541802502935619 1504014001.61
11.8422036746 3.90442005673 2.605093110530407 1504014003.87
12.0007089861 3.81551807698 2.6668982656761093 1504014005.97
12.0234623774 3.60899029487 2.7391781967843754 1504014008.37
12.2237931009 3.53055604999 2.8103340136289496 1504014010.84
12.3998792709 3.4710694686 2.868286963361344 1504014013.02
12.6309731679 3.40783224707 2.9288941457142275 1504014015.57
12.8056850233 3.37341035371 2.974920584597005 1504014017.51
13.0126306413 3.34238231949 3.018176292732264 1504014019.68
13.2039971161 3.31744021659 3.0467880244153225 1504014021.6
13.2650533104 2.98317081408 3.073888912005925 1504014023.65
13.5078781558 2.96958475515 3.097387770114533 1504014026.11
13.698527395 2.96356995625 3.107558282357358 1504014028.09
13.8998696203 2.95874441246 3.1112138157802374 1504014030.13
14.1154907714 2.95153570905 3.1095688595757673 1504014032.23
14.3105272492 2.94647737089 3.1067020627995316 1504014034.12
14.4717325859 2.7711694559 3.1050881125961163 1504014036.08
14.6930064493 2.75848415056 3.101387888638929 1504014038.33
14.8942892807 2.75014776463 3.0969448808438806 1504014040.36
15.0955111544 2.7394034126 3.0950530063127863 1504014042.39
15.3173885245 2.72742367922 3.093469752384296 1504014044.63
15.5159327045 2.71164750791 3.092155866987505 1504014046.62
15.7105550312 2.68717676106 3.087967788423268 1504014048.52
15.9252517846 2.67659218356 3.0857327446715597 1504014050.66
16.1413986428 2.66333345985 3.0818118333774085 1504014052.77
16.3504849536 2.6460134601 3.080813624914481 1504014054.86
16.5482808927 2.63135140798 3.0840435064619998 1504014056.87
16.7524652274 2.61870495273 3.088239696321762 1504014058.95
16.9540686422 2.59346300921 3.0913822587151913 1504014061.1
17.1736587309 2.58629930914 3.0892101938605436 1504014063.26
17.3619999157 2.57799400493 3.0846854642695827 1504014064.66


# GT - pose_x pose_y orientation time
4.1986 12.9221 3.1034 1504013870.6059887
4.4219 12.9071 3.0701 1504013872.887032
4.6204 12.8869 3.0185 1504013874.9292374
4.8261 12.8562 2.9576 1504013877.385996
5.0244 12.8103 2.8939 1504013879.7888594
5.2163 12.756 2.8327 1504013882.0685148
5.4134 12.686 2.7674 1504013884.4086423
5.5991 12.6062 2.7046 1504013886.6860356
5.7891 12.5104 2.6455 1504013889.031851
5.9624 12.4116 2.597 1504013891.1899464
6.1321 12.3029 2.5536 1504013893.3484955
6.3083 12.1804 2.513 1504013895.6295142
6.4669 12.0654 2.4805 1504013897.6690946
6.6315 11.9373 2.4491 1504013899.829638
6.8 11.7968 2.4176 1504013902.0516539
6.946 11.6647 2.3954 1504013904.0269823
7.0994 11.5194 2.3769 1504013906.1848009
7.2261 11.3956 2.364 1504013907.9903088
7.3843 11.2349 2.3447 1504013910.2671041
7.5314 11.0805 2.325 1504013912.3644376
7.6679 10.9311 2.3063 1504013914.4070444
7.8149 10.7627 2.2867 1504013916.6864111
7.9432 10.6119 2.2655 1504013918.7249317
8.0761 10.4465 2.2387 1504013920.887628
8.2001 10.2835 2.2091 1504013922.9871721
8.3238 10.111 2.1782 1504013925.2041783
8.4326 9.9484 2.1471 1504013927.2466757
8.5429 9.7782 2.1143 1504013929.3495889
8.6404 9.6139 2.081 1504013931.3253815
8.7356 9.4425 2.0468 1504013933.3048983
8.8396 9.2326 2.009 1504013935.7668738
8.9259 9.0438 1.9813 1504013937.924741
9.0072 8.8554 1.9561 1504013940.0267873
9.0849 8.6556 1.9291 1504013942.246347
9.1496 8.4741 1.907 1504013944.1056173
9.2144 8.2711 1.8888 1504013946.2664368
9.2727 8.0866 1.8778 1504013948.248024
9.336 7.881 1.8677 1504013950.4681344
9.3981 7.6782 1.8546 1504013952.6289368
9.4551 7.4886 1.8458 1504013954.60721
9.5075 7.2919 1.8421 1504013956.5869002
9.5644 7.0903 1.8446 1504013958.6275468
9.6229 6.8823 1.8511 1504013960.847055
9.6743 6.6986 1.8585 1504013962.7672698
9.7342 6.4924 1.8691 1504013964.9245963
9.7843 6.3248 1.8823 1504013966.6639266
9.8483 6.1246 1.9025 1504013968.7663345
9.9207 5.9322 1.9255 1504013970.8063242
9.9921 5.7558 1.9482 1504013972.7870815
10.0912 5.5191 1.9792 1504013975.4285877
10.1618 5.3635 2.0031 1504013977.226204
10.2466 5.1834 2.0368 1504013979.266808
10.3405 5.0014 2.0811 1504013981.428763
10.4432 4.8176 2.1318 1504013983.70641
10.5579 4.6417 2.1797 1504013985.9235196
10.6704 4.4823 2.2204 1504013988.0270762
10.7951 4.3254 2.2635 1504013990.1854086
10.9392 4.1609 2.3148 1504013992.524612
11.0955 3.9965 2.3715 1504013994.9861283
11.2223 3.875 2.4185 1504013996.9040718
11.3788 3.7436 2.4787 1504013999.1254687
11.5516 3.6169 2.5439 1504014001.5858452
11.7173 3.509 2.6078 1504014003.8651948
11.8763 3.4204 2.6697 1504014005.9665809
12.0636 3.3298 2.7415 1504014008.3627663
12.2633 3.2521 2.8124 1504014010.8258767
12.4435 3.1919 2.8716 1504014013.0429072
12.6718 3.13 2.9313 1504014015.566492
12.8497 3.0955 2.9781 1504014017.5440717
13.0565 3.0651 3.0208 1504014019.7044058
13.2479 3.0406 3.0498 1504014021.6264396
13.4474 3.0234 3.0739 1504014023.6678538
13.6893 3.0099 3.0969 1504014026.1244087
13.8797 3.0038 3.107 1504014028.1065257
14.0813 2.9989 3.1107 1504014030.1485183
14.2971 2.9916 3.1091 1504014032.2424989
14.4895 2.9865 3.1061 1504014034.1057887
14.6838 2.9794 3.1035 1504014036.0866058
14.9026 2.9667 3.0991 1504014038.3066182
15.1096 2.9573 3.095 1504014040.403956
15.3065 2.9467 3.0935 1504014042.3884406
15.5259 2.9347 3.0915 1504014044.6037092
15.7275 2.9227 3.0907 1504014046.6426935
15.9136 2.9144 3.0885 1504014048.5039248
16.1312 2.9046 3.0848 1504014050.6655452
16.3463 2.8912 3.0809 1504014052.7624545
16.5567 2.8736 3.0799 1504014054.8672452
16.7514 2.859 3.0829 1504014056.8458753
16.9576 2.846 3.0873 1504014058.9468858
17.1709 2.8353 3.0904 1504014061.1058202
17.391 2.8279 3.0882 1504014063.268272
17.5768 2.8195 3.0838 1504014064.6440954


# Displacement and sum
0 -0.0009209857412661449 -0.0009209857412661449
1 -0.0013913243980668288 -0.0023123101393329737
2 0.001127493794775336 -0.0011848163445576376
3 -0.0012215266280380943 -0.002406342972595732
4 0.0013332186123847234 -0.0010731243602110085
5 0.006258199257952457 0.0051850748977414485
6 -0.00423177152843332 0.0009533033693081283
7 0.0033993643907662408 0.004352667760074369
8 0.0005444578720286697 0.004897125632103039
9 -0.001146086248281608 0.0037510393838214307
10 -0.001072920572882441 0.0026781188109389897
11 0.0017403357923039264 0.004418454603242916
12 -0.060529619258464756 -0.05611116465522184
13 -0.0024308938618117504 -0.05854205851703359
14 7.661616930898507e-05 -0.058465442347724605
15 -0.0022454239898760386 -0.060710866337600644
16 0.005384794769882628 -0.055326071567718016
17 -0.001572566182548557 -0.05689863775026657
18 -0.04056607113565153 -0.0974647088859181
19 0.0012916849035225775 -0.09617302398239552
20 -0.00021178821767470213 -0.09638481220007022
21 -0.003019587173365562 -0.09940439937343579
22 0.0035489536370474917 -0.0958554457363883
23 -0.0006620066412779957 -0.09651745237766629
24 -0.009577250705644219 -0.10609470308331051
25 -0.0018893413498901612 -0.10798404443320067
26 0.001262890299164654 -0.10672115413403602
27 0.00010248695077083592 -0.10661866718326518
28 -0.001342464222304357 -0.10796113140556954
29 0.0011398910919094285 -0.10682124031366011
30 -0.019924813786465545 -0.12674605410012565
31 0.0016664012432568154 -0.12507965285686884
32 0.002373546464235654 -0.12270610639263319
33 -0.0034214751248345388 -0.12612758151746772
34 0.0017041801784161148 -0.12442340133905161
35 -0.0013411954044948715 -0.12576459674354648
36 0.0017449765265989126 -0.12401962021694757
37 0.00041905466640318467 -0.12360056555054438
38 -0.018506082402445417 -0.1421066479529898
39 -0.0025600018764214416 -0.14466664982941124
40 0.00392715892866502 -0.14073949090074622
41 0.0004968916731057649 -0.14024259922764046
42 -0.0008414751683963051 -0.14108407439603676
43 0.0009428674208397658 -0.140141206975197
44 -0.004504066745307206 -0.1446452737205042
45 0.01083533344408133 -0.13380994027642287
46 -0.0005968210437973798 -0.13440676132022025
47 0.0002096768031014662 -0.1341970845171188
48 -0.00047201184952960773 -0.1346690963666484
49 0.003993625966488973 -0.13067547040015942
50 -0.0049960382246233 -0.13567150862478272
51 0.0013149271259419448 -0.13435658149884078
52 -0.03347893499773394 -0.16783551649657472
53 0.0015844100776001013 -0.16625110641897461
54 -0.003689981499164746 -0.16994108791813936
55 0.00317281184462484 -0.16676827607351452
56 -0.003686388006675201 -0.17045466408018972
57 -0.020660296814975138 -0.19111496089516486
58 -0.004755837748163461 -0.19587079864332832
59 0.004586633546587199 -0.19128416509674112
60 -0.004742170439523158 -0.19602633553626428
61 0.0019750817216954986 -0.19405125381456878
62 0.0002844347506397449 -0.19376681906392904
63 0.00028426480282453537 -0.1934825542611045
64 -0.000854520984670537 -0.19433707524577504
65 0.004126851092009914 -0.19021022415376512
66 -0.003047123829823556 -0.19325734798358868
67 0.003143914100335571 -0.1901134338832531
68 -0.00023627097372352912 -0.19034970485697664
69 -2.3387098129767914e-05 -0.1903730919551064
70 -0.13955970178801255 -0.32993279374311896
71 -0.0009282062778100952 -0.33086100002092905
72 -0.00024640586811974785 -0.3311074058890488
73 0.00025949622010668083 -0.3308479096689421
74 0.0001818164167405878 -0.33066609325220153
75 -0.002634479957718011 -0.33330057320991957
76 -0.04372998536793524 -0.37703055857785484
77 -0.002468911395177964 -0.3794994699730328
78 0.005757931557292761 -0.37374153841574004
79 -0.004323403738500209 -0.37806494215424025
80 -0.002472620477921461 -0.3805375626321617
81 0.002786851940075108 -0.3777507106920866
82 -0.009869706268853362 -0.38762041696093996
83 0.002863062787342857 -0.38475735417359713
84 -0.0010361467981751527 -0.3857935009717723
85 0.0013323890778447756 -0.3844611118939275
86 -0.003091983911077817 -0.3875530958050053
87 0.0020337917408530803 -0.38551930406415225
88 0.010390718927301534 -0.3751285851368507
89 0.000517454340790896 -0.3746111307960598
90 -0.0025344312055804175 -0.3771455620016402
91 0 -0.3771455620016402


# Displacement abs and sum
0 0.0009209857412661449 0.0009209857412661449
1 0.0013913243980668288 0.0023123101393329737
2 0.001127493794775336 0.0034398039341083098
3 0.0012215266280380943 0.004661330562146404
4 0.0013332186123847234 0.0059945491745311275
5 0.006258199257952457 0.012252748432483584
6 0.00423177152843332 0.016484519960916905
7 0.0033993643907662408 0.019883884351683145
8 0.0005444578720286697 0.020428342223711815
9 0.001146086248281608 0.021574428471993423
10 0.001072920572882441 0.022647349044875864
11 0.0017403357923039264 0.02438768483717979
12 0.060529619258464756 0.08491730409564455
13 0.0024308938618117504 0.0873481979574563
14 7.661616930898507e-05 0.08742481412676528
15 0.0022454239898760386 0.08967023811664132
16 0.005384794769882628 0.09505503288652395
17 0.001572566182548557 0.0966275990690725
18 0.04056607113565153 0.13719367020472403
19 0.0012916849035225775 0.1384853551082466
20 0.00021178821767470213 0.1386971433259213
21 0.003019587173365562 0.14171673049928687
22 0.0035489536370474917 0.14526568413633437
23 0.0006620066412779957 0.14592769077761236
24 0.009577250705644219 0.15550494148325658
25 0.0018893413498901612 0.15739428283314674
26 0.001262890299164654 0.1586571731323114
27 0.00010248695077083592 0.15875966008308223
28 0.001342464222304357 0.1601021243053866
29 0.0011398910919094285 0.16124201539729602
30 0.019924813786465545 0.18116682918376156
31 0.0016664012432568154 0.18283323042701838
32 0.002373546464235654 0.18520677689125403
33 0.0034214751248345388 0.18862825201608857
34 0.0017041801784161148 0.19033243219450469
35 0.0013411954044948715 0.19167362759899956
36 0.0017449765265989126 0.19341860412559847
37 0.00041905466640318467 0.19383765879200165
38 0.018506082402445417 0.21234374119444707
39 0.0025600018764214416 0.2149037430708685
40 0.00392715892866502 0.21883090199953353
41 0.0004968916731057649 0.2193277936726393
42 0.0008414751683963051 0.2201692688410356
43 0.0009428674208397658 0.22111213626187537
44 0.004504066745307206 0.22561620300718258
45 0.01083533344408133 0.2364515364512639
46 0.0005968210437973798 0.23704835749506128
47 0.0002096768031014662 0.23725803429816275
48 0.00047201184952960773 0.23773004614769236
49 0.003993625966488973 0.24172367211418133
50 0.0049960382246233 0.24671971033880463
51 0.0013149271259419448 0.24803463746474658
52 0.03347893499773394 0.28151357246248054
53 0.0015844100776001013 0.2830979825400807
54 0.003689981499164746 0.28678796403924545
55 0.00317281184462484 0.28996077588387026
56 0.003686388006675201 0.29364716389054546
57 0.020660296814975138 0.3143074607055206
58 0.004755837748163461 0.3190632984536841
59 0.004586633546587199 0.32364993200027126
60 0.004742170439523158 0.32839210243979444
61 0.0019750817216954986 0.3303671841614899
62 0.0002844347506397449 0.3306516189121297
63 0.00028426480282453537 0.3309358837149542
64 0.000854520984670537 0.33179040469962473
65 0.004126851092009914 0.3359172557916347
66 0.003047123829823556 0.3389643796214582
67 0.003143914100335571 0.34210829372179374
68 0.00023627097372352912 0.3423445646955173
69 2.3387098129767914e-05 0.34236795179364704
70 0.13955970178801255 0.48192765358165957
71 0.0009282062778100952 0.48285585985946966
72 0.00024640586811974785 0.4831022657275894
73 0.00025949622010668083 0.4833617619476961
74 0.0001818164167405878 0.4835435783644367
75 0.002634479957718011 0.48617805832215466
76 0.04372998536793524 0.5299080436900899
77 0.002468911395177964 0.5323769550852679
78 0.005757931557292761 0.5381348866425607
79 0.004323403738500209 0.5424582903810609
80 0.002472620477921461 0.5449309108589824
81 0.002786851940075108 0.5477177627990575
82 0.009869706268853362 0.5575874690679108
83 0.002863062787342857 0.5604505318552536
84 0.0010361467981751527 0.5614866786534287
85 0.0013323890778447756 0.5628190677312734
86 0.003091983911077817 0.5659110516423512
87 0.0020337917408530803 0.5679448433832043
88 0.010390718927301534 0.5783355623105058
89 0.000517454340790896 0.5788530166512966
90 0.0025344312055804175 0.581387447856877
91 0 0.581387447856877


# Displacement mean and std deviation
-0.0040994082826265234 0.017564839152937665

# Displacement mean absolute value and std deviation
0.006319428781053011 0.016893594721593085

# Distance to GT
0.32320925399814504