# SLAM - pose_x pose_y orientation time
0 16.4574 3.01147 -3.13515 1504013511.6391912
1 16.2536 3.02374 3.14059 1504013513.757262
2 16.0773 3.0336 3.13368 1504013515.673515
3 15.8667 3.04394 3.12642 1504013517.791563
4 15.6558 3.05484 3.12071 1504013519.909603
5 15.4519 3.06703 3.11267 1504013521.926775
6 15.0406 3.10272 3.10028 1504013526.061952
7 14.8314 3.12358 3.09697 1504013528.1800342
8 14.6379 3.14401 3.09253 1504013530.1971781
9 14.428 3.158 3.08408 1504013532.315207
10 14.2535 3.18973 3.06941 1504013534.3324292
11 14.0409 3.22554 3.04942 1504013536.3495722
12 13.8518 3.26447 3.03122 1504013538.467608
13 13.6478 3.30606 3.01442 1504013540.585612
14 13.4413 3.35503 2.99347 1504013542.703688
15 13.2445 3.409 2.96922 1504013544.720968
16 12.861 3.55148 2.9072 1504013548.956864
17 12.6692 3.63936 2.86738 1504013551.074924
18 12.5005 3.7457 2.81745 1504013553.2937999
19 12.3409 3.84778 2.77233 1504013555.512684
20 12.182 3.96451 2.7252 1504013557.731585
21 11.9868 4.09986 2.67038 1504013559.950473
22 11.858 4.23728 2.61568 1504013562.1693609
23 11.6874 4.3842 2.56002 1504013564.489114
24 11.5533 4.54137 2.50386 1504013566.707973
25 11.4207 4.70678 2.44977 1504013568.926891
26 11.2801 4.86766 2.40102 1504013571.145771
27 11.0757 5.2184 2.30121 1504013575.48272
28 10.968 5.40429 2.25054 1504013577.802457
29 10.8812 5.59219 2.1995 1504013580.1222012
30 10.8005 5.78875 2.15274 1504013582.34108
31 10.7209 5.98096 2.11332 1504013584.559982
32 10.6462 6.17328 2.07439 1504013586.7788649
33 10.5797 6.37034 2.03261 1504013588.896883
34 10.5249 6.56374 1.99763 1504013591.014913
35 10.4631 6.75665 1.96509 1504013593.132958
36 10.4147 6.95243 1.93557 1504013595.2509718
37 10.3678 7.15684 1.9092 1504013597.2681448
38 10.2876 7.56364 1.86155 1504013601.40337
39 10.2513 7.76091 1.84452 1504013603.521396
40 10.2163 7.96124 1.8309 1504013605.6394198
41 10.1829 8.15783 1.82031 1504013607.6565871
42 10.145 8.34672 1.81085 1504013609.572916
43 10.0971 8.55802 1.80466 1504013611.690921
44 10.0512 8.75078 1.809 1504013613.7081048
45 10.0004 8.9537 1.82569 1504013615.8261461
46 9.86819 9.3452 1.85867 1504013620.062203
47 9.79407 9.53455 1.88327 1504013622.0794098
48 9.71645 9.72414 1.90815 1504013624.096564
49 9.63841 9.91324 1.93257 1504013626.2145731
50 9.54222 10.0902 1.96202 1504013628.332651
51 9.44561 10.2655 1.98967 1504013630.450646
52 9.3225 10.4403 2.02751 1504013632.669518
53 9.19991 10.6061 2.068 1504013634.7875578
54 8.95021 10.9248 2.14247 1504013639.0236611
55 8.81534 11.0803 2.1779 1504013641.141669
56 8.67912 11.2294 2.21121 1504013643.259703
57 8.53791 11.3791 2.24668 1504013645.377732
58 8.3879 11.5225 2.27631 1504013647.495732
59 8.23618 11.6523 2.29958 1504013649.6137831
60 8.07259 11.7785 2.3216 1504013651.731817
61 7.91995 11.9125 2.33965 1504013653.849835
62 7.77112 12.0512 2.36431 1504013655.867012
63 7.60339 12.1891 2.38975 1504013657.985056
64 7.44267 12.3199 2.41112 1504013660.103059
65 7.11677 12.5715 2.45845 1504013664.238292
66 6.94146 12.6843 2.48641 1504013666.3563058
67 6.76138 12.7892 2.51275 1504013668.474339
68 6.58474 12.8854 2.544 1504013670.592381
69 6.39897 12.9753 2.58514 1504013672.8112588
70 6.20015 13.0528 2.63524 1504013675.030155
71 5.9939 13.1071 2.69023 1504013677.249023
72 5.78997 13.1617 2.74634 1504013679.5688052
73 5.57663 13.1961 2.80848 1504013681.888543
74 5.36061 13.2064 2.87408 1504013684.2082849
75 5.15448 13.2188 2.93538 1504013686.528037
76 4.73526 13.1791 3.05381 1504013691.066672
77 4.52949 13.1735 3.09258 1504013693.184711
78 4.31316 13.1717 3.11173 1504013695.201906


# GT - pose_x pose_y orientation time
0 16.4593 2.9924 -3.13519 1504013511.6323228
1 16.253 2.9959 3.1406 1504013513.7346213
2 16.0517 3.0011 3.1325 1504013515.6553884
3 15.8425 2.9981 3.1267 1504013517.812459
4 15.6348 2.9992 3.1207 1504013519.9176333
5 15.4304 3.0041 3.1138 1504013521.9555063
6 15.0241 3.0197 3.1017 1504013526.0326285
7 14.8142 3.0296 3.0963 1504013528.1953218
8 14.6147 3.0414 3.0921 1504013530.1739514
9 14.4014 3.0521 3.0836 1504013532.3321354
10 14.2013 3.0639 3.0698 1504013534.3171923
11 13.9963 3.0804 3.0513 1504013536.355342
12 13.7922 3.0993 3.0333 1504013538.452656
13 13.583 3.1242 3.0153 1504013540.6131673
14 13.3796 3.1521 2.9952 1504013542.7200894
15 13.1852 3.1825 2.9721 1504013544.693476
16 12.7784 3.2677 2.9097 1504013548.958334
17 12.5859 3.3168 2.8705 1504013551.0539925
18 12.3887 3.3803 2.8223 1504013553.2744622
19 12.1976 3.4516 2.7745 1504013555.49444
20 12.0084 3.5303 2.7265 1504013557.7113457
21 11.8279 3.6205 2.6752 1504013559.9336834
22 11.6482 3.7116 2.6223 1504013562.1566236
23 11.4701 3.8213 2.5649 1504013564.493435
24 11.3009 3.9386 2.5086 1504013566.7191377
25 11.1408 4.066 2.4561 1504013568.930975
26 10.9859 4.2002 2.4023 1504013571.1536613
27 10.6991 4.4857 2.3045 1504013575.4703746
28 10.5633 4.6477 2.2504 1504013577.814621
29 10.4392 4.8119 2.2014 1504013580.0909748
30 10.3247 4.9852 2.1556 1504013582.3168037
31 10.217 5.1592 2.1136 1504013584.5332403
32 10.1154 5.338 2.0745 1504013586.7514696
33 10.0194 5.5197 2.0329 1504013588.9161148
34 9.9309 5.7035 1.9955 1504013591.0126204
35 9.8486 5.8886 1.9648 1504013593.1132169
36 9.7658 6.0822 1.9351 1504013595.2779229
37 9.6954 6.2697 1.9098 1504013597.253079
38 9.5729 6.6602 1.8629 1504013601.3927999
39 9.5199 6.8558 1.8456 1504013603.494424
40 9.4688 7.057 1.8316 1504013605.650722
41 9.4174 7.251 1.8223 1504013607.6323047
42 9.3626 7.4447 1.8144 1504013609.5541391
43 9.3148 7.6493 1.8075 1504013611.7130976
44 9.268 7.8411 1.8123 1504013613.6911163
45 9.2156 8.0474 1.8262 1504013615.853368
46 9.1097 8.4413 1.8617 1504013620.0501862
47 9.048 8.6443 1.8839 1504013622.0915499
48 8.9847 8.8309 1.9072 1504013624.077107
49 8.9119 9.0256 1.9323 1504013626.2334352
50 8.8358 9.2127 1.9591 1504013628.3307533
51 8.7565 9.3947 1.9897 1504013630.4327865
52 8.6683 9.5803 2.0277 1504013632.6508987
53 8.5663 9.7673 2.0672 1504013634.8117576
54 8.3577 10.1105 2.1416 1504013639.0109677
55 8.2469 10.2758 2.1763 1504013641.1129756
56 8.1274 10.4424 2.2121 1504013643.2784016
57 8.0016 10.6055 2.246 1504013645.3712654
58 7.8726 10.7618 2.2762 1504013647.4697866
59 7.7348 10.9189 2.3035 1504013649.632513
60 7.596 11.0711 2.3279 1504013651.7311418
61 7.4518 11.2206 2.3517 1504013653.8328774
62 7.3061 11.3656 2.3744 1504013655.8721411
63 7.1586 11.5076 2.3962 1504013657.9710183
64 7.0004 11.6485 2.4187 1504013660.1295178
65 6.6918 11.9085 2.4623 1504013664.2118292
66 6.5239 12.0367 2.4892 1504013666.369401
67 6.3579 12.1549 2.5174 1504013668.4750943
68 6.1934 12.2668 2.5486 1504013670.5737987
69 6.0195 12.3798 2.5887 1504013672.7923625
70 5.8412 12.4829 2.6378 1504013675.0115209
71 5.6581 12.5755 2.6918 1504013677.2314816
72 5.4656 12.6611 2.7504 1504013679.571048
73 5.2688 12.7351 2.812 1504013681.9151964
74 5.074 12.7955 2.8745 1504013684.1897418
75 4.8782 12.844 2.9376 1504013686.5315695
76 4.474 12.9029 3.0535 1504013691.0917556
77 4.2698 12.917 3.0916 1504013693.193568
78 4.0574 12.9289 3.1097 1504013695.229547


# Displacement and sum
0 0.0021606574184604155 0.0021606574184604155
1 0.024791645441653215 0.02695230286011363
2 -0.0016321735073189236 0.025320129352794707
3 -0.003478573096287546 0.02184155625650716
4 0.0001946647044901162 0.022036220960997277
5 -0.006246198886024401 0.015790022074972876
6 -0.00010409762670315903 0.015685924448269717
7 0.005273142820959781 0.020959067269229498
8 0.003202503627105363 0.02416157089633486
9 0.023086289794887555 0.047247860691222415
10 -0.009931843662883216 0.0373160170283392
11 0.01190754266742236 0.04922355969576156
12 0.0024802788857209435 0.0517038385814825
13 -0.006922448175397833 0.04478139040608467
14 -0.007303569873705451 0.03747782053237922
15 0.006514160639092326 0.043991981171471545
16 -0.012311068265467073 0.03168091290600447
17 0.0077527740935740275 0.0394336869995785
18 0.01451476508435448 0.05394845208393298
19 0.007747719099955086 0.061696171183888066
20 -0.03575177087309775 0.025944400310790316
21 0.013128205579292423 0.03907260589008274
22 -0.015970205856394498 0.023102400033688242
23 -0.0007207225410872653 0.022381677492600976
24 -0.007394245004792105 0.014987432487808872
25 -0.00871240460098835 0.006275027886820522
26 -0.0012748305530775883 0.005000197333742934
27 -0.0034459273989063677 0.0015542699348365663
28 -0.0011584267721572727 0.00039584316267929354
29 -0.0047720808600745235 -0.00437623769739523
30 -0.0034059588063208857 -0.007782196503716116
31 -0.0006677031870352401 -0.008449899690751356
32 -0.002476551291650253 -0.010926450982401609
33 0.0029828593248483193 -0.00794359165755329
34 4.422926360825308e-06 -0.007939168731192464
35 0.008889138676133695 0.0009499699449412313
36 -0.009440554237003657 -0.008490584292062425
37 -0.005366930512096746 -0.013857514804159171
38 0.002071289588098074 -0.011786225216061097
39 0.004223219260698852 -0.007563005955362245
40 0.0012866055628383 -0.006276400392523945
41 0.008647860696594872 0.002371460304070927
42 -0.006551761078928631 -0.004180300774857704
43 -0.0007223570786251965 -0.0049026578534829
44 0.0036686324150688454 -0.0012340254384140548
45 -0.005333904667761458 -0.006567930106175512
46 0.00882938258542712 0.0022614524792516078
47 -0.007819652190342558 -0.00555819971109095
48 0.003294765208452427 -0.0022634345026385227
49 0.0005708073023493465 -0.0016926272002891762
50 -0.0016331003579493353 -0.0033257275582385115
51 -0.008310452760785875 -0.011636180319024386
52 0.006810582241865593 -0.004825598077158794
53 -0.003248116375330512 -0.008073714452489306
54 -0.006840827295121865 -0.01491454174761117
55 0.003069194441616907 -0.011845347305994264
56 0.00018674443203395286 -0.011658602873960311
57 -0.004865793476712621 -0.016524396350672932
58 0.009304668919277725 -0.0072197274313952065
59 -0.0006249390883450723 -0.007844666519740279
60 0.004597879311843633 -0.0032467872078966453
61 0.0021159835097336044 -0.001130803698163041
62 -0.012395608754068449 -0.01352641245223149
63 0.004630496192826183 -0.008895916259405307
64 -0.008193112877423081 -0.017089029136828388
65 0.0027833681926394127 -0.014305660944188975
66 -0.0046230786997620565 -0.01892873964395103
67 -0.0021851878214266263 -0.021113927465377658
68 0.00100951874588312 -0.020104408719494538
69 -0.0074284455912281 -0.027532854310722638
70 -0.008094363771500995 -0.03562721808222363
71 -0.00043859796220524494 -0.03606581604442888
72 -0.005842816580436311 -0.04190863262486519
73 -0.012316403324147268 -0.05422503594901246
74 -0.004785279945004911 -0.05901031589401737
75 -0.012626683482150347 -0.07163699937616771
76 -0.0011599642014144818 -0.0727969635775822
77 -0.0036043927438871026 -0.0764013563214693
78 0 -0.0764013563214693


# Displacement abs and sum
0 0.0021606574184604155 0.0021606574184604155
1 0.024791645441653215 0.02695230286011363
2 0.0016321735073189236 0.028584476367432554
3 0.003478573096287546 0.0320630494637201
4 0.0001946647044901162 0.032257714168210216
5 0.006246198886024401 0.03850391305423462
6 0.00010409762670315903 0.03860801068093778
7 0.005273142820959781 0.04388115350189756
8 0.003202503627105363 0.04708365712900292
9 0.023086289794887555 0.07016994692389047
10 0.009931843662883216 0.08010179058677369
11 0.01190754266742236 0.09200933325419605
12 0.0024802788857209435 0.094489612139917
13 0.006922448175397833 0.10141206031531483
14 0.007303569873705451 0.10871563018902028
15 0.006514160639092326 0.1152297908281126
16 0.012311068265467073 0.12754085909357968
17 0.0077527740935740275 0.1352936331871537
18 0.01451476508435448 0.1498083982715082
19 0.007747719099955086 0.15755611737146327
20 0.03575177087309775 0.19330788824456102
21 0.013128205579292423 0.20643609382385344
22 0.015970205856394498 0.22240629968024794
23 0.0007207225410872653 0.2231270222213352
24 0.007394245004792105 0.2305212672261273
25 0.00871240460098835 0.23923367182711566
26 0.0012748305530775883 0.24050850238019325
27 0.0034459273989063677 0.24395442977909962
28 0.0011584267721572727 0.2451128565512569
29 0.0047720808600745235 0.24988493741133141
30 0.0034059588063208857 0.25329089621765233
31 0.0006677031870352401 0.25395859940468757
32 0.002476551291650253 0.2564351506963378
33 0.0029828593248483193 0.25941801002118614
34 4.422926360825308e-06 0.25942243294754697
35 0.008889138676133695 0.2683115716236807
36 0.009440554237003657 0.2777521258606843
37 0.005366930512096746 0.28311905637278106
38 0.002071289588098074 0.2851903459608791
39 0.004223219260698852 0.28941356522157796
40 0.0012866055628383 0.29070017078441623
41 0.008647860696594872 0.2993480314810111
42 0.006551761078928631 0.3058997925599397
43 0.0007223570786251965 0.30662214963856493
44 0.0036686324150688454 0.3102907820536338
45 0.005333904667761458 0.31562468672139526
46 0.00882938258542712 0.3244540693068224
47 0.007819652190342558 0.33227372149716494
48 0.003294765208452427 0.33556848670561734
49 0.0005708073023493465 0.3361392940079667
50 0.0016331003579493353 0.33777239436591605
51 0.008310452760785875 0.3460828471267019
52 0.006810582241865593 0.3528934293685675
53 0.003248116375330512 0.356141545743898
54 0.006840827295121865 0.36298237303901987
55 0.003069194441616907 0.3660515674806368
56 0.00018674443203395286 0.36623831191267076
57 0.004865793476712621 0.3711041053893834
58 0.009304668919277725 0.3804087743086611
59 0.0006249390883450723 0.3810337133970062
60 0.004597879311843633 0.38563159270884984
61 0.0021159835097336044 0.38774757621858347
62 0.012395608754068449 0.4001431849726519
63 0.004630496192826183 0.40477368116547807
64 0.008193112877423081 0.41296679404290115
65 0.0027833681926394127 0.41575016223554057
66 0.0046230786997620565 0.4203732409353026
67 0.0021851878214266263 0.4225584287567292
68 0.00100951874588312 0.42356794750261234
69 0.0074284455912281 0.4309963930938404
70 0.008094363771500995 0.4390907568653414
71 0.00043859796220524494 0.4395293548275466
72 0.005842816580436311 0.4453721714079829
73 0.012316403324147268 0.4576885747321302
74 0.004785279945004911 0.4624738546771351
75 0.012626683482150347 0.47510053815928543
76 0.0011599642014144818 0.47626050236069994
77 0.0036043927438871026 0.4798648951045871
78 0 0.4798648951045871


# Distance slam gt
0 0.01916441754919784
1 0.027846464766645256
2 0.04137160862233932
3 0.051835755999117356
4 0.05947108204833631
5 0.06650139021103205
6 0.08464378535958807
7 0.09554098806271609
8 0.1052000575094905
9 0.10918960573241407
10 0.1362278565492393
11 0.1518380044652856
12 0.17559410269140663
13 0.19305983424834894
14 0.21210251035761016
15 0.23413402144925435
16 0.2955568446170724
17 0.3331423773703966
18 0.38212092326906144
19 0.42129975361967653
20 0.46762729186821456
21 0.5050101183144751
22 0.5659995604238583
23 0.6033868576626441
24 0.653481011889404
25 0.6992446055565965
26 0.729422025716251
27 0.8238184569430332
28 0.8580271080216516
29 0.8967811796084937
30 0.9338512957104039
31 0.9639526480071512
32 0.9896672766137118
33 1.018589465682814
34 1.0453941159199251
35 1.0635417492980708
36 1.0855281953500784
37 1.1131662677246383
38 1.151954827065714
39 1.1636881335220364
40 1.1732034041887196
41 1.1867311822396847
42 1.1940644205401976
43 1.199068525314546
44 1.200383248133695
45 1.1988706060288579
46 1.1799755463991617
47 1.1615358399119673
48 1.154701589199565
49 1.1470490615923978
50 1.1265147430903861
51 1.1104797306119538
52 1.0805450661587426
53 1.0512121917576858
54 1.0070514336914473
55 0.9850605481898052
56 0.9611264008443431
57 0.9413210802377691
58 0.9188027971224306
59 0.8884016346225387
60 0.852967049832524
61 0.8353981281401104
62 0.8284267984559642
63 0.813806115791716
64 0.8039780549865774
65 0.7875077783107925
66 0.7705466329820673
67 0.7517530182180844
68 0.7319924559720552
69 0.706128692874041
70 0.6735214269048897
71 0.6287767489339924
72 0.5965033586661523
73 0.5543287011331817
74 0.5009831355445012
75 0.4656239667371094
76 0.38018841065976705
77 0.3650084192179687
78 0.35265424653617783


# Displacement mean and std deviation
-0.0009671057762211303 0.008402203486239051

# Displacement mean absolute value and std deviation
0.006074239178539077 0.005885230276588062

# Distance to GT
0.35265424653617783