# SLAM - pose_x pose_y orientation time
16.4574 3.01147 3.1480353071795864 1504013511.6391912
16.2536 3.02374 3.14059 1504013513.757262
16.0773 3.0336 3.13368 1504013515.673515
15.8667 3.04394 3.12642 1504013517.791563
15.6558 3.05484 3.12071 1504013519.909603
15.4519 3.06703 3.11267 1504013521.926775
15.2392 3.08553 3.10511 1504013524.044773
15.0406 3.10272 3.10028 1504013526.061952
14.8314 3.12358 3.09697 1504013528.1800342
14.6379 3.14401 3.09253 1504013530.1971781
14.428 3.158 3.08408 1504013532.315207
14.2535 3.18973 3.06941 1504013534.3324292
14.0409 3.22554 3.04942 1504013536.3495722
13.8518 3.26447 3.03122 1504013538.467608
13.6478 3.30606 3.01442 1504013540.585612
13.4413 3.35503 2.99347 1504013542.703688
13.2445 3.409 2.96922 1504013544.720968
13.0557 3.47542 2.94109 1504013546.8388538
12.861 3.55148 2.9072 1504013548.956864
12.6692 3.63936 2.86738 1504013551.074924
12.5005 3.7457 2.81745 1504013553.2937999
12.3409 3.84778 2.77233 1504013555.512684
12.182 3.96451 2.7252 1504013557.731585
11.9868 4.09986 2.67038 1504013559.950473
11.858 4.23728 2.61568 1504013562.1693609
11.6874 4.3842 2.56002 1504013564.489114
11.5533 4.54137 2.50386 1504013566.707973
11.4207 4.70678 2.44977 1504013568.926891
11.2801 4.86766 2.40102 1504013571.145771
11.1667 5.03792 2.35128 1504013573.3646631
11.0757 5.2184 2.30121 1504013575.48272
10.968 5.40429 2.25054 1504013577.802457
10.8812 5.59219 2.1995 1504013580.1222012
10.8005 5.78875 2.15274 1504013582.34108
10.7209 5.98096 2.11332 1504013584.559982
10.6462 6.17328 2.07439 1504013586.7788649
10.5797 6.37034 2.03261 1504013588.896883
10.5249 6.56374 1.99763 1504013591.014913
10.4631 6.75665 1.96509 1504013593.132958
10.4147 6.95243 1.93557 1504013595.2509718
10.3678 7.15684 1.9092 1504013597.2681448
10.3207 7.3586 1.88529 1504013599.285323
10.2876 7.56364 1.86155 1504013601.40337
10.2513 7.76091 1.84452 1504013603.521396
10.2163 7.96124 1.8309 1504013605.6394198
10.1829 8.15783 1.82031 1504013607.6565871
10.145 8.34672 1.81085 1504013609.572916
10.0971 8.55802 1.80466 1504013611.690921
10.0512 8.75078 1.809 1504013613.7081048
10.0004 8.9537 1.82569 1504013615.8261461
9.93847 9.14559 1.84377 1504013617.9441679
9.86819 9.3452 1.85867 1504013620.062203
9.79407 9.53455 1.88327 1504013622.0794098
9.71645 9.72414 1.90815 1504013624.096564
9.63841 9.91324 1.93257 1504013626.2145731
9.54222 10.0902 1.96202 1504013628.332651
9.44561 10.2655 1.98967 1504013630.450646
9.3225 10.4403 2.02751 1504013632.669518
9.19991 10.6061 2.068 1504013634.7875578
9.07853 10.7685 2.10589 1504013636.9055748
8.95021 10.9248 2.14247 1504013639.0236611
8.81534 11.0803 2.1779 1504013641.141669
8.67912 11.2294 2.21121 1504013643.259703
8.53791 11.3791 2.24668 1504013645.377732
8.3879 11.5225 2.27631 1504013647.495732
8.23618 11.6523 2.29958 1504013649.6137831
8.07259 11.7785 2.3216 1504013651.731817
7.91995 11.9125 2.33965 1504013653.849835
7.77112 12.0512 2.36431 1504013655.867012
7.60339 12.1891 2.38975 1504013657.985056
7.44267 12.3199 2.41112 1504013660.103059
7.28044 12.4459 2.43153 1504013662.2210948
7.11677 12.5715 2.45845 1504013664.238292
6.94146 12.6843 2.48641 1504013666.3563058
6.76138 12.7892 2.51275 1504013668.474339
6.58474 12.8854 2.544 1504013670.592381
6.39897 12.9753 2.58514 1504013672.8112588
6.20015 13.0528 2.63524 1504013675.030155
5.9939 13.1071 2.69023 1504013677.249023
5.78997 13.1617 2.74634 1504013679.5688052
5.57663 13.1961 2.80848 1504013681.888543
5.36061 13.2064 2.87408 1504013684.2082849
5.15448 13.2188 2.93538 1504013686.528037
4.94209 13.2061 2.99709 1504013688.847782
4.73526 13.1791 3.05381 1504013691.066672
4.52949 13.1735 3.09258 1504013693.184711
4.31316 13.1717 3.11173 1504013695.201906


# GT - pose_x pose_y orientation time
16.4593 2.9924 3.147995307179586 1504013511.6323228
16.253 2.9959 3.1406 1504013513.7346213
16.0517 3.0011 3.1325 1504013515.6553884
15.8425 2.9981 3.1267 1504013517.812459
15.6348 2.9992 3.1207 1504013519.9176333
15.4304 3.0041 3.1138 1504013521.9555063
15.2222 3.0109 3.1066 1504013524.0528755
15.0241 3.0197 3.1017 1504013526.0326285
14.8142 3.0296 3.0963 1504013528.1953218
14.6147 3.0414 3.0921 1504013530.1739514
14.4014 3.0521 3.0836 1504013532.3321354
14.2013 3.0639 3.0698 1504013534.3171923
13.9963 3.0804 3.0513 1504013536.355342
13.7922 3.0993 3.0333 1504013538.452656
13.583 3.1242 3.0153 1504013540.6131673
13.3796 3.1521 2.9952 1504013542.7200894
13.1852 3.1825 2.9721 1504013544.693476
12.9785 3.2258 2.9415 1504013546.8520126
12.7784 3.2677 2.9097 1504013548.958334
12.5859 3.3168 2.8705 1504013551.0539925
12.3887 3.3803 2.8223 1504013553.2744622
12.1976 3.4516 2.7745 1504013555.49444
12.0084 3.5303 2.7265 1504013557.7113457
11.8279 3.6205 2.6752 1504013559.9336834
11.6482 3.7116 2.6223 1504013562.1566236
11.4701 3.8213 2.5649 1504013564.493435
11.3009 3.9386 2.5086 1504013566.7191377
11.1408 4.066 2.4561 1504013568.930975
10.9859 4.2002 2.4023 1504013571.1536613
10.838 4.3412 2.3531 1504013573.3728805
10.6991 4.4857 2.3045 1504013575.4703746
10.5633 4.6477 2.2504 1504013577.814621
10.4392 4.8119 2.2014 1504013580.0909748
10.3247 4.9852 2.1556 1504013582.3168037
10.217 5.1592 2.1136 1504013584.5332403
10.1154 5.338 2.0745 1504013586.7514696
10.0194 5.5197 2.0329 1504013588.9161148
9.9309 5.7035 1.9955 1504013591.0126204
9.8486 5.8886 1.9648 1504013593.1132169
9.7658 6.0822 1.9351 1504013595.2779229
9.6954 6.2697 1.9098 1504013597.253079
9.6309 6.4654 1.8854 1504013599.2909684
9.5729 6.6602 1.8629 1504013601.3927999
9.5199 6.8558 1.8456 1504013603.494424
9.4688 7.057 1.8316 1504013605.650722
9.4174 7.251 1.8223 1504013607.6323047
9.3626 7.4447 1.8144 1504013609.5541391
9.3148 7.6493 1.8075 1504013611.7130976
9.268 7.8411 1.8123 1504013613.6911163
9.2156 8.0474 1.8262 1504013615.853368
9.1639 8.2443 1.8428 1504013617.953987
9.1097 8.4413 1.8617 1504013620.0501862
9.048 8.6443 1.8839 1504013622.0915499
8.9847 8.8309 1.9072 1504013624.077107
8.9119 9.0256 1.9323 1504013626.2334352
8.8358 9.2127 1.9591 1504013628.3307533
8.7565 9.3947 1.9897 1504013630.4327865
8.6683 9.5803 2.0277 1504013632.6508987
8.5663 9.7673 2.0672 1504013634.8117576
8.4645 9.9422 2.1054 1504013636.9146261
8.3577 10.1105 2.1416 1504013639.0109677
8.2469 10.2758 2.1763 1504013641.1129756
8.1274 10.4424 2.2121 1504013643.2784016
8.0016 10.6055 2.246 1504013645.3712654
7.8726 10.7618 2.2762 1504013647.4697866
7.7348 10.9189 2.3035 1504013649.632513
7.596 11.0711 2.3279 1504013651.7311418
7.4518 11.2206 2.3517 1504013653.8328774
7.3061 11.3656 2.3744 1504013655.8721411
7.1586 11.5076 2.3962 1504013657.9710183
7.0004 11.6485 2.4187 1504013660.1295178
6.8436 11.7845 2.4393 1504013662.234778
6.6918 11.9085 2.4623 1504013664.2118292
6.5239 12.0367 2.4892 1504013666.369401
6.3579 12.1549 2.5174 1504013668.4750943
6.1934 12.2668 2.5486 1504013670.5737987
6.0195 12.3798 2.5887 1504013672.7923625
5.8412 12.4829 2.6378 1504013675.0115209
5.6581 12.5755 2.6918 1504013677.2314816
5.4656 12.6611 2.7504 1504013679.571048
5.2688 12.7351 2.812 1504013681.9151964
5.074 12.7955 2.8745 1504013684.1897418
4.8782 12.844 2.9376 1504013686.5315695
4.6738 12.8857 2.9986 1504013688.8730888
4.474 12.9029 3.0535 1504013691.0917556
4.2698 12.917 3.0916 1504013693.193568
4.0574 12.9289 3.1097 1504013695.229547


# Displacement and sum
0 5.000000000032756e-05 5.000000000032756e-05
1 -0.0011900000000002464 -0.0011399999999999189
2 0.0014600000000002389 0.00032000000000032003
3 -0.0002900000000001235 3.0000000000196536e-05
4 0.0011399999999999189 0.0011700000000001154
5 0.000360000000000138 0.0015300000000002534
6 -7.00000000000145e-05 0.0014600000000002389
7 -0.0020899999999999253 -0.0006299999999996864
8 0.00023999999999979593 -0.00038999999999989043
9 -4.999999999988347e-05 -0.0004399999999997739
10 0.0008699999999999264 0.0004300000000001525
11 0.0014899999999999913 0.0019200000000001438
12 0.00020000000000042206 0.002120000000000566
13 -0.001200000000000312 0.000920000000000254
14 0.0008500000000002395 0.0017700000000004934
15 0.0011499999999999844 0.0029200000000004778
16 -0.0024700000000001943 0.0004500000000002835
17 0.0020899999999999253 0.0025400000000002088
18 0.0006200000000000649 0.0031600000000002737
19 0.0017299999999997873 0.004890000000000061
20 -0.0026799999999997937 0.0022100000000002673
21 -0.0008699999999999264 0.001340000000000341
22 0.0035199999999995235 0.004859999999999864
23 0.00180000000000069 0.006660000000000554
24 -0.0017400000000002969 0.0049200000000002575
25 -0.000140000000000029 0.0047800000000002285
26 0.0015900000000002024 0.006370000000000431
27 -0.005050000000000221 0.00132000000000021
28 0.0005399999999999849 0.0018600000000001948
29 0.0014699999999998603 0.003330000000000055
30 -0.003429999999999822 -9.999999999976694e-05
31 0.0020400000000000418 0.0019400000000002748
32 0.0009600000000000719 0.0029000000000003467
33 -0.0025800000000000267 0.00032000000000032003
34 -0.00017000000000022553 0.0001500000000000945
35 0.00018000000000029104 0.00033000000000038554
36 -0.0024200000000000887 -0.002089999999999703
37 0.0018400000000000638 -0.0002499999999996394
38 -0.000180000000000069 -0.0004299999999997084
39 0.0010699999999999044 0.000640000000000196
40 -0.0004899999999998794 0.00015000000000031655
41 0.0012399999999999078 0.0013900000000002244
42 -0.00026999999999999247 0.001120000000000232
43 -0.00038000000000004697 0.000740000000000185
44 0.0012900000000000134 0.0020300000000001983
45 0.0015600000000000058 0.003590000000000204
46 -0.0007099999999997664 0.0028800000000004378
47 -0.00045999999999990493 0.002420000000000533
48 0.00279000000000007 0.005210000000000603
49 0.0014799999999999258 0.006690000000000529
50 -0.0039999999999997815 0.0026900000000007473
51 0.0023999999999999577 0.005090000000000705
52 0.0015799999999999148 0.00667000000000062
53 -0.0006800000000000139 0.005990000000000606
54 0.002650000000000041 0.008640000000000647
55 -0.002950000000000008 0.005690000000000639
56 -0.00015999999999993797 0.005530000000000701
57 0.0009899999999998244 0.006520000000000525
58 -0.00030999999999981043 0.006210000000000715
59 0.0003799999999998249 0.00659000000000054
60 0.0007300000000003415 0.007320000000000881
61 -0.0024900000000003253 0.004830000000000556
62 0.0015700000000000713 0.006400000000000627
63 -0.0005699999999997374 0.00583000000000089
64 -0.0040300000000002 0.00180000000000069
65 -0.0023800000000000487 -0.0005799999999993588
66 -0.005750000000000366 -0.006329999999999725
67 0.001960000000000406 -0.004369999999999319
68 0.0036399999999998656 -0.0007299999999994533
69 -0.0011299999999998533 -0.0018599999999993067
70 -0.00018999999999991246 -0.002049999999999219
71 0.0039199999999999235 0.0018700000000007044
72 0.0010599999999998388 0.0029300000000005433
73 -0.0018599999999997507 0.0010700000000007925
74 4.999999999988347e-05 0.001120000000000676
75 0.001040000000000152 0.002160000000000828
76 0.0009999999999998899 0.003160000000000718
77 0.0009899999999998244 0.004150000000000542
78 -0.002489999999999881 0.001660000000000661
79 0.0005399999999999849 0.002200000000000646
80 0.0031000000000003247 0.005300000000000971
81 -0.00180000000000069 0.0035000000000002807
82 0.0007100000000002105 0.004210000000000491
83 0.0018199999999999328 0.006030000000000424
84 0.0006699999999999484 0.006700000000000372
85 0.0010500000000002174 0.00775000000000059
86 0 0.00775000000000059


# Displacement abs and sum
0 5.000000000032756e-05 5.000000000032756e-05
1 0.0011900000000002464 0.001240000000000574
2 0.0014600000000002389 0.002700000000000813
3 0.0002900000000001235 0.0029900000000009364
4 0.0011399999999999189 0.004130000000000855
5 0.000360000000000138 0.004490000000000993
6 7.00000000000145e-05 0.004560000000001008
7 0.0020899999999999253 0.006650000000000933
8 0.00023999999999979593 0.006890000000000729
9 4.999999999988347e-05 0.006940000000000612
10 0.0008699999999999264 0.007810000000000539
11 0.0014899999999999913 0.00930000000000053
12 0.00020000000000042206 0.009500000000000952
13 0.001200000000000312 0.010700000000001264
14 0.0008500000000002395 0.011550000000001504
15 0.0011499999999999844 0.012700000000001488
16 0.0024700000000001943 0.015170000000001682
17 0.0020899999999999253 0.017260000000001607
18 0.0006200000000000649 0.017880000000001672
19 0.0017299999999997873 0.01961000000000146
20 0.0026799999999997937 0.022290000000001253
21 0.0008699999999999264 0.02316000000000118
22 0.0035199999999995235 0.026680000000000703
23 0.00180000000000069 0.028480000000001393
24 0.0017400000000002969 0.03022000000000169
25 0.000140000000000029 0.03036000000000172
26 0.0015900000000002024 0.03195000000000192
27 0.005050000000000221 0.03700000000000214
28 0.0005399999999999849 0.03754000000000213
29 0.0014699999999998603 0.03901000000000199
30 0.003429999999999822 0.04244000000000181
31 0.0020400000000000418 0.04448000000000185
32 0.0009600000000000719 0.04544000000000192
33 0.0025800000000000267 0.04802000000000195
34 0.00017000000000022553 0.048190000000002176
35 0.00018000000000029104 0.04837000000000247
36 0.0024200000000000887 0.050790000000002555
37 0.0018400000000000638 0.05263000000000262
38 0.000180000000000069 0.05281000000000269
39 0.0010699999999999044 0.05388000000000259
40 0.0004899999999998794 0.05437000000000247
41 0.0012399999999999078 0.05561000000000238
42 0.00026999999999999247 0.05588000000000237
43 0.00038000000000004697 0.05626000000000242
44 0.0012900000000000134 0.05755000000000243
45 0.0015600000000000058 0.05911000000000244
46 0.0007099999999997664 0.059820000000002205
47 0.00045999999999990493 0.06028000000000211
48 0.00279000000000007 0.06307000000000218
49 0.0014799999999999258 0.0645500000000021
50 0.0039999999999997815 0.06855000000000189
51 0.0023999999999999577 0.07095000000000184
52 0.0015799999999999148 0.07253000000000176
53 0.0006800000000000139 0.07321000000000177
54 0.002650000000000041 0.07586000000000181
55 0.002950000000000008 0.07881000000000182
56 0.00015999999999993797 0.07897000000000176
57 0.0009899999999998244 0.07996000000000159
58 0.00030999999999981043 0.0802700000000014
59 0.0003799999999998249 0.08065000000000122
60 0.0007300000000003415 0.08138000000000156
61 0.0024900000000003253 0.08387000000000189
62 0.0015700000000000713 0.08544000000000196
63 0.0005699999999997374 0.0860100000000017
64 0.0040300000000002 0.0900400000000019
65 0.0023800000000000487 0.09242000000000195
66 0.005750000000000366 0.09817000000000231
67 0.001960000000000406 0.10013000000000272
68 0.0036399999999998656 0.10377000000000258
69 0.0011299999999998533 0.10490000000000244
70 0.00018999999999991246 0.10509000000000235
71 0.0039199999999999235 0.10901000000000227
72 0.0010599999999998388 0.11007000000000211
73 0.0018599999999997507 0.11193000000000186
74 4.999999999988347e-05 0.11198000000000174
75 0.001040000000000152 0.1130200000000019
76 0.0009999999999998899 0.11402000000000179
77 0.0009899999999998244 0.11501000000000161
78 0.002489999999999881 0.11750000000000149
79 0.0005399999999999849 0.11804000000000148
80 0.0031000000000003247 0.1211400000000018
81 0.00180000000000069 0.12294000000000249
82 0.0007100000000002105 0.1236500000000027
83 0.0018199999999999328 0.12547000000000263
84 0.0006699999999999484 0.12614000000000258
85 0.0010500000000002174 0.1271900000000028
86 0 0.1271900000000028


# Displacement mean and std deviation
8.908045977012172e-05 0.0018856101376550501

# Displacement mean absolute value and std deviation
0.0014619540229885378 0.0011942157904700405

# Distance to GT
0.35265424653617783