# SLAM - pose_x pose_y orientation time
0 17.3866348317 2.82875856456 3.085617129122625 1504014281.46
1 16.4737616993 2.78084580541 3.1357698023634857 1504014290.77
2 16.0086781224 2.78456173634 -3.124185409400502 1504014295.34
3 15.5707315183 2.76672034712 -3.1128659250595674 1504014299.77
4 15.3394267905 2.69522070712 -3.1284399254236996 1504014302.1
5 14.4119368969 2.6364933015 -3.1170123912045256 1504014311.33
6 13.9589373369 2.63345792043 3.1246647853027656 1504014315.81
7 13.570723505 2.64723903407 3.0782112356588125 1504014319.85
8 13.2929188018 2.66210196829 3.0257142956474943 1504014322.84
9 12.8338446439 2.73752393489 2.9286386627602576 1504014327.74
10 12.4395817369 3.00004110786 2.7996833450249796 1504014332.4
11 11.5590558383 3.70619192547 2.4471864292724232 1504014344.72
12 11.226037998 4.01305465308 2.348278041758365 1504014349.51
13 10.9168869209 4.35928980404 2.260087478073892 1504014354.32
14 10.779019919 4.58635341922 2.2464863393055112 1504014356.89
15 10.3649937161 5.35751416701 2.0568479540642546 1504014366.32
16 10.1520147174 5.80126790466 1.9771750655235254 1504014371.4
17 9.87394587598 6.43350790925 1.931411489387847 1504014378.25
18 9.73939258727 6.82658177365 1.9002567181958006 1504014382.44
19 9.63223166605 7.34294531408 1.8446355833743022 1504014387.37
20 9.46198550083 7.96069759469 1.8418190319568777 1504014393.77
21 9.24838765733 8.32172245323 1.8990000161906633 1504014398.19
22 9.10653740474 8.73517470637 1.9304100192885194 1504014402.51
23 8.84766087562 9.05903486086 1.9774716087618647 1504014407.03
24 8.17096690738 10.008151826 2.167376066707421 1504014418.92
25 7.59434438381 10.6728092659 2.3926665412013173 1504014428.57
26 7.22138639378 10.6349731065 2.4433669028629774 1504014431.13
27 6.6639104228 11.0391489923 2.5755466465083328 1504014438.3
28 6.32048784451 10.9743259687 2.6258400652468286 1504014440.74
29 5.2158817459 11.2404694755 2.839150876895868 1504014452.57
30 4.18032661597 11.0873219483 3.0390064203636977 1504014462.5
31 3.71674574195 10.9112529192 -3.134548832100152 1504014556.9
32 4.39307840088 11.056220963 3.003810484360426 1504014564.18
33 5.49055851355 10.962937392 2.7358244894496817 1504014576.22
34 5.90276235657 10.763914361 2.6549209447140427 1504014581.03
35 6.39624087173 10.7914483882 2.5975512823770557 1504014585.75
36 7.39878513501 10.2350933708 2.3682805924652337 1504014597.67
37 7.70944768247 9.8977514602 2.263258459698438 1504014602.62
38 8.15869022912 9.7390409681 2.1645562222725774 1504014607.43
39 9.02803899796 9.1307247735 1.9521204685148186 1504014617.56
40 9.17880905144 8.72805354368 1.8979934169177304 1504014622.0
41 9.32141678317 8.2560930957 1.856399483852279 1504014626.92
42 9.4846597937 8.1483820752 1.8344952770212426 1504014628.81
43 9.59432780313 7.73312048802 1.8108883565378382 1504014633.14
44 9.70458075515 7.26873139797 1.8075622615685487 1504014637.86
45 9.70858851631 7.03737218043 1.900676161585946 1504014639.85
46 9.78948670621 6.79911456735 1.9141434152572887 1504014642.41
47 9.94292188845 6.37033158632 1.9465821568503867 1504014646.97
48 10.0310805411 6.19950644698 1.9832398264178361 1504014648.84
49 10.1162401804 6.01983265141 2.0035103500387743 1504014650.82
50 10.2207072603 5.8056038237 2.027514618934112 1504014653.28
51 10.3257498412 5.60268535424 2.050861703315686 1504014655.63
52 10.4428433011 5.38781261346 2.0863056742897834 1504014658.15
53 10.5181289805 5.14058654917 2.102565124670196 1504014660.69
54 10.7519978051 4.77401598042 2.2090058247152577 1504014665.41
55 10.9274891679 4.38568777982 2.3408207730619432 1504014670.02
56 11.0917369237 4.22835709974 2.421431828714749 1504014672.64
57 11.4027376115 3.98911964893 2.5690863881063066 1504014677.3
58 11.6105560819 3.86614958552 2.6593127312319753 1504014680.19
59 11.628124371 3.65192591522 2.6874419517731147 1504014682.74
60 12.6392716404 3.14613507061 3.0395789485373044 1504014695.13
61 13.5289538984 3.05735692277 -3.1194721539165036 1504014704.08
62 14.0371005807 3.07591632009 -3.09764159064239 1504014709.23
63 14.6520889181 3.19013778398 -3.118912732816514 1504014715.39
64 15.1056913726 3.19271383215 3.135954215265968 1504014720.11
65 15.6044157716 3.21112518365 3.0983982236853196 1504014725.18
66 15.7852404859 3.31382128995 3.10060600638895 1504014727.22
67 16.6752979663 3.36331498332 2.995563989679398 1504014736.07


# GT - pose_x pose_y orientation time
0 17.3852 2.8287 3.0855 1504014281.4792686
1 16.4684 2.8668 3.1151 1504014290.7816033
2 16.0051 2.8801 3.1382 1504014295.3409169
3 15.5655 2.8713 -3.13359 1504014299.7796674
4 15.3325 2.8693 -3.13379 1504014302.1181986
5 14.4183 2.8706 3.1391 1504014311.3579028
6 13.9685 2.8797 3.0978 1504014315.799842
7 13.578 2.9042 3.0508 1504014319.8801332
8 13.2954 2.9364 3.0011 1504014322.8180156
9 12.8352 3.0238 2.9035 1504014327.7421412
10 12.432 3.1504 2.7888 1504014332.4176698
11 11.4817 3.6896 2.4782 1504014344.7173097
12 11.1388 3.9865 2.3791 1504014349.5171998
13 10.8201 4.322 2.291 1504014354.3172097
14 10.6606 4.5096 2.2528 1504014356.900538
15 10.1746 5.246 2.0786 1504014366.3195155
16 9.9513 5.6866 1.9986 1504014371.4236755
17 9.6931 6.3106 1.9093 1504014378.2578535
18 9.567 6.7076 1.8782 1504014382.4624746
19 9.4268 7.1739 1.8567 1504014387.3798897
20 9.2503 7.785 1.8542 1504014393.7431204
21 9.1271 8.2051 1.8672 1504014398.1777616
22 8.9984 8.6232 1.8985 1504014402.4955752
23 8.8404 9.0463 1.9447 1504014407.0575905
24 8.3211 10.0169 2.1803 1504014418.9419978
25 7.7352 10.6749 2.4057 1504014428.5976443
26 7.5583 10.8267 2.4564 1504014431.1158223
27 6.993 11.2252 2.589 1504014438.3187242
28 6.7948 11.3415 2.6258 1504014440.7156672
29 5.7664 11.7928 2.8345 1504014452.597208
30 4.8562 11.9782 3.0379 1504014462.4983974
31 4.3901 12.0174 3.1396 1504014556.8752675
32 5.0727 11.9606 2.9984 1504014564.1953506
33 6.1519 11.6642 2.7539 1504014576.194315
34 6.5716 11.4709 2.672 1504014581.054397
35 6.9669 11.2555 2.595 1504014585.737615
36 7.8826 10.5692 2.3892 1504014597.6735249
37 8.2018 10.2366 2.2837 1504014602.6553593
38 8.473 9.8892 2.1743 1504014607.4545379
39 8.9325 9.0583 1.978 1504014617.534243
40 9.0939 8.6589 1.9236 1504014621.9780273
41 9.2483 8.1918 1.882 1504014626.896459
42 9.3039 8.0126 1.8732 1504014628.813422
43 9.4294 7.6024 1.8496 1504014633.1352599
44 9.558 7.1408 1.8463 1504014637.8747578
45 9.6112 6.9533 1.8553 1504014639.8540406
46 9.6817 6.7097 1.8688 1504014642.433694
47 9.8155 6.2745 1.9013 1504014646.991387
48 9.8779 6.0968 1.9192 1504014648.857306
49 9.9512 5.9126 1.9397 1504014650.835287
50 10.0414 5.6927 1.9635 1504014653.2917297
51 10.1331 5.4838 1.9868 1504014655.6357603
52 10.2362 5.2619 2.0223 1504014658.151721
53 10.3419 5.0471 2.0747 1504014660.6732116
54 10.5664 4.6724 2.1815 1504014665.4161496
55 10.8177 4.3446 2.2961 1504014670.0358353
56 10.972 4.1827 2.3754 1504014672.6139262
57 11.2767 3.9258 2.5255 1504014677.3514023
58 11.4737 3.7971 2.6134 1504014680.1719751
59 11.6618 3.6953 2.6987 1504014682.7537975
60 12.6993 3.4121 3.0462 1504014695.112873
61 13.5665 3.3888 -3.10169 1504014704.053893
62 14.0745 3.4165 -3.07959 1504014709.210536
63 14.7091 3.4524 -3.09849 1504014715.390629
64 15.1642 3.4643 -3.12679 1504014720.132985
65 15.6626 3.4654 3.1137 1504014725.1726236
66 15.86 3.4609 3.0948 1504014727.2124028
67 16.735 3.3795 3.0134 1504014736.0897033


# Displacement and sum
0 0.003461696281398474 0.003461696281398474
4 -0.0016075585513443125 0.0018541377300541617
6 0.0013782000269483285 0.0032323377570024903
8 -0.009094856390556794 -0.005862518633554303
9 -0.015146379398579324 -0.021008898032133627
13 -0.00311768675820967 -0.024126584790343297
15 0.0028094499149136642 -0.021317134875429633
17 0.006226537089301043 -0.01509059778612859
18 0.0031973764485889733 -0.011893221337539617
20 -0.05105664294645201 -0.06294986428399163
22 -0.03609030708338312 -0.09904017136737475
27 0.0007330013314341688 -0.09830717003594058
29 -0.0014275675835061508 -0.09973473761944673
31 -0.019401361999921568 -0.1191360996193683
32 0.007040526233896838 -0.11209557338547146
36 0.0017378481623292474 -0.11035772522314222
38 -0.01537811208946549 -0.1257358373126077
41 0.0010799850729695804 -0.12465585223963813
43 -0.04044521677351248 -0.1651010690131506
45 -0.004703864050128792 -0.1698049330632794
48 0.018313049581417995 -0.1514918834818614
50 0.0003510760173951466 -0.15114080746446626
52 0.03702759294414415 -0.11411321452032211
54 -0.06485986972980218 -0.1789730842501243
59 0.0011242465564381687 -0.17784883769368612
63 -0.14176963484811422 -0.3196184725418003
64 0.003063819408857582 -0.31655465313294273
67 -0.11968496124742747 -0.4362396143803702
68 -0.013149638790714846 -0.449389253171085
73 -0.11792801293902222 -0.5673172661101072
77 -0.02814514591127837 -0.5954624120213856
81 -0.006735606950453499 -0.6021980189718391
84 0.017725466864206618 -0.5844725521076325
89 0.004338724797370186 -0.5801338273102623
91 -0.04406915008000206 -0.6242029773902644
93 -0.002231306347857398 -0.6264342837381218
98 0.0023930515055182733 -0.6240412322326035
100 -0.035731084225131604 -0.6597723164577352
102 -0.11155270798020189 -0.771325024437937
106 0.0008069604821004384 -0.7705180639558367
108 -0.001078038592614572 -0.7715961025484512
110 -0.007948639947403718 -0.7795447424958549
111 -0.0005299769256163489 -0.7800747194214712
113 0.0018814675833864203 -0.7781932518380847
115 -0.03649269611691708 -0.8146859479550018
116 0.0019793655903563856 -0.8127065823646454
117 -0.00010510448108530523 -0.8128116868457307
119 -0.003894493766614132 -0.8167061806123448
120 -0.0005850347691441771 -0.817291215381489
121 -0.0006623861990660285 -0.817953601580555
122 -0.00035421935109750113 -0.8183078209316524
123 -2.4424541252010545e-05 -0.8183322454729045
124 -0.01903675510214864 -0.8373690005750531
125 0.001986779479926426 -0.8353822210951267
127 -0.013097821003739185 -0.8484800420988658
129 -0.00379115172987024 -0.8522711938287361
130 0.006174731971947234 -0.8460964618567888
132 -0.0061609291994499105 -0.8522573910562387
133 -0.0010623855993044662 -0.8533197766555431
134 -0.055136830812164916 -0.9084566074677081
139 -0.026587753386705715 -0.9350443608544138
143 0.00026914789011656115 -0.9347752129642972
145 0.01010908564875379 -0.9246661273155434
148 0.0016457853635185593 -0.9230203419520249
150 -0.0006629142829243095 -0.9236832562349492
152 -0.01050079480746735 -0.9341840510424165
153 -0.012654417345638547 -0.9468384683880551
157 0 -0.9468384683880551


# Displacement abs and sum
0 0.003461696281398474 0.003461696281398474
4 0.0016075585513443125 0.005069254832742787
6 0.0013782000269483285 0.006447454859691115
8 0.009094856390556794 0.015542311250247909
9 0.015146379398579324 0.030688690648827233
13 0.00311768675820967 0.0338063774070369
15 0.0028094499149136642 0.03661582732195057
17 0.006226537089301043 0.04284236441125161
18 0.0031973764485889733 0.04603974085984058
20 0.05105664294645201 0.0970963838062926
22 0.03609030708338312 0.13318669088967572
27 0.0007330013314341688 0.1339196922211099
29 0.0014275675835061508 0.13534725980461604
31 0.019401361999921568 0.1547486218045376
32 0.007040526233896838 0.16178914803843444
36 0.0017378481623292474 0.1635269962007637
38 0.01537811208946549 0.17890510829022918
41 0.0010799850729695804 0.17998509336319876
43 0.04044521677351248 0.22043031013671124
45 0.004703864050128792 0.22513417418684004
48 0.018313049581417995 0.24344722376825803
50 0.0003510760173951466 0.24379829978565318
52 0.03702759294414415 0.2808258927297973
54 0.06485986972980218 0.3456857624595995
59 0.0011242465564381687 0.34681000901603765
63 0.14176963484811422 0.48857964386415187
64 0.003063819408857582 0.49164346327300945
67 0.11968496124742747 0.6113284245204369
68 0.013149638790714846 0.6244780633111517
73 0.11792801293902222 0.742406076250174
77 0.02814514591127837 0.7705512221614523
81 0.006735606950453499 0.7772868291119058
84 0.017725466864206618 0.7950122959761124
89 0.004338724797370186 0.7993510207734826
91 0.04406915008000206 0.8434201708534848
93 0.002231306347857398 0.8456514772013421
98 0.0023930515055182733 0.8480445287068604
100 0.035731084225131604 0.883775612931992
102 0.11155270798020189 0.9953283209121939
106 0.0008069604821004384 0.9961352813942943
108 0.001078038592614572 0.9972133199869089
110 0.007948639947403718 1.0051619599343127
111 0.0005299769256163489 1.005691936859929
113 0.0018814675833864203 1.0075734044433156
115 0.03649269611691708 1.0440661005602325
116 0.0019793655903563856 1.046045466150589
117 0.00010510448108530523 1.0461505706316743
119 0.003894493766614132 1.0500450643982884
120 0.0005850347691441771 1.0506300991674324
121 0.0006623861990660285 1.0512924853664984
122 0.00035421935109750113 1.051646704717596
123 2.4424541252010545e-05 1.0516711292588479
124 0.01903675510214864 1.0707078843609965
125 0.001986779479926426 1.072694663840923
127 0.013097821003739185 1.085792484844662
129 0.00379115172987024 1.0895836365745324
130 0.006174731971947234 1.0957583685464796
132 0.0061609291994499105 1.1019192977459296
133 0.0010623855993044662 1.102981683345234
134 0.055136830812164916 1.1581185141573989
139 0.026587753386705715 1.1847062675441045
143 0.00026914789011656115 1.184975415434221
145 0.01010908564875379 1.1950845010829747
148 0.0016457853635185593 1.1967302864464933
150 0.0006629142829243095 1.1973932007294175
152 0.01050079480746735 1.2078939955368848
153 0.012654417345638547 1.2205484128825232
157 0 1.2205484128825232


# Distance slam gt
0 0.001436026397741614 1.2205484128825232
4 0.08612125978525417 1.2205484128825232
6 0.09560524453750983 1.2205484128825232
8 0.10471042250045856 1.2205484128825232
9 0.17421705036026683 1.2205484128825232
13 0.2341931582340339 1.2205484128825232
15 0.2464276897520291 1.2205484128825232
17 0.25706397139848974 1.2205484128825232
18 0.2743092534795131 1.2205484128825232
20 0.28627927351630394 1.2205484128825232
22 0.15054992255059088 1.2205484128825232
27 0.07911521794129063 1.2205484128825232
29 0.0911900098434435 1.2205484128825232
31 0.10372192411753846 1.2205484128825232
32 0.14111826450862913 1.2205484128825232
36 0.22064717667421388 1.2205484128825232
38 0.23116039050857498 1.2205484128825232
41 0.218658603798662 1.2205484128825232
43 0.20946566927910737 1.2205484128825232
45 0.2660422666203333 1.2205484128825232
48 0.2751007016375998 1.2205484128825232
50 0.16826019261246242 1.2205484128825232
52 0.15566641632205017 1.2205484128825232
54 0.014659365466918303 1.2205484128825232
59 0.1503877523203917 1.2205484128825232
63 0.14087113182388147 1.2205484128825232
64 0.3876467202844956 1.2205484128825232
67 0.37804090689746844 1.2205484128825232
68 0.5998239659322254 1.2205484128825232
73 0.7798329028655804 1.2205484128825232
77 1.118243504001231 1.2205484128825232
81 1.294977730000183 1.2205484128825232
84 1.1312766949581667 1.2205484128825232
89 0.9639200211007425 1.2205484128825232
91 0.9732278700393013 1.2205484128825232
93 0.7355241254316914 1.2205484128825232
98 0.5879660392069248 1.2205484128825232
100 0.5976864876352437 1.2205484128825232
102 0.34833657133838897 1.2205484128825232
106 0.1198876471857192 1.2205484128825232
108 0.10950689302478808 1.2205484128825232
110 0.09736357704921277 1.2205484128825232
111 0.22607714383388028 1.2205484128825232
113 0.21044958121477703 1.2205484128825232
115 0.19455683068682714 1.2205484128825232
116 0.12865712040659724 1.2205484128825232
117 0.14004620269749887 1.2205484128825232
119 0.15943660367924245 1.2205484128825232
120 0.18442584532256903 1.2205484128825232
121 0.19681743488543654 1.2205484128825232
122 0.21189234767299311 1.2205484128825232
123 0.22637952373648004 1.2205484128825232
124 0.24198231364674708 1.2205484128825232
125 0.19949032167948388 1.2205484128825232
127 0.2115947842803683 1.2205484128825232
129 0.11722570980254687 1.2205484128825232
130 0.12814640710456107 1.2205484128825232
132 0.14104913134522729 1.2205484128825232
133 0.15328872239504016 1.2205484128825232
134 0.054912286594606646 1.2205484128825232
139 0.2726549974265911 1.2205484128825232
143 0.3335629223835425 1.2205484128825232
145 0.342630937869035 1.2205484128825232
148 0.2683872825063242 1.2205484128825232
150 0.27781703700039767 1.2205484128825232
152 0.26084686439428295 1.2205484128825232
153 0.16498827806374652 1.2205484128825232
157 0.061856993079583915 1.2205484128825232


# Displacement mean and std deviation
-0.013924095123353752 0.03228815384549783

# Displacement mean absolute value and std deviation
0.01794924136591946 0.03023623716904446

# Distance to GT
0.061856993079583915