# SLAM - pose_x pose_y orientation time
4.22526 12.9525 3.10058 1504013871.0642838
4.44375 12.9518 3.04653 1504013873.4755657
4.63687 13.0481 2.98736 1504013875.8858023
4.87304 13.0232 2.90716 1504013878.2960424
5.09318 13.0366 2.88113 1504013880.7069595
5.3103 13.0549 2.83434 1504013883.12032
5.52234 12.9966 2.68557 1504013885.531296
5.73638 13.004 2.6716 1504013887.9422827
5.97782 12.9179 2.6013 1504013890.3534946
6.17132 12.8453 2.55164 1504013892.7643058
6.36321 12.7529 2.50725 1504013895.17662
6.59003 12.6531 2.45162 1504013897.5888405
6.79586 12.555 2.42832 1504013899.9989533
6.94777 12.446 2.38265 1504013902.008459
7.18336 12.3151 2.34956 1504013904.4188168
7.3777 12.1824 2.3262 1504013906.8302376
7.57109 12.0431 2.32543 1504013909.2419653
7.7332 11.8602 2.27019 1504013911.6528502
7.86384 11.728 2.22829 1504013913.6621933
8.05183 11.5808 2.21816 1504013916.0732367
8.19366 11.3932 2.19623 1504013918.4833868
8.38465 11.2666 2.16458 1504013920.8949847
8.54945 11.0757 2.15219 1504013923.305513
8.70039 10.9176 2.13451 1504013925.717356
8.85896 10.6834 2.09147 1504013928.130182
9.00433 10.5695 2.0519 1504013930.139902
9.1424 10.3891 1.99113 1504013932.5519342
9.32429 10.2069 1.9653 1504013934.9623604
9.38862 10.0267 1.976 1504013937.3744226
9.48702 10.0507 1.97599 1504013939.7868087
9.61929 9.65857 1.93496 1504013942.198075
9.6967 9.57533 1.89277 1504013944.2077277
9.7787 9.52617 1.8918 1504013946.6180487
9.92116 9.0227 1.85447 1504013949.029028
9.99733 8.81004 1.83222 1504013951.439792
10.0822 8.65923 1.83192 1504013953.4481313
10.1819 8.41336 1.81483 1504013955.8588822
10.2391 8.28731 1.78511 1504013957.8685012
10.2856 8.09243 1.83265 1504013959.8776023
10.3391 7.89357 1.81987 1504013961.8874686
10.4178 7.67217 1.79337 1504013964.301639
10.4843 7.47419 1.81497 1504013966.7133899
10.4984 7.18195 1.81949 1504013968.722628
10.5554 7.04183 1.86969 1504013970.7319722
10.6352 7.23129 1.86883 1504013973.1426284
10.73 6.55699 1.90413 1504013975.5544121
10.7762 6.33249 1.89038 1504013977.9656086
10.8319 6.13416 1.95513 1504013980.3760788
10.9212 5.95755 2.04144 1504013982.7873445
11.099 5.72198 2.07128 1504013985.1978157
11.0468 5.56572 2.10503 1504013987.608247
11.1328 5.36593 2.13393 1504013990.0194674
11.2753 5.16909 2.16961 1504013992.4308777
11.446 5.00087 2.20668 1504013994.8421474
11.6524 5.10605 2.05965 1504013997.2526457
11.7414 4.78853 2.1876 1504013999.662983
11.8679 4.62271 2.25302 1504014002.0733612
12.0048 4.44984 2.32998 1504014004.4842243
12.0707 4.23262 2.39031 1504014006.8949215
12.1846 4.09902 2.51843 1504014009.3056765
12.3315 3.92424 2.57065 1504014011.7162583
12.5183 3.76802 2.65089 1504014014.1280565
12.6954 3.64895 2.68699 1504014016.5401297
12.9231 3.54283 2.78315 1504014018.9527307
13.0665 3.48061 2.74414 1504014020.9641979
13.2863 3.39206 2.81027 1504014023.3744993
13.4818 3.30166 2.82452 1504014025.7851148
13.7513 3.29026 2.85162 1504014028.1963964
13.9818 3.22352 2.85438 1504014030.606698
14.2099 3.19047 2.84315 1504014032.6149786
14.3966 3.15159 2.85875 1504014034.624046
14.6356 3.0896 2.81842 1504014037.0344691
14.8301 3.04531 2.81881 1504014039.444789
15.1005 2.94279 2.83434 1504014041.4543302
15.2775 2.89914 2.80759 1504014043.866293
15.5191 2.8075 2.79369 1504014046.2768297
15.7168 2.76776 2.82861 1504014048.285313
15.893 2.6893 2.76823 1504014050.2959478
16.0645 2.58134 2.76371 1504014052.3052924
16.2834 2.52323 2.7664 1504014054.7173357
16.5402 2.44116 2.79614 1504014057.128973
16.7285 2.40339 2.78182 1504014059.5406897
16.9548 2.32613 2.78414 1504014061.9521158
17.1597 2.30801 2.79363 1504014063.9612691


# GT - pose_x pose_y orientation time
4.2475 12.9186 3.099 1504013871.0863867
4.4834 12.9085 3.0563 1504013873.487258
4.6978 12.8763 2.9957 1504013875.8856914
4.9035 12.8397 2.933 1504013878.2877936
5.1023 12.7901 2.8694 1504013880.6864328
5.3066 12.7259 2.803 1504013883.1482725
5.5075 12.6472 2.7352 1504013885.5472126
5.6991 12.5571 2.6722 1504013887.9482603
5.8942 12.4508 2.6154 1504013890.3473868
6.0851 12.3344 2.5653 1504013892.7484274
6.2716 12.2064 2.5205 1504013895.1477566
6.4608 12.0696 2.482 1504013897.607158
6.6442 11.9269 2.4468 1504013900.0067885
6.7962 11.7999 2.4191 1504013901.9930377
6.9753 11.6373 2.3916 1504013904.4443624
7.1451 11.4751 2.3724 1504013906.8498445
7.3168 11.302 2.3531 1504013909.2445073
7.4812 11.1342 2.3317 1504013911.6489232
7.6196 10.9844 2.3128 1504013913.6861587
7.7776 10.8062 2.2922 1504013916.087256
7.929 10.6294 2.2683 1504013918.485907
8.0761 10.4465 2.2387 1504013920.887628
8.2164 10.2609 2.2051 1504013923.2864773
8.3497 10.0727 2.171 1504013925.6877587
8.4816 9.8751 2.1331 1504013928.1479611
8.5879 9.7053 2.0994 1504013930.1248198
8.7039 9.5036 2.0586 1504013932.5259929
8.8055 9.3022 2.0212 1504013934.985436
8.9039 9.0914 1.9876 1504013937.387128
8.9981 8.8773 1.9594 1504013939.7861598
9.0829 8.6612 1.9295 1504013942.1866908
9.1541 8.4616 1.9056 1504013944.2274861
9.2247 8.2386 1.8865 1504013946.6296535
9.2949 8.0145 1.8745 1504013949.0271797
9.3648 7.7885 1.862 1504013951.429791
9.4246 7.5928 1.8514 1504013953.466051
9.4883 7.3648 1.8427 1504013955.8664765
9.542 7.1682 1.8425 1504013957.84827
9.5974 6.9727 1.8485 1504013959.8860264
9.6508 6.7826 1.855 1504013961.864335
9.717 6.5497 1.8652 1504013964.3286042
9.7863 6.3184 1.8828 1504013966.7242532
9.8464 6.1304 1.9018 1504013968.7090707
9.9186 5.9378 1.9247 1504013970.7472591
10.0039 5.7243 1.9521 1504013973.1437554
10.0961 5.5084 1.9808 1504013975.5456877
10.1911 5.2987 2.0141 1504013977.944408
10.2926 5.0914 2.057 1504013980.3465717
10.4025 4.8888 2.1118 1504013982.8040159
10.5185 4.6979 2.1651 1504013985.2061508
10.6467 4.5146 2.2125 1504013987.604024
10.7834 4.3391 2.2594 1504013990.0075603
10.9316 4.1693 2.3121 1504013992.4036384
11.0876 4.0041 2.3688 1504013994.8699746
11.2399 3.857 2.4283 1504013997.266922
11.4154 3.7152 2.4924 1504013999.6689253
11.5848 3.5957 2.5574 1504014002.0667548
11.7624 3.4824 2.6256 1504014004.4683518
11.9467 3.382 2.6965 1504014006.8669548
12.1407 3.2978 2.7702 1504014009.32538
12.3373 3.2262 2.8359 1504014011.7246156
12.5495 3.1612 2.8987 1504014014.125925
12.7622 3.1128 2.9545 1504014016.5243087
12.9816 3.0748 3.0074 1504014018.9247074
13.1825 3.0488 3.0398 1504014020.9623168
13.4163 3.0257 3.0703 1504014023.3667195
13.6528 3.0113 3.0941 1504014025.7629576
13.8854 3.0034 3.1078 1504014028.1664538
14.1299 2.9971 3.1106 1504014030.625928
14.334 2.9904 3.108 1504014032.605286
14.5413 2.9845 3.1057 1504014034.6463213
14.7817 2.9722 3.1 1504014037.0427446
15.0112 2.962 3.0974 1504014039.4473934
15.2133 2.952 3.0934 1504014041.4267402
15.454 2.9385 3.0917 1504014043.8847852
15.691 2.9245 3.091 1504014046.2832294
15.8898 2.9156 3.0887 1504014048.2622747
16.0945 2.9067 3.0856 1504014050.3074017
16.3045 2.8941 3.0814 1504014052.2845602
16.5448 2.8743 3.0795 1504014054.7433517
16.7816 2.857 3.0837 1504014057.1446552
17.0167 2.8424 3.0886 1504014059.5431962
17.2543 2.8317 3.0901 1504014061.9442244
17.4668 2.8244 3.0864 1504014063.9860685


# Displacement and sum
0 0.017624994172614566 0.017624994172614566
1 0.0010059465734608142 0.01863094074607538
2 -0.028548277135170635 -0.009917336389095255
3 -0.015653335305976512 -0.025570671695071767
4 -0.0037400606165474692 -0.029310732311619236
5 -0.0041438163341896705 -0.03345454864580891
6 -0.002440297402598074 -0.03589484604840698
7 -0.03415332752252659 -0.07004817357093357
8 0.01691713345155782 -0.05313104011937575
9 0.013221806294306998 -0.03990923382506875
10 -0.014329417523486793 -0.054238651348555544
11 0.004364248394357645 -0.0498744029541979
12 0.011103573922903065 -0.038770829031294834
13 -0.02761345544535529 -0.06638428447665012
14 -0.0005029207734844054 -0.06688720525013453
15 0.0054761484574309405 -0.06141105679270359
16 -0.009488260920579833 -0.07089931771328342
17 0.018088322433711973 -0.05281099527957145
18 -0.0006056342622297872 -0.053416629541801236
19 -0.0024133309241028134 -0.05582996046590405
20 0.0055752087536267425 -0.05025475171227731
21 -0.019532407870166607 -0.06978715958244391
22 0.012042597404356897 -0.05774456217808702
23 -0.045254121247238405 -0.10299868342532542
24 0.01565191197592178 -0.08734677144940364
25 0.0055048441061427145 -0.08184192734326093
26 -0.03187462738316765 -0.11371655472642858
27 0.04129692235893159 -0.07241963236749699
28 0.1326223762733834 0.060202743905886424
29 -0.18169453827787252 -0.1214917943719861
30 0.09824737092219432 -0.023244423449791773
31 0.13830183374641739 0.11505741029662561
32 -0.28839901441546534 -0.17334160411883973
33 0.010673235888550181 -0.16266836823028955
34 0.031581889336554675 -0.13108647889373487
35 -0.028583922935558337 -0.1596704018292932
36 0.06538073705774067 -0.09428966477155254
37 0.002847104411918766 -0.09144256035963377
38 -0.008473166416618383 -0.09991572677625216
39 0.007154096471916782 -0.09276163030433537
40 0.03260842471644587 -0.0601532055878895
41 -0.0952071816376015 -0.155360387225491
42 0.054418108456438685 -0.10094227876905232
43 0.024329428619309756 -0.07661285014974256
44 -0.44616840395951646 -0.522781254109259
45 0.001010840229078075 -0.521770413880181
46 0.02481184342007503 -0.49695857046010594
47 0.032585151169772286 -0.46437341929033366
48 -0.07175695071826302 -0.5361303700085966
49 0.05893472510773559 -0.4771956449008611
50 0.004943732672482881 -0.4722519122283782
51 -0.017628575180319184 -0.4898804874086974
52 -0.012443201628873829 -0.5023236890375712
53 -0.01991476900155406 -0.5222384580391253
54 -0.10413052917697566 -0.6263689872161009
55 -0.0012549862775648735 -0.6276239734936657
56 -0.009849829871524468 -0.6374738033651902
57 -0.017123402308161256 -0.6545972056733514
58 0.03592193390991061 -0.6186752717634408
59 -0.019082607503929566 -0.6377578792673704
60 -0.021581651284352354 -0.6593395305517227
61 0.0047313350768462825 -0.6546081954748764
62 -0.0285480615461898 -0.6831562570210662
63 0.046258814062789894 -0.6368974429582763
64 -0.002028146816322074 -0.6389255897745985
65 0.02154901394801942 -0.617376575826579
66 -0.03700688672592481 -0.6543834625525038
67 0.004613492688841453 -0.6497699698636623
68 -0.026271972615011907 -0.6760419424786742
69 0.016678557053069365 -0.6593633854256049
70 -0.006193946874564343 -0.6655573323001692
71 0.030247598308659418 -0.6353097339915098
72 -0.08683523529851164 -0.7221449692900215
73 0.05877545419148575 -0.6633695150985357
74 -0.020982774364422113 -0.6843522894629578
75 -0.0026554295583536836 -0.6870077190213115
76 0.012014120011031831 -0.6749935990102797
77 0.007726206924959539 -0.6672673920853202
78 0.01463260263495772 -0.6526347894503625
79 -0.03216437803012612 -0.6847991674804885
80 0.0435022248155833 -0.6412969426649052
81 -0.0012842587534091787 -0.6425812014183144
82 0.006925705177439401 -0.635655496240875
83 0 -0.635655496240875


# Displacement abs and sum
0 0.017624994172614566 0.017624994172614566
1 0.0010059465734608142 0.01863094074607538
2 0.028548277135170635 0.047179217881246016
3 0.015653335305976512 0.06283255318722253
4 0.0037400606165474692 0.06657261380377
5 0.0041438163341896705 0.07071643013795967
6 0.002440297402598074 0.07315672754055774
7 0.03415332752252659 0.10731005506308433
8 0.01691713345155782 0.12422718851464215
9 0.013221806294306998 0.13744899480894915
10 0.014329417523486793 0.15177841233243594
11 0.004364248394357645 0.1561426607267936
12 0.011103573922903065 0.16724623464969665
13 0.02761345544535529 0.19485969009505194
14 0.0005029207734844054 0.19536261086853635
15 0.0054761484574309405 0.2008387593259673
16 0.009488260920579833 0.21032702024654712
17 0.018088322433711973 0.2284153426802591
18 0.0006056342622297872 0.22902097694248888
19 0.0024133309241028134 0.2314343078665917
20 0.0055752087536267425 0.23700951662021844
21 0.019532407870166607 0.25654192449038504
22 0.012042597404356897 0.2685845218947419
23 0.045254121247238405 0.3138386431419803
24 0.01565191197592178 0.32949055511790204
25 0.0055048441061427145 0.33499539922404475
26 0.03187462738316765 0.3668700266072124
27 0.04129692235893159 0.408166948966144
28 0.1326223762733834 0.5407893252395275
29 0.18169453827787252 0.7224838635174
30 0.09824737092219432 0.8207312344395943
31 0.13830183374641739 0.9590330681860116
32 0.28839901441546534 1.247432082601477
33 0.010673235888550181 1.2581053184900273
34 0.031581889336554675 1.289687207826582
35 0.028583922935558337 1.3182711307621404
36 0.06538073705774067 1.383651867819881
37 0.002847104411918766 1.3864989722317997
38 0.008473166416618383 1.3949721386484182
39 0.007154096471916782 1.402126235120335
40 0.03260842471644587 1.434734659836781
41 0.0952071816376015 1.5299418414743824
42 0.054418108456438685 1.5843599499308212
43 0.024329428619309756 1.6086893785501308
44 0.44616840395951646 2.0548577825096475
45 0.001010840229078075 2.0558686227387257
46 0.02481184342007503 2.0806804661588005
47 0.032585151169772286 2.113265617328573
48 0.07175695071826302 2.185022568046836
49 0.05893472510773559 2.2439572931545713
50 0.004943732672482881 2.2489010258270543
51 0.017628575180319184 2.2665296010073734
52 0.012443201628873829 2.2789728026362472
53 0.01991476900155406 2.298887571637801
54 0.10413052917697566 2.403018100814777
55 0.0012549862775648735 2.4042730870923417
56 0.009849829871524468 2.414122916963866
57 0.017123402308161256 2.4312463192720273
58 0.03592193390991061 2.4671682531819377
59 0.019082607503929566 2.486250860685867
60 0.021581651284352354 2.5078325119702196
61 0.0047313350768462825 2.512563847047066
62 0.0285480615461898 2.5411119085932556
63 0.046258814062789894 2.5873707226560456
64 0.002028146816322074 2.5893988694723675
65 0.02154901394801942 2.610947883420387
66 0.03700688672592481 2.647954770146312
67 0.004613492688841453 2.6525682628351532
68 0.026271972615011907 2.6788402354501653
69 0.016678557053069365 2.6955187925032345
70 0.006193946874564343 2.7017127393777987
71 0.030247598308659418 2.7319603376864583
72 0.08683523529851164 2.81879557298497
73 0.05877545419148575 2.8775710271764554
74 0.020982774364422113 2.8985538015408774
75 0.0026554295583536836 2.901209231099231
76 0.012014120011031831 2.913223351110263
77 0.007726206924959539 2.9209495580352227
78 0.01463260263495772 2.9355821606701804
79 0.03216437803012612 2.9677465387003066
80 0.0435022248155833 3.0112487635158898
81 0.0012842587534091787 3.0125330222692988
82 0.006925705177439401 3.019458727446738
83 0 3.019458727446738


# Displacement mean and std deviation
-0.007567327336200893 0.07181050405463153

# Displacement mean absolute value and std deviation
0.03594593723150879 0.06262509506692898

# Distance to GT
0.6008069923860732