# SLAM - pose_x pose_y orientation time
0 16.4574 3.01147 -3.13515 1504013511.6391912
1 16.2536 3.02374 3.14059 1504013513.757262
2 16.0773 3.0336 3.13368 1504013515.673515
3 15.8667 3.04394 3.12642 1504013517.791563
4 15.6558 3.05484 3.12071 1504013519.909603
5 15.4519 3.06703 3.11267 1504013521.926775
6 15.0406 3.10272 3.10028 1504013526.061952
7 14.8314 3.12358 3.09697 1504013528.1800342
8 14.6379 3.14401 3.09253 1504013530.1971781
9 14.428 3.158 3.08408 1504013532.315207
10 14.2535 3.18973 3.06941 1504013534.3324292
11 14.0409 3.22554 3.04942 1504013536.3495722
12 13.8518 3.26447 3.03122 1504013538.467608
13 13.6478 3.30606 3.01442 1504013540.585612
14 13.4413 3.35503 2.99347 1504013542.703688
15 13.2445 3.409 2.96922 1504013544.720968
16 12.861 3.55148 2.9072 1504013548.956864
17 12.6692 3.63936 2.86738 1504013551.074924
18 12.5005 3.7457 2.81745 1504013553.2937999
19 12.3409 3.84778 2.77233 1504013555.512684
20 12.182 3.96451 2.7252 1504013557.731585
21 11.9868 4.09986 2.67038 1504013559.950473
22 11.858 4.23728 2.61568 1504013562.1693609
23 11.6874 4.3842 2.56002 1504013564.489114
24 11.5533 4.54137 2.50386 1504013566.707973
25 11.4207 4.70678 2.44977 1504013568.926891
26 11.2801 4.86766 2.40102 1504013571.145771
27 11.0757 5.2184 2.30121 1504013575.48272
28 10.968 5.40429 2.25054 1504013577.802457
29 10.8812 5.59219 2.1995 1504013580.1222012
30 10.8005 5.78875 2.15274 1504013582.34108
31 10.7209 5.98096 2.11332 1504013584.559982
32 10.6462 6.17328 2.07439 1504013586.7788649
33 10.5797 6.37034 2.03261 1504013588.896883
34 10.5249 6.56374 1.99763 1504013591.014913
35 10.4631 6.75665 1.96509 1504013593.132958
36 10.4147 6.95243 1.93557 1504013595.2509718
37 10.3678 7.15684 1.9092 1504013597.2681448
38 10.2876 7.56364 1.86155 1504013601.40337
39 10.2513 7.76091 1.84452 1504013603.521396
40 10.2163 7.96124 1.8309 1504013605.6394198
41 10.1829 8.15783 1.82031 1504013607.6565871
42 10.145 8.34672 1.81085 1504013609.572916
43 10.0971 8.55802 1.80466 1504013611.690921
44 10.0512 8.75078 1.809 1504013613.7081048
45 10.0004 8.9537 1.82569 1504013615.8261461
46 9.86819 9.3452 1.85867 1504013620.062203
47 9.79407 9.53455 1.88327 1504013622.0794098
48 9.71645 9.72414 1.90815 1504013624.096564
49 9.63841 9.91324 1.93257 1504013626.2145731
50 9.54222 10.0902 1.96202 1504013628.332651
51 9.44561 10.2655 1.98967 1504013630.450646
52 9.3225 10.4403 2.02751 1504013632.669518
53 9.19991 10.6061 2.068 1504013634.7875578
54 8.95021 10.9248 2.14247 1504013639.0236611
55 8.81534 11.0803 2.1779 1504013641.141669
56 8.67912 11.2294 2.21121 1504013643.259703
57 8.53791 11.3791 2.24668 1504013645.377732
58 8.3879 11.5225 2.27631 1504013647.495732
59 8.23618 11.6523 2.29958 1504013649.6137831
60 8.07259 11.7785 2.3216 1504013651.731817
61 7.91995 11.9125 2.33965 1504013653.849835
62 7.77112 12.0512 2.36431 1504013655.867012
63 7.60339 12.1891 2.38975 1504013657.985056
64 7.44267 12.3199 2.41112 1504013660.103059
65 7.11677 12.5715 2.45845 1504013664.238292
66 6.94146 12.6843 2.48641 1504013666.3563058
67 6.76138 12.7892 2.51275 1504013668.474339
68 6.58474 12.8854 2.544 1504013670.592381
69 6.39897 12.9753 2.58514 1504013672.8112588
70 6.20015 13.0528 2.63524 1504013675.030155
71 5.9939 13.1071 2.69023 1504013677.249023
72 5.78997 13.1617 2.74634 1504013679.5688052
73 5.57663 13.1961 2.80848 1504013681.888543
74 5.36061 13.2064 2.87408 1504013684.2082849
75 5.15448 13.2188 2.93538 1504013686.528037
76 4.73526 13.1791 3.05381 1504013691.066672
77 4.52949 13.1735 3.09258 1504013693.184711
78 4.31316 13.1717 3.11173 1504013695.201906


# GT - pose_x pose_y orientation time
0 16.4593 2.9924 -3.13519 1504013511.6323228
1 16.253 2.9959 3.1406 1504013513.7346213
2 16.0517 3.0011 3.1325 1504013515.6553884
3 15.8425 2.9981 3.1267 1504013517.812459
4 15.6348 2.9992 3.1207 1504013519.9176333
5 15.4304 3.0041 3.1138 1504013521.9555063
6 15.0241 3.0197 3.1017 1504013526.0326285
7 14.8142 3.0296 3.0963 1504013528.1953218
8 14.6147 3.0414 3.0921 1504013530.1739514
9 14.4014 3.0521 3.0836 1504013532.3321354
10 14.2013 3.0639 3.0698 1504013534.3171923
11 13.9963 3.0804 3.0513 1504013536.355342
12 13.7922 3.0993 3.0333 1504013538.452656
13 13.583 3.1242 3.0153 1504013540.6131673
14 13.3796 3.1521 2.9952 1504013542.7200894
15 13.1852 3.1825 2.9721 1504013544.693476
16 12.7784 3.2677 2.9097 1504013548.958334
17 12.5859 3.3168 2.8705 1504013551.0539925
18 12.3887 3.3803 2.8223 1504013553.2744622
19 12.1976 3.4516 2.7745 1504013555.49444
20 12.0084 3.5303 2.7265 1504013557.7113457
21 11.8279 3.6205 2.6752 1504013559.9336834
22 11.6482 3.7116 2.6223 1504013562.1566236
23 11.4701 3.8213 2.5649 1504013564.493435
24 11.3009 3.9386 2.5086 1504013566.7191377
25 11.1408 4.066 2.4561 1504013568.930975
26 10.9859 4.2002 2.4023 1504013571.1536613
27 10.6991 4.4857 2.3045 1504013575.4703746
28 10.5633 4.6477 2.2504 1504013577.814621
29 10.4392 4.8119 2.2014 1504013580.0909748
30 10.3247 4.9852 2.1556 1504013582.3168037
31 10.217 5.1592 2.1136 1504013584.5332403
32 10.1154 5.338 2.0745 1504013586.7514696
33 10.0194 5.5197 2.0329 1504013588.9161148
34 9.9309 5.7035 1.9955 1504013591.0126204
35 9.8486 5.8886 1.9648 1504013593.1132169
36 9.7658 6.0822 1.9351 1504013595.2779229
37 9.6954 6.2697 1.9098 1504013597.253079
38 9.5729 6.6602 1.8629 1504013601.3927999
39 9.5199 6.8558 1.8456 1504013603.494424
40 9.4688 7.057 1.8316 1504013605.650722
41 9.4174 7.251 1.8223 1504013607.6323047
42 9.3626 7.4447 1.8144 1504013609.5541391
43 9.3148 7.6493 1.8075 1504013611.7130976
44 9.268 7.8411 1.8123 1504013613.6911163
45 9.2156 8.0474 1.8262 1504013615.853368
46 9.1097 8.4413 1.8617 1504013620.0501862
47 9.048 8.6443 1.8839 1504013622.0915499
48 8.9847 8.8309 1.9072 1504013624.077107
49 8.9119 9.0256 1.9323 1504013626.2334352
50 8.8358 9.2127 1.9591 1504013628.3307533
51 8.7565 9.3947 1.9897 1504013630.4327865
52 8.6683 9.5803 2.0277 1504013632.6508987
53 8.5663 9.7673 2.0672 1504013634.8117576
54 8.3577 10.1105 2.1416 1504013639.0109677
55 8.2469 10.2758 2.1763 1504013641.1129756
56 8.1274 10.4424 2.2121 1504013643.2784016
57 8.0016 10.6055 2.246 1504013645.3712654
58 7.8726 10.7618 2.2762 1504013647.4697866
59 7.7348 10.9189 2.3035 1504013649.632513
60 7.596 11.0711 2.3279 1504013651.7311418
61 7.4518 11.2206 2.3517 1504013653.8328774
62 7.3061 11.3656 2.3744 1504013655.8721411
63 7.1586 11.5076 2.3962 1504013657.9710183
64 7.0004 11.6485 2.4187 1504013660.1295178
65 6.6918 11.9085 2.4623 1504013664.2118292
66 6.5239 12.0367 2.4892 1504013666.369401
67 6.3579 12.1549 2.5174 1504013668.4750943
68 6.1934 12.2668 2.5486 1504013670.5737987
69 6.0195 12.3798 2.5887 1504013672.7923625
70 5.8412 12.4829 2.6378 1504013675.0115209
71 5.6581 12.5755 2.6918 1504013677.2314816
72 5.4656 12.6611 2.7504 1504013679.571048
73 5.2688 12.7351 2.812 1504013681.9151964
74 5.074 12.7955 2.8745 1504013684.1897418
75 4.8782 12.844 2.9376 1504013686.5315695
76 4.474 12.9029 3.0535 1504013691.0917556
77 4.2698 12.917 3.0916 1504013693.193568
78 4.0574 12.9289 3.1097 1504013695.229547


# Displacement and sum
0 -0.00015707963268185576 -0.00015707963268185576
1 0.0037384952577726276 0.003581415625090772
2 -0.004586725274241848 -0.001005309649151076
3 0.0009110618695414296 -9.424777960964636e-05
4 -0.003581415625092111 -0.0036756634047017574
5 -0.0009110618695414296 -0.004586725274243187
6 0.006565928646002431 0.0019792033717592437
7 -0.0007539822368609096 0.0012252211348983341
8 0.00015707963267912184 0.001382300767577456
9 -0.0027331856086228942 -0.0013508848410454383
10 -0.004680973053848771 -0.006031857894894209
11 -0.0006283185307192837 -0.006660176425613493
12 0.0037699111843087357 -0.002890265241304757
13 -0.0026703537555520795 -0.0055606189968568365
14 -0.0036128315516282122 -0.009173450548485049
15 0.0011938052083649564 -0.007979645340120092
16 -0.0019477874452258764 -0.009927432785345969
17 -0.00543495529070967 -0.015362388076055639
18 0.008419468311619993 -0.0069429197644356455
19 0.002733185608622901 -0.004209734155812744
20 -0.011058406140634552 -0.015268140296447297
21 -0.005654866776463818 -0.020923007072911115
22 0.005466371217247162 -0.015456635855663953
23 0.0004398229715026625 -0.01501681288416129
24 -0.004995132319208423 -0.020011945203369713
25 0.01586504290062915 -0.004146902302740563
26 -0.006314601233715023 -0.010461503536455585
27 0.010775662801812441 0.0003141592653568559
28 -0.006408849013323309 -0.006094689747966453
29 -0.003015928947446428 -0.009110618695412881
30 0.00810530904626175 -0.0010053096491511315
31 0.0005340707511109627 -0.00047123889804016883
32 -0.0005654866776470813 -0.00103672557568725
33 0.007602654221687585 0.006565928646000335
34 -0.00578053048260542 0.0007853981633949153
35 0.0005654866776463874 0.0013508848410413027
36 -0.0033615041393407763 -0.0020106192982994736
37 -0.0023561944901924203 -0.004366813788491894
38 0.0008482300164692202 -0.0035185837720226737
39 0.0011938052083642695 -0.0023247785636584042
40 -0.004052654523130875 -0.006377433086789279
41 -0.004900884539600095 -0.011278317626389374
42 0.002230530784048019 -0.009047786842341355
43 -0.0014451326206510063 -0.010492919462992361
44 0.008765043503515743 -0.0017278759594766182
45 -0.007916813487045815 -0.009644689446522433
46 0.007539822368615376 -0.0021048670779070574
47 0.0049637163926716105 0.002858849314764553
48 -0.002136283004441103 0.0007225663103234501
49 0.00832522053201308 0.00904778684233653
50 -0.009267698328089921 -0.00021991148575339035
51 -0.0005026548245741641 -0.0007225663103275545
52 0.0031101767270533404 0.002387610416725786
53 0.00021991148575134511 0.002607521902477131
54 0.0022933626371216265 0.0049008845395987575
55 -0.00782256570743961 -0.002921681167840853
56 0.0049323004661362 0.0020106192982953467
57 -0.001790707812545353 0.00021991148574999377
58 -0.012660618393967496 -0.012440706908217502
59 -0.00747699051554386 -0.019917697423761364
60 -0.018064157758142463 -0.03798185518190383
61 0.006157521601037261 -0.031824333580866566
62 0.011435397259066421 -0.020388936321800145
63 -0.003549999698556003 -0.023938936020356148
64 0.011718140597889976 -0.012220795422466173
65 0.0033300882128046716 -0.008890707209661501
66 -0.005843362335676228 -0.014734069545337729
67 0.00015707963267912184 -0.014576989912658607
68 0.00326725635973385 -0.011309733552924757
69 0.003141592653589431 -0.008168140899335326
70 0.0031101767270533265 -0.005057964172281999
71 -0.007822565707438223 -0.012880529879720222
72 0.0016964600329384405 -0.011184069846781781
73 0.009738937226129368 -0.0014451326206524132
74 -0.0056548667764637905 -0.007099999397116204
75 0.007948229413582641 0.0008482300164664378
76 0.0021048670779049983 0.002953097094371436
77 0.0032986722862699686 0.006251769380641405
78 0 0.006251769380641405


# Displacement abs and sum
0 0.00015707963268185576 0.00015707963268185576
1 0.0037384952577726276 0.0038955748904544833
2 0.004586725274241848 0.008482300164696331
3 0.0009110618695414296 0.00939336203423776
4 0.003581415625092111 0.012974777659329872
5 0.0009110618695414296 0.013885839528871301
6 0.006565928646002431 0.020451768174873732
7 0.0007539822368609096 0.021205750411734642
8 0.00015707963267912184 0.021362830044413764
9 0.0027331856086228942 0.024096015653036658
10 0.004680973053848771 0.02877698870688543
11 0.0006283185307192837 0.029405307237604712
12 0.0037699111843087357 0.03317521842191345
13 0.0026703537555520795 0.03584557217746553
14 0.0036128315516282122 0.03945840372909374
15 0.0011938052083649564 0.040652208937458696
16 0.0019477874452258764 0.04259999638268457
17 0.00543495529070967 0.04803495167339424
18 0.008419468311619993 0.056454419985014236
19 0.002733185608622901 0.05918760559363714
20 0.011058406140634552 0.0702460117342717
21 0.005654866776463818 0.07590087851073551
22 0.005466371217247162 0.08136724972798268
23 0.0004398229715026625 0.08180707269948534
24 0.004995132319208423 0.08680220501869376
25 0.01586504290062915 0.10266724791932291
26 0.006314601233715023 0.10898184915303794
27 0.010775662801812441 0.11975751195485038
28 0.006408849013323309 0.12616636096817369
29 0.003015928947446428 0.1291822899156201
30 0.00810530904626175 0.13728759896188186
31 0.0005340707511109627 0.1378216697129928
32 0.0005654866776470813 0.1383871563906399
33 0.007602654221687585 0.14598981061232746
34 0.00578053048260542 0.15177034109493287
35 0.0005654866776463874 0.15233582777257926
36 0.0033615041393407763 0.15569733191192003
37 0.0023561944901924203 0.15805352640211245
38 0.0008482300164692202 0.15890175641858167
39 0.0011938052083642695 0.16009556162694594
40 0.004052654523130875 0.1641482161500768
41 0.004900884539600095 0.16904910068967688
42 0.002230530784048019 0.1712796314737249
43 0.0014451326206510063 0.17272476409437593
44 0.008765043503515743 0.18148980759789168
45 0.007916813487045815 0.1894066210849375
46 0.007539822368615376 0.1969464434535529
47 0.0049637163926716105 0.2019101598462245
48 0.002136283004441103 0.20404644285066562
49 0.00832522053201308 0.2123716633826787
50 0.009267698328089921 0.22163936171076865
51 0.0005026548245741641 0.22214201653534282
52 0.0031101767270533404 0.22525219326239615
53 0.00021991148575134511 0.2254721047481475
54 0.0022933626371216265 0.22776546738526912
55 0.00782256570743961 0.23558803309270873
56 0.0049323004661362 0.24052033355884495
57 0.001790707812545353 0.2423110413713903
58 0.012660618393967496 0.2549716597653578
59 0.00747699051554386 0.26244865028090164
60 0.018064157758142463 0.2805128080390441
61 0.006157521601037261 0.2866703296400814
62 0.011435397259066421 0.2981057268991478
63 0.003549999698556003 0.30165572659770384
64 0.011718140597889976 0.3133738671955938
65 0.0033300882128046716 0.31670395540839846
66 0.005843362335676228 0.3225473177440747
67 0.00015707963267912184 0.3227043973767538
68 0.00326725635973385 0.3259716537364877
69 0.003141592653589431 0.3291132463900771
70 0.0031101767270533265 0.33222342311713043
71 0.007822565707438223 0.34004598882456866
72 0.0016964600329384405 0.3417424488575071
73 0.009738937226129368 0.35148138608363644
74 0.0056548667764637905 0.3571362528601002
75 0.007948229413582641 0.36508448227368284
76 0.0021048670779049983 0.36718934935158787
77 0.0032986722862699686 0.3704880216378578
78 0 0.3704880216378578


# Distance slam gt
0 0.01916441754919784
1 0.027846464766645256
2 0.04137160862233932
3 0.051835755999117356
4 0.05947108204833631
5 0.06650139021103205
6 0.08464378535958807
7 0.09554098806271609
8 0.1052000575094905
9 0.10918960573241407
10 0.1362278565492393
11 0.1518380044652856
12 0.17559410269140663
13 0.19305983424834894
14 0.21210251035761016
15 0.23413402144925435
16 0.2955568446170724
17 0.3331423773703966
18 0.38212092326906144
19 0.42129975361967653
20 0.46762729186821456
21 0.5050101183144751
22 0.5659995604238583
23 0.6033868576626441
24 0.653481011889404
25 0.6992446055565965
26 0.729422025716251
27 0.8238184569430332
28 0.8580271080216516
29 0.8967811796084937
30 0.9338512957104039
31 0.9639526480071512
32 0.9896672766137118
33 1.018589465682814
34 1.0453941159199251
35 1.0635417492980708
36 1.0855281953500784
37 1.1131662677246383
38 1.151954827065714
39 1.1636881335220364
40 1.1732034041887196
41 1.1867311822396847
42 1.1940644205401976
43 1.199068525314546
44 1.200383248133695
45 1.1988706060288579
46 1.1799755463991617
47 1.1615358399119673
48 1.154701589199565
49 1.1470490615923978
50 1.1265147430903861
51 1.1104797306119538
52 1.0805450661587426
53 1.0512121917576858
54 1.0070514336914473
55 0.9850605481898052
56 0.9611264008443431
57 0.9413210802377691
58 0.9188027971224306
59 0.8884016346225387
60 0.852967049832524
61 0.8353981281401104
62 0.8284267984559642
63 0.813806115791716
64 0.8039780549865774
65 0.7875077783107925
66 0.7705466329820673
67 0.7517530182180844
68 0.7319924559720552
69 0.706128692874041
70 0.6735214269048897
71 0.6287767489339924
72 0.5965033586661523
73 0.5543287011331817
74 0.5009831355445012
75 0.4656239667371094
76 0.38018841065976705
77 0.3650084192179687
78 0.35265424653617783


# Displacement mean and std deviation
7.913632127394183e-05 0.006008636204464625

# Displacement mean absolute value and std deviation
0.0046897217928842765 0.003757190586102084

# Distance to GT
0.35265424653617783