# SLAM - pose_x pose_y orientation time
4.22526 12.9525 3.10058 1504013871.0642838
4.44375 12.9518 3.04653 1504013873.4755657
4.63687 13.0481 2.98736 1504013875.8858023
4.87304 13.0232 2.90716 1504013878.2960424
5.09318 13.0366 2.88113 1504013880.7069595
5.3103 13.0549 2.83434 1504013883.12032
5.52234 12.9966 2.68557 1504013885.531296
5.73638 13.004 2.6716 1504013887.9422827
5.97782 12.9179 2.6013 1504013890.3534946
6.17132 12.8453 2.55164 1504013892.7643058
6.36321 12.7529 2.50725 1504013895.17662
6.59003 12.6531 2.45162 1504013897.5888405
6.79586 12.555 2.42832 1504013899.9989533
6.94777 12.446 2.38265 1504013902.008459
7.18336 12.3151 2.34956 1504013904.4188168
7.3777 12.1824 2.3262 1504013906.8302376
7.57109 12.0431 2.32543 1504013909.2419653
7.7332 11.8602 2.27019 1504013911.6528502
7.86384 11.728 2.22829 1504013913.6621933
8.05183 11.5808 2.21816 1504013916.0732367
8.19366 11.3932 2.19623 1504013918.4833868
8.38465 11.2666 2.16458 1504013920.8949847
8.54945 11.0757 2.15219 1504013923.305513
8.70039 10.9176 2.13451 1504013925.717356
8.85896 10.6834 2.09147 1504013928.130182
9.00433 10.5695 2.0519 1504013930.139902
9.1424 10.3891 1.99113 1504013932.5519342
9.32429 10.2069 1.9653 1504013934.9623604
9.38862 10.0267 1.976 1504013937.3744226
9.48702 10.0507 1.97599 1504013939.7868087
9.61929 9.65857 1.93496 1504013942.198075
9.6967 9.57533 1.89277 1504013944.2077277
9.7787 9.52617 1.8918 1504013946.6180487
9.92116 9.0227 1.85447 1504013949.029028
9.99733 8.81004 1.83222 1504013951.439792
10.0822 8.65923 1.83192 1504013953.4481313
10.1819 8.41336 1.81483 1504013955.8588822
10.2391 8.28731 1.78511 1504013957.8685012
10.2856 8.09243 1.83265 1504013959.8776023
10.3391 7.89357 1.81987 1504013961.8874686
10.4178 7.67217 1.79337 1504013964.301639
10.4843 7.47419 1.81497 1504013966.7133899
10.4984 7.18195 1.81949 1504013968.722628
10.5554 7.04183 1.86969 1504013970.7319722
10.6352 7.23129 1.86883 1504013973.1426284
10.73 6.55699 1.90413 1504013975.5544121
10.7762 6.33249 1.89038 1504013977.9656086
10.8319 6.13416 1.95513 1504013980.3760788
10.9212 5.95755 2.04144 1504013982.7873445
11.099 5.72198 2.07128 1504013985.1978157
11.0468 5.56572 2.10503 1504013987.608247
11.1328 5.36593 2.13393 1504013990.0194674
11.2753 5.16909 2.16961 1504013992.4308777
11.446 5.00087 2.20668 1504013994.8421474
11.6524 5.10605 2.05965 1504013997.2526457
11.7414 4.78853 2.1876 1504013999.662983
11.8679 4.62271 2.25302 1504014002.0733612
12.0048 4.44984 2.32998 1504014004.4842243
12.0707 4.23262 2.39031 1504014006.8949215
12.1846 4.09902 2.51843 1504014009.3056765
12.3315 3.92424 2.57065 1504014011.7162583
12.5183 3.76802 2.65089 1504014014.1280565
12.6954 3.64895 2.68699 1504014016.5401297
12.9231 3.54283 2.78315 1504014018.9527307
13.0665 3.48061 2.74414 1504014020.9641979
13.2863 3.39206 2.81027 1504014023.3744993
13.4818 3.30166 2.82452 1504014025.7851148
13.7513 3.29026 2.85162 1504014028.1963964
13.9818 3.22352 2.85438 1504014030.606698
14.2099 3.19047 2.84315 1504014032.6149786
14.3966 3.15159 2.85875 1504014034.624046
14.6356 3.0896 2.81842 1504014037.0344691
14.8301 3.04531 2.81881 1504014039.444789
15.1005 2.94279 2.83434 1504014041.4543302
15.2775 2.89914 2.80759 1504014043.866293
15.5191 2.8075 2.79369 1504014046.2768297
15.7168 2.76776 2.82861 1504014048.285313
15.893 2.6893 2.76823 1504014050.2959478
16.0645 2.58134 2.76371 1504014052.3052924
16.2834 2.52323 2.7664 1504014054.7173357
16.5402 2.44116 2.79614 1504014057.128973
16.7285 2.40339 2.78182 1504014059.5406897
16.9548 2.32613 2.78414 1504014061.9521158
17.1597 2.30801 2.79363 1504014063.9612691


# GT - pose_x pose_y orientation time
4.2475 12.9186 3.099 1504013871.0863867
4.4834 12.9085 3.0563 1504013873.487258
4.6978 12.8763 2.9957 1504013875.8856914
4.9035 12.8397 2.933 1504013878.2877936
5.1023 12.7901 2.8694 1504013880.6864328
5.3066 12.7259 2.803 1504013883.1482725
5.5075 12.6472 2.7352 1504013885.5472126
5.6991 12.5571 2.6722 1504013887.9482603
5.8942 12.4508 2.6154 1504013890.3473868
6.0851 12.3344 2.5653 1504013892.7484274
6.2716 12.2064 2.5205 1504013895.1477566
6.4608 12.0696 2.482 1504013897.607158
6.6442 11.9269 2.4468 1504013900.0067885
6.7962 11.7999 2.4191 1504013901.9930377
6.9753 11.6373 2.3916 1504013904.4443624
7.1451 11.4751 2.3724 1504013906.8498445
7.3168 11.302 2.3531 1504013909.2445073
7.4812 11.1342 2.3317 1504013911.6489232
7.6196 10.9844 2.3128 1504013913.6861587
7.7776 10.8062 2.2922 1504013916.087256
7.929 10.6294 2.2683 1504013918.485907
8.0761 10.4465 2.2387 1504013920.887628
8.2164 10.2609 2.2051 1504013923.2864773
8.3497 10.0727 2.171 1504013925.6877587
8.4816 9.8751 2.1331 1504013928.1479611
8.5879 9.7053 2.0994 1504013930.1248198
8.7039 9.5036 2.0586 1504013932.5259929
8.8055 9.3022 2.0212 1504013934.985436
8.9039 9.0914 1.9876 1504013937.387128
8.9981 8.8773 1.9594 1504013939.7861598
9.0829 8.6612 1.9295 1504013942.1866908
9.1541 8.4616 1.9056 1504013944.2274861
9.2247 8.2386 1.8865 1504013946.6296535
9.2949 8.0145 1.8745 1504013949.0271797
9.3648 7.7885 1.862 1504013951.429791
9.4246 7.5928 1.8514 1504013953.466051
9.4883 7.3648 1.8427 1504013955.8664765
9.542 7.1682 1.8425 1504013957.84827
9.5974 6.9727 1.8485 1504013959.8860264
9.6508 6.7826 1.855 1504013961.864335
9.717 6.5497 1.8652 1504013964.3286042
9.7863 6.3184 1.8828 1504013966.7242532
9.8464 6.1304 1.9018 1504013968.7090707
9.9186 5.9378 1.9247 1504013970.7472591
10.0039 5.7243 1.9521 1504013973.1437554
10.0961 5.5084 1.9808 1504013975.5456877
10.1911 5.2987 2.0141 1504013977.944408
10.2926 5.0914 2.057 1504013980.3465717
10.4025 4.8888 2.1118 1504013982.8040159
10.5185 4.6979 2.1651 1504013985.2061508
10.6467 4.5146 2.2125 1504013987.604024
10.7834 4.3391 2.2594 1504013990.0075603
10.9316 4.1693 2.3121 1504013992.4036384
11.0876 4.0041 2.3688 1504013994.8699746
11.2399 3.857 2.4283 1504013997.266922
11.4154 3.7152 2.4924 1504013999.6689253
11.5848 3.5957 2.5574 1504014002.0667548
11.7624 3.4824 2.6256 1504014004.4683518
11.9467 3.382 2.6965 1504014006.8669548
12.1407 3.2978 2.7702 1504014009.32538
12.3373 3.2262 2.8359 1504014011.7246156
12.5495 3.1612 2.8987 1504014014.125925
12.7622 3.1128 2.9545 1504014016.5243087
12.9816 3.0748 3.0074 1504014018.9247074
13.1825 3.0488 3.0398 1504014020.9623168
13.4163 3.0257 3.0703 1504014023.3667195
13.6528 3.0113 3.0941 1504014025.7629576
13.8854 3.0034 3.1078 1504014028.1664538
14.1299 2.9971 3.1106 1504014030.625928
14.334 2.9904 3.108 1504014032.605286
14.5413 2.9845 3.1057 1504014034.6463213
14.7817 2.9722 3.1 1504014037.0427446
15.0112 2.962 3.0974 1504014039.4473934
15.2133 2.952 3.0934 1504014041.4267402
15.454 2.9385 3.0917 1504014043.8847852
15.691 2.9245 3.091 1504014046.2832294
15.8898 2.9156 3.0887 1504014048.2622747
16.0945 2.9067 3.0856 1504014050.3074017
16.3045 2.8941 3.0814 1504014052.2845602
16.5448 2.8743 3.0795 1504014054.7433517
16.7816 2.857 3.0837 1504014057.1446552
17.0167 2.8424 3.0886 1504014059.5431962
17.2543 2.8317 3.0901 1504014061.9442244
17.4668 2.8244 3.0864 1504014063.9860685


# Displacement and sum
0 0.011349999999999305 0.011349999999999305
1 -0.0014299999999995983 0.009919999999999707
2 0.017499999999999627 0.027419999999999334
3 -0.03756999999999966 -0.010150000000000325
4 -0.019610000000000127 -0.029760000000000453
5 0.08097000000000021 0.051209999999999756
6 -0.04903000000000013 0.0021799999999996267
7 0.013500000000000068 0.015679999999999694
8 -0.0004399999999997739 0.01523999999999992
9 -0.00041000000000002146 0.014829999999999899
10 0.017129999999999868 0.031959999999999766
11 -0.0118999999999998 0.020059999999999967
12 0.017969999999999597 0.038029999999999564
13 0.005590000000000206 0.04361999999999977
14 0.0041599999999997195 0.04777999999999949
15 -0.018529999999999713 0.029249999999999776
16 0.03384000000000009 0.06308999999999987
17 0.02300000000000013 0.08609
18 -0.010470000000000645 0.07561999999999935
19 -0.001969999999999583 0.07364999999999977
20 0.0020500000000001073 0.07569999999999988
21 -0.021210000000000395 0.05448999999999948
22 -0.0164200000000001 0.03806999999999938
23 0.0051400000000003665 0.04320999999999975
24 0.005870000000000264 0.04908000000000001
25 0.01996999999999982 0.06904999999999983
26 -0.011570000000000302 0.05747999999999953
27 -0.02289999999999992 0.03457999999999961
28 -0.028189999999999937 0.006389999999999674
29 0.011129999999999862 0.017519999999999536
30 0.018289999999999917 0.03580999999999945
31 -0.018129999999999757 0.017679999999999696
32 0.025329999999999853 0.04300999999999955
33 0.009750000000000147 0.052759999999999696
34 -0.010300000000000198 0.0424599999999995
35 0.00839000000000012 0.05084999999999962
36 0.02951999999999999 0.08036999999999961
37 0.04153999999999991 0.12190999999999952
38 0.006279999999999841 0.12818999999999936
39 0.016300000000000203 0.14448999999999956
40 0.0040000000000000036 0.14848999999999957
41 -0.014479999999999826 0.13400999999999974
42 0.02729999999999988 0.16130999999999962
43 -0.026539999999999786 0.13476999999999983
44 0.006600000000000161 0.14137
45 -0.019549999999999956 0.12182000000000004
46 0.021850000000000147 0.1436700000000002
47 0.03150999999999993 0.1751800000000001
48 -0.023460000000000036 0.15172000000000008
49 -0.013649999999999718 0.13807000000000036
50 -0.018000000000000238 0.12007000000000012
51 -0.017020000000000035 0.10305000000000009
52 -0.019629999999999814 0.08342000000000027
53 0.08752999999999966 0.17094999999999994
54 0.0638500000000004 0.23480000000000034
55 0.0004199999999996429 0.23521999999999998
56 0.008760000000000101 0.24398000000000009
57 -0.010569999999999968 0.23341000000000012
58 0.05441999999999991 0.28783000000000003
59 -0.013479999999999936 0.2743500000000001
60 0.017440000000000122 0.2917900000000002
61 -0.01969999999999983 0.2720900000000004
62 0.04325999999999963 0.31535
63 0.006610000000000227 0.32196000000000025
64 0.03563000000000027 0.3575900000000005
65 -0.009549999999999947 0.34804000000000057
66 0.013399999999999856 0.3614400000000004
67 -3.999999999981796e-05 0.3614000000000006
68 0.008630000000000138 0.37003000000000075
69 0.01330000000000009 0.38333000000000084
70 0.03462999999999994 0.4179600000000008
71 -0.0022100000000002673 0.4157500000000005
72 0.01153000000000004 0.42728000000000055
73 0.02505000000000024 0.4523300000000008
74 0.013200000000000323 0.4655300000000011
75 0.03261999999999965 0.49815000000000076
76 0.05728 0.5554300000000008
77 0.00031999999999987594 0.5557500000000006
78 0.0007899999999998464 0.5565400000000005
79 0.025539999999999896 0.5820800000000004
80 0.00941999999999954 0.5914999999999999
81 0.0008199999999995988 0.5923199999999995
82 0.00578999999999974 0.5981099999999993
83 0 0.5981099999999993
