# SLAM - pose_x pose_y orientation time
0 4.19716 12.9124 3.10516 1504013870.695863
1 4.4048 12.928 3.07208 1504013872.813884
2 4.61983 12.9474 3.01738 1504013874.931923
3 4.81615 12.9539 2.9576 1504013877.3525078
4 5.031 12.9534 2.89529 1504013879.7731369
5 5.23979 12.9374 2.83422 1504013882.0928829
6 5.45176 12.9126 2.76895 1504013884.412627
7 5.85316 12.8176 2.65045 1504013888.951298
8 6.04675 12.7473 2.6001 1504013891.17018
9 6.24103 12.6604 2.55427 1504013893.389048
10 6.42229 12.5623 2.51524 1504013895.6079192
11 6.60057 12.4605 2.48094 1504013897.725963
12 6.77719 12.35 2.4496 1504013899.843999
13 6.94284 12.2269 2.41752 1504013901.962046
14 7.10545 12.1027 2.39493 1504013903.979176
15 7.26846 11.9686 2.37873 1504013906.097235
16 7.4278 11.8263 2.35998 1504013908.215263
17 7.72894 11.547 2.32667 1504013912.3504739
18 7.87685 11.3969 2.30797 1504013914.468503
19 8.02192 11.2483 2.29021 1504013916.586536
20 8.16852 11.1036 2.27061 1504013918.704596
21 8.30145 10.9615 2.24571 1504013920.822596
22 8.45193 10.8062 2.21625 1504013922.940623
23 8.58485 10.6585 2.18765 1504013925.05865
24 8.72254 10.4956 2.15531 1504013927.176675
25 8.85616 10.3324 2.12127 1504013929.294699
26 9.10744 9.99265 2.04608 1504013933.530747
27 9.22699 9.80996 2.01238 1504013935.7496982
28 9.31483 9.6245 1.98507 1504013937.867691
29 9.42158 9.45526 1.95859 1504013939.985736
30 9.50815 9.27406 1.93539 1504013942.103764
31 9.58674 9.08095 1.91045 1504013944.1209228
32 9.65841 8.89156 1.89547 1504013946.238962
33 9.72388 8.6926 1.88471 1504013948.356985
34 9.78504 8.50007 1.87804 1504013950.4750102
35 9.84963 8.32823 1.87109 1504013952.593015
36 9.97158 7.94528 1.86338 1504013956.62741
37 10.0203 7.73419 1.86805 1504013958.6445508
38 10.0671 7.5529 1.87407 1504013960.76262
39 10.1158 7.38125 1.88452 1504013962.7797801
40 10.1612 7.18003 1.8945 1504013964.796951
41 10.2132 6.9741 1.9113 1504013966.814122
42 10.2603 6.78836 1.93269 1504013968.831278
43 10.3126 6.62224 1.94878 1504013970.848442
44 10.3792 6.45862 1.97055 1504013972.966537
45 10.4316 6.30384 1.99158 1504013975.084529
46 10.4928 6.10359 2.02142 1504013977.2025568
47 10.5608 5.88123 2.05992 1504013979.320564
48 10.6608 5.55968 2.13936 1504013983.657504
49 10.7277 5.34359 2.1841 1504013985.876405
50 10.7752 5.23037 2.21241 1504013988.095281
51 10.8512 5.0831 2.24823 1504013990.314205
52 10.9377 4.90561 2.29487 1504013992.533064
53 11.0541 4.70288 2.35105 1504013994.751986
54 11.1826 4.52665 2.40632 1504013996.9708428
55 11.3277 4.34166 2.47241 1504013999.189746
56 11.4657 4.18114 2.53569 1504014001.5094872
57 11.6334 4.00849 2.60874 1504014003.829219
58 11.7667 3.87203 2.67157 1504014006.148978
59 11.9748 3.7014 2.75684 1504014008.468735
60 12.1347 3.59521 2.81697 1504014010.788464
61 12.3302 3.48418 2.88275 1504014013.108209
62 12.6149 3.30706 2.96834 1504014017.545988
63 12.8879 3.25206 3.02867 1504014019.6640651
64 13.0718 3.20563 3.05531 1504014021.681199
65 13.2615 3.16726 3.07486 1504014023.799221
66 13.4472 3.13891 3.08904 1504014025.91726
67 13.6581 3.11574 3.10257 1504014028.035306
68 13.9078 3.10207 3.11649 1504014030.1533198
69 14.1177 3.09392 3.11604 1504014032.170479
70 14.2931 3.08589 3.10597 1504014034.187671
71 14.4978 3.07529 3.10229 1504014036.204833
72 14.9281 3.05671 3.09689 1504014040.440896
73 15.1338 3.04589 3.09882 1504014042.4580832
74 15.3523 3.03721 3.09948 1504014044.576115
75 15.5205 3.00712 3.08578 1504014046.593278
76 15.7394 2.98915 3.07946 1504014048.610423
77 15.9456 2.97431 3.07787 1504014050.72848
78 16.165 2.97132 3.07859 1504014052.745672
79 16.3723 2.95182 3.07762 1504014054.762864
80 16.597 2.94935 3.08814 1504014056.880853
81 16.7691 2.89718 3.08187 1504014058.9989069
82 16.997 2.86556 3.07975 1504014061.116914
83 17.4008 2.86502 3.07947 1504014064.646972


# GT - pose_x pose_y orientation time
0 4.2049 12.9218 3.1022 1504013870.6663806
1 4.4161 12.9076 3.0715 1504013872.8271294
2 4.6204 12.8869 3.0185 1504013874.9292374
3 4.8215 12.8575 2.9585 1504013877.3254666
4 5.0244 12.8103 2.8939 1504013879.7888594
5 5.2163 12.756 2.8327 1504013882.0685148
6 5.4134 12.686 2.7674 1504013884.4086423
7 5.784 12.5131 2.6467 1504013888.968366
8 5.9624 12.4116 2.597 1504013891.1899464
9 6.1367 12.3 2.5531 1504013893.4056911
10 6.3083 12.1804 2.513 1504013895.6295142
11 6.4707 12.0625 2.4797 1504013897.7261944
12 6.6315 11.9373 2.4491 1504013899.829638
13 6.7962 11.7999 2.4191 1504013901.9930377
14 6.941 11.6688 2.3962 1504013903.9666212
15 7.0955 11.5233 2.3777 1504013906.1241894
16 7.2432 11.3779 2.3616 1504013908.2313306
17 7.5314 11.0805 2.325 1504013912.3644376
18 7.672 10.9267 2.3059 1504013914.4694371
19 7.8068 10.7716 2.2878 1504013916.5680814
20 7.9432 10.6119 2.2655 1504013918.7249317
21 8.0725 10.4511 2.2395 1504013920.8271039
22 8.1966 10.2881 2.21 1504013922.927805
23 8.3169 10.1208 2.1795 1504013925.0845027
24 8.43 9.9527 2.1482 1504013927.18958
25 8.5392 9.7843 2.1146 1504013929.2866807
26 8.7461 9.4223 2.0431 1504013933.546434
27 8.8396 9.2326 2.009 1504013935.7668738
28 8.9236 9.0481 1.9822 1504013937.865041
29 9.0048 8.8607 1.9571 1504013939.966539
30 9.0804 8.6669 1.9305 1504013942.1270335
31 9.1496 8.4741 1.907 1504013944.1056173
32 9.2144 8.2711 1.8888 1504013946.2664368
33 9.2756 8.0759 1.8777 1504013948.368461
34 9.336 7.881 1.8677 1504013950.4681344
35 9.3962 7.6839 1.8551 1504013952.5670123
36 9.5094 7.2848 1.842 1504013956.646412
37 9.5644 7.0903 1.8446 1504013958.6275468
38 9.6214 6.888 1.8508 1504013960.7900562
39 9.6743 6.6986 1.8585 1504013962.7672698
40 9.7306 6.5039 1.8682 1504013964.8049011
41 9.7879 6.3133 1.8829 1504013966.7866712
42 9.8502 6.1192 1.9031 1504013968.8264875
43 9.9235 5.925 1.9262 1504013970.8703167
44 9.9978 5.74 1.9504 1504013972.9641266
45 10.0761 5.5525 1.9748 1504013975.0656345
46 10.1618 5.3635 2.0031 1504013977.226204
47 10.2492 5.1783 2.038 1504013979.324208
48 10.4407 4.8217 2.1306 1504013983.6463284
49 10.5546 4.6465 2.1785 1504013985.8640635
50 10.6741 4.4776 2.222 1504013988.0866838
51 10.8032 4.3154 2.2662 1504013990.3068671
52 10.9392 4.1609 2.3148 1504013992.524612
53 11.0797 4.0122 2.3652 1504013994.7473674
54 11.2263 3.8709 2.4208 1504013996.9634974
55 11.3831 3.7403 2.4803 1504013999.1893923
56 11.5478 3.6195 2.5424 1504014001.523655
57 11.7129 3.5119 2.6056 1504014003.8050017
58 11.8899 3.413 2.6749 1504014006.147462
59 12.0735 3.3256 2.745 1504014008.483626
60 12.258 3.254 2.8106 1504014010.7657766
61 12.4509 3.1898 2.872 1504014013.106175
62 12.8497 3.0955 2.9781 1504014017.5440717
63 13.0503 3.0659 3.0204 1504014019.6439717
64 13.2524 3.0403 3.0502 1504014021.6867309
65 13.459 3.0226 3.075 1504014023.7849076
66 13.6702 3.011 3.0956 1504014025.943939
67 13.8733 3.0041 3.1071 1504014028.046339
68 14.0813 2.9989 3.1107 1504014030.1485183
69 14.2898 2.9916 3.1088 1504014032.1827989
70 14.4954 2.9861 3.1065 1504014034.1653857
71 14.6977 2.9788 3.103 1504014036.2065902
72 15.1155 2.9573 3.0948 1504014040.4669547
73 15.3118 2.9463 3.0935 1504014042.4455574
74 15.5259 2.9347 3.0915 1504014044.6037092
75 15.7222 2.923 3.0908 1504014046.58223
76 15.934 2.9176 3.0876 1504014048.6270967
77 16.1373 2.9043 3.0847 1504014050.7245145
78 16.3463 2.8912 3.0809 1504014052.7624545
79 16.5448 2.8743 3.0795 1504014054.7433517
80 16.7575 2.8585 3.0834 1504014056.9071598
81 16.9634 2.8455 3.0874 1504014059.0028858
82 17.1709 2.8353 3.0904 1504014061.1058202
83 17.5768 2.8195 3.0838 1504014064.6440954


# Displacement and sum
0 0.0034516395138404765 0.0034516395138404765
1 -0.010557359402763977 -0.007105719888923501
2 0.006810142498877042 -0.00029557739004645867
3 -0.006532915722912924 -0.006828493112959383
4 -0.009967708391803082 -0.016796201504762465
5 -0.004254634549183567 -0.02105083605394603
6 -0.00354036841575206 -0.02459120446969809
7 -0.0007061271441665684 -0.02529733161386466
8 -0.005863039417456917 -0.031160371031321576
9 0.0030628762632387563 -0.02809749476808282
10 -0.00461308694483667 -0.03271058171291949
11 -0.00454513662284986 -0.03725571833576935
12 0.00810540597720677 -0.02915031235856258
13 -0.00928473562037313 -0.03843504797893571
14 0.0011467529084511485 -0.03728829507048456
15 -0.006372373764205713 -0.043660668834690275
16 0.003409333622531485 -0.04025133521215879
17 -0.002349200660268197 -0.04260053587242699
18 -0.0021788357753030063 -0.04477937164772999
19 0.004036959711662069 -0.040742411936067924
20 0.011753772841687021 -0.028988639094380902
21 -0.01138062596534789 -0.04036926505972879
22 0.007358255066839348 -0.033011009992889445
23 -0.01068937223866262 -0.043700382231552065
24 -0.010216325716919633 -0.0539167079484717
25 -0.005622284132175193 -0.05953899208064689
26 -0.006838899496817347 -0.06637789157746424
27 -0.0024882238784644795 -0.06886611545592872
28 0.004141320205023058 -0.06472479525090566
29 0.0072057162644557915 -0.05751907898644987
30 -0.0036468989360083637 -0.06116597792245823
31 0.010594312392978006 -0.050571665529480225
32 -0.0048860027088248326 -0.05545766823830506
33 0.0020337710768686124 -0.053423897161436446
34 0.022510529191891643 -0.030913367969544803
35 0.012944778912494903 -0.0179685890570499
36 -0.01451257614298651 -0.03248116520003641
37 0.02294351861675248 -0.009537646583283932
38 0.018224040382048973 0.00868639379876504
39 -0.00360154478846364 0.005084849010301401
40 -0.013367133924545027 -0.008282284914243626
41 0.012234351446928804 0.003952066532685178
42 0.033414562201282694 0.03736662873396787
43 0.022707496313100234 0.060074125047068105
44 0.039783044140930285 0.09985716918799839
45 -0.0018709129571019 0.09798625623089649
46 -0.027737995443292363 0.07024826078760413
47 0.06802551108446114 0.13827377187206527
48 -0.01723947459979519 0.12103429727227008
49 0.08411927099706677 0.20515356826933684
50 0.04158166583446038 0.24673523410379722
51 0.008384565421243911 0.25511979952504116
52 -0.029192533010108296 0.22592726651493286
53 -0.014493254193016919 0.21143401232191594
54 -0.031041832734207464 0.18039217958770848
55 -0.007433675814750268 0.1729585037729582
56 -0.04362131222068363 0.12933719155227458
57 0.01199431668046394 0.14133150823273852
58 -0.06576863967943525 0.07556286855330327
59 0.0059573045278011605 0.08152017308110443
60 -0.021525772717357505 0.059994400363746925
61 0.07449817951789556 0.13449257988164248
62 -0.07571309930690667 0.05877948057473581
63 0.014044274867408557 0.07282375544214437
64 0.013815228482367575 0.08663898392451194
65 0.023666750324153357 0.1103057342486653
66 -0.008951765055913108 0.10135396919275219
67 -0.042008917028625414 0.05934505216412678
68 -0.0014304099386951707 0.057914642225431606
69 0.03008983722717698 0.08800447945260859
70 -0.0025425991944225124 0.08546188025818607
71 -0.012348118199443814 0.07311376205874226
72 -0.00937641400026104 0.06373734805848122
73 -0.004258324871809105 0.059479023186672114
74 0.025778099510855162 0.08525712269752728
75 -0.0077675332617218595 0.07748958943580542
76 -0.002998737765544629 0.07449085167026079
77 -0.010010225232438968 0.06448062643782182
78 -0.008997007467632684 0.055483618970189136
79 -0.011427546636886304 0.04405607233330283
80 0.02647639853139691 0.07053247086469974
81 -0.0223325557151281 0.04819991514957164
82 0.0024070366965385226 0.050606951846110165
83 0 0.050606951846110165


# Displacement abs and sum
0 0.0034516395138404765 0.0034516395138404765
1 0.010557359402763977 0.014008998916604454
2 0.006810142498877042 0.020819141415481496
3 0.006532915722912924 0.02735205713839442
4 0.009967708391803082 0.0373197655301975
5 0.004254634549183567 0.04157440007938107
6 0.00354036841575206 0.04511476849513313
7 0.0007061271441665684 0.0458208956392997
8 0.005863039417456917 0.051683935056756614
9 0.0030628762632387563 0.05474681131999537
10 0.00461308694483667 0.05935989826483204
11 0.00454513662284986 0.0639050348876819
12 0.00810540597720677 0.07201044086488867
13 0.00928473562037313 0.0812951764852618
14 0.0011467529084511485 0.08244192939371295
15 0.006372373764205713 0.08881430315791866
16 0.003409333622531485 0.09222363678045015
17 0.002349200660268197 0.09457283744071834
18 0.0021788357753030063 0.09675167321602135
19 0.004036959711662069 0.10078863292768342
20 0.011753772841687021 0.11254240576937044
21 0.01138062596534789 0.12392303173471833
22 0.007358255066839348 0.13128128680155768
23 0.01068937223866262 0.1419706590402203
24 0.010216325716919633 0.15218698475713993
25 0.005622284132175193 0.15780926888931512
26 0.006838899496817347 0.16464816838613247
27 0.0024882238784644795 0.16713639226459695
28 0.004141320205023058 0.17127771246962
29 0.0072057162644557915 0.1784834287340758
30 0.0036468989360083637 0.18213032767008416
31 0.010594312392978006 0.19272464006306217
32 0.0048860027088248326 0.197610642771887
33 0.0020337710768686124 0.19964441384875561
34 0.022510529191891643 0.22215494304064726
35 0.012944778912494903 0.23509972195314216
36 0.01451257614298651 0.24961229809612867
37 0.02294351861675248 0.27255581671288115
38 0.018224040382048973 0.29077985709493015
39 0.00360154478846364 0.2943814018833938
40 0.013367133924545027 0.3077485358079388
41 0.012234351446928804 0.3199828872548676
42 0.033414562201282694 0.3533974494561503
43 0.022707496313100234 0.3761049457692506
44 0.039783044140930285 0.41588798991018083
45 0.0018709129571019 0.41775890286728273
46 0.027737995443292363 0.4454968983105751
47 0.06802551108446114 0.5135224093950362
48 0.01723947459979519 0.5307618839948314
49 0.08411927099706677 0.6148811549918981
50 0.04158166583446038 0.6564628208263585
51 0.008384565421243911 0.6648473862476024
52 0.029192533010108296 0.6940399192577107
53 0.014493254193016919 0.7085331734507276
54 0.031041832734207464 0.7395750061849351
55 0.007433675814750268 0.7470086819996854
56 0.04362131222068363 0.7906299942203691
57 0.01199431668046394 0.802624310900833
58 0.06576863967943525 0.8683929505802682
59 0.0059573045278011605 0.8743502551080694
60 0.021525772717357505 0.895876027825427
61 0.07449817951789556 0.9703742073433226
62 0.07571309930690667 1.0460873066502292
63 0.014044274867408557 1.0601315815176378
64 0.013815228482367575 1.0739468100000054
65 0.023666750324153357 1.0976135603241588
66 0.008951765055913108 1.106565325380072
67 0.042008917028625414 1.1485742424086975
68 0.0014304099386951707 1.1500046523473928
69 0.03008983722717698 1.1800944895745697
70 0.0025425991944225124 1.1826370887689923
71 0.012348118199443814 1.1949852069684361
72 0.00937641400026104 1.2043616209686971
73 0.004258324871809105 1.2086199458405062
74 0.025778099510855162 1.2343980453513614
75 0.0077675332617218595 1.2421655786130832
76 0.002998737765544629 1.245164316378628
77 0.010010225232438968 1.255174541611067
78 0.008997007467632684 1.2641715490786996
79 0.011427546636886304 1.2755990957155858
80 0.02647639853139691 1.3020754942469828
81 0.0223325557151281 1.324408049962111
82 0.0024070366965385226 1.3268150866586494
83 0 1.3268150866586494


# Distance slam gt
0 0.012176518385810868
1 0.023320591759216233
2 0.06050268506438304
3 0.09654834281332943
4 0.14325212040315538
5 0.18291457049672122
6 0.229823953494843
7 0.3122552731340186
8 0.3461349628396409
9 0.37519716003722486
10 0.398549030986151
11 0.4186528596582135
12 0.43766067460990754
13 0.4514778949184571
14 0.46401833207320725
15 0.477710426513803
16 0.48491207450423396
17 0.5066007319378841
18 0.5128855257267457
19 0.5229909219097411
20 0.5408678141653461
21 0.5593981252203115
22 0.577599358465711
23 0.600764922827557
24 0.6167009498938686
25 0.6331486804850814
26 0.675178286158552
27 0.6952809372476715
28 0.6966332413113803
29 0.7260903263368838
30 0.7427067578122617
31 0.7479026020144606
32 0.7629649347774771
33 0.7624131743352803
34 0.7647774751520855
35 0.7878831853771205
36 0.8061291353126996
37 0.7889481238332474
38 0.8004626787052602
39 0.8129780270708423
40 0.8016034785977412
41 0.7858350526669068
42 0.784829354445921
43 0.7984625398852466
44 0.81356048601195
45 0.831199161212281
46 0.810736830358656
47 0.7688986571063839
48 0.770102908967367
49 0.7182604528303088
50 0.7595287242099538
51 0.7691991224643976
52 0.7447115106536226
53 0.6911542681630496
54 0.6572044982347582
55 0.6039064576571443
56 0.5676089319240848
57 0.5029133902572094
58 0.47527547895930883
59 0.3885451453821033
60 0.3628045673637524
61 0.3181635969120292
62 0.3160516945058196
63 0.24704110103381582
64 0.24484764426067115
65 0.2448116941651275
66 0.25707969211899945
67 0.2424345882913585
68 0.2018571249671416
69 0.200219360702206
70 0.2255733452782037
71 0.22196920980171947
72 0.21213464615663338
73 0.20396609546686842
74 0.2016066965653675
75 0.21853847350066363
76 0.2073368334377656
77 0.20408402705748346
78 0.19821428909137725
79 0.1891179536691317
80 0.18442877351432907
81 0.20105549582142582
82 0.17651310886163635
83 0.18179128251926552


# Displacement mean and std deviation
0.0006024637124536924 0.02385511984282674

# Displacement mean absolute value and std deviation
0.015795417698317254 0.017886712525674902

# Distance to GT
0.18179128251926552