# SLAM - pose_x pose_y orientation time
0 17.3751 2.82841 3.08439 1504014281.492995
1 17.1834 2.83623 3.0841 1504014283.6110258
2 16.9776 2.84487 3.08663 1504014285.628205
3 16.7927 2.85158 3.09351 1504014287.746222
4 16.5826 2.86036 3.10436 1504014289.864269
5 16.3691 2.86679 3.11542 1504014291.881453
6 16.1569 2.8641 3.12431 1504014293.999459
7 15.9449 2.86425 3.1351 1504014296.0166452
8 15.7499 2.86101 3.14104 1504014298.134665
9 15.57 2.86099 -3.13931 1504014300.1518478
10 15.3565 2.86631 -3.14023 1504014302.370715
11 15.1265 2.87371 3.14095 1504014304.3879302
12 14.9192 2.87755 -3.14109 1504014306.4050539
13 14.715 2.88547 -3.13979 1504014308.523103
14 14.5156 2.89462 3.13783 1504014310.6411579
15 14.3207 2.91403 3.1225 1504014312.759182
16 14.1091 2.94055 3.10144 1504014314.776362
17 13.9011 2.97123 3.07863 1504014316.8943949
18 13.7286 3.0049 3.05477 1504014319.012417
19 13.5441 3.05357 3.02424 1504014321.1304371
20 13.3865 3.11721 2.98828 1504014323.24845
21 13.1334 3.18965 2.94482 1504014325.366494
22 12.9293 3.27562 2.89684 1504014327.5853891
23 12.7523 3.37138 2.84583 1504014329.804277
24 12.574 3.4908 2.78633 1504014332.124008
25 12.4042 3.61832 2.72872 1504014334.443825
26 12.2571 3.75187 2.67034 1504014336.763537
27 12.0819 3.89939 2.60729 1504014339.083246
28 11.9258 4.05032 2.54813 1504014341.403008
29 11.7893 4.21143 2.48963 1504014343.72276
30 11.6795 4.37461 2.43917 1504014345.941647
31 11.5385 4.53021 2.3983 1504014348.059676
32 11.4123 4.71271 2.35189 1504014350.2785752
33 11.298 4.88105 2.31257 1504014352.396631
34 11.1949 5.0528 2.2768 1504014354.514636
35 11.0837 5.22906 2.24403 1504014356.632681
36 10.9823 5.40919 2.21008 1504014358.851549
37 10.8882 5.59753 2.16271 1504014361.070459
38 10.8216 5.79808 2.11685 1504014363.289338
39 10.7516 5.99376 2.08101 1504014365.5082428
40 10.6709 6.18997 2.04529 1504014367.626249
41 10.6084 6.38539 2.01282 1504014369.744295
42 10.5546 6.57885 1.9809 1504014371.8623202
43 10.4962 6.77146 1.94846 1504014373.980363
44 10.436 6.97168 1.92386 1504014376.098382
45 10.386 7.16878 1.90359 1504014378.115564
46 10.3356 7.37326 1.88297 1504014380.132719
47 10.2796 7.56929 1.86926 1504014382.250759
48 10.2485 7.77335 1.85916 1504014384.368775
49 10.2047 7.97378 1.85032 1504014386.4867918
50 10.1596 8.17212 1.84384 1504014388.6048572
51 10.1085 8.37133 1.83959 1504014390.521167
52 10.0558 8.56697 1.84423 1504014392.6392052
53 10.0004 8.76481 1.84975 1504014394.6563761
54 9.94619 8.94621 1.85866 1504014396.774404
55 9.89142 9.14163 1.86632 1504014398.791571
56 9.84084 9.35065 1.87314 1504014400.909603
57 9.76562 9.5457 1.88817 1504014402.825909
58 9.69005 9.72525 1.91344 1504014404.943978
59 9.60848 9.91502 1.93392 1504014406.9611452
60 9.50659 10.1151 1.95665 1504014409.180012
61 9.39732 10.2825 1.99741 1504014411.298044
62 9.27472 10.4417 2.04204 1504014413.416057
63 9.14823 10.5976 2.08948 1504014415.634955
64 9.01917 10.7532 2.14388 1504014417.853834
65 8.86733 10.8968 2.19652 1504014420.072757
66 8.69844 11.0453 2.2539 1504014422.392511
67 8.53376 11.1733 2.30531 1504014424.611376
68 8.36216 11.2959 2.35722 1504014426.8302872
69 8.19102 11.4071 2.40328 1504014429.049181
70 8.01154 11.5158 2.44432 1504014431.2680802
71 7.83257 11.6142 2.48494 1504014433.38609
72 7.64618 11.7103 2.52411 1504014435.504124
73 7.47235 11.7958 2.55951 1504014437.622144
74 7.27973 11.8715 2.58524 1504014439.740161
75 7.09778 11.9534 2.6179 1504014441.858212
76 6.89897 12.0284 2.65688 1504014444.077087
77 6.71002 12.0984 2.6892 1504014446.1951308
78 6.51553 12.1637 2.72413 1504014448.313148
79 6.3045 12.2217 2.76785 1504014450.532037
80 6.09913 12.2593 2.81221 1504014452.750926
81 5.89445 12.2928 2.85821 1504014454.8689651
82 5.67813 12.3181 2.90223 1504014457.0878289
83 5.4692 12.3297 2.94391 1504014459.2058802
84 5.25715 12.3307 2.9885 1504014461.4247758
85 5.04711 12.3149 3.03964 1504014463.643662
86 4.85212 12.3172 3.07395 1504014465.660831
87 4.62664 12.2994 3.11717 1504014467.8797262
88 4.42151 12.3016 3.13834 1504014469.997748
89 4.62903 12.2923 3.12614 1504014556.4335942
90 4.83671 12.3055 3.09437 1504014558.551619
91 5.04412 12.3132 3.04808 1504014560.669649
92 5.26596 12.327 2.99326 1504014562.9894269
93 5.46734 12.3257 2.95308 1504014565.107448
94 5.6732 12.316 2.90656 1504014567.326297
95 5.88358 12.2967 2.85625 1504014569.5452008
96 6.09477 12.2601 2.80515 1504014571.764074
97 6.29678 12.2203 2.76568 1504014573.8821278
98 6.4945 12.1579 2.72215 1504014576.000136
99 6.69008 12.0888 2.68342 1504014578.118189
100 6.87661 12.0156 2.64835 1504014580.236192
101 7.06118 11.9439 2.61662 1504014582.3542368
102 7.24735 11.8429 2.57213 1504014584.472296
103 7.44183 11.7491 2.53703 1504014586.590349
104 7.61252 11.637 2.50031 1504014588.70833
105 7.78924 11.5411 2.47261 1504014590.826376
106 7.9612 11.426 2.43542 1504014592.944396
107 8.13741 11.3726 2.4192 1504014595.0624352
108 8.31846 11.2642 2.38012 1504014597.281313
109 8.48891 11.1544 2.33911 1504014599.500214
110 8.65471 11.035 2.29196 1504014601.719131
111 8.82303 10.8942 2.24274 1504014603.937994
112 8.97967 10.7572 2.19587 1504014606.156856
113 9.12456 10.6179 2.15169 1504014608.3757708
114 9.25587 10.4617 2.09861 1504014610.4938262
115 9.38223 10.2957 2.05155 1504014612.61183
116 9.50261 10.1394 2.01362 1504014614.830709
117 9.61092 9.95786 1.97861 1504014617.049654
118 9.70983 9.78203 1.95227 1504014619.167618
119 9.78397 9.59085 1.92638 1504014621.285677
120 9.87234 9.40017 1.90081 1504014623.302853
121 9.93683 9.18578 1.8894 1504014625.32003
122 10.007 8.99198 1.88345 1504014627.337205
123 10.054 8.79679 1.87649 1504014629.455223
124 10.0959 8.62866 1.85782 1504014631.573287
125 10.1945 8.44317 1.84031 1504014633.6913018
126 10.2473 8.24585 1.83469 1504014635.70846
127 10.2831 8.03226 1.8415 1504014637.725661
128 10.3368 7.83478 1.84956 1504014639.843699
129 10.3887 7.64276 1.85615 1504014641.96168
130 10.4257 7.44837 1.87052 1504014644.079743
131 10.4796 7.24419 1.886 1504014646.197761
132 10.5271 7.03737 1.90539 1504014648.2149389
133 10.5799 6.84715 1.9227 1504014650.2320871
134 10.655 6.65896 1.94005 1504014652.3501272
135 10.7195 6.45293 1.96337 1504014654.468161
136 10.7774 6.26233 1.98469 1504014656.5861928
137 10.8188 6.06455 2.01978 1504014658.704212
138 10.9049 5.86109 2.0694 1504014660.822258
139 10.94 5.67066 2.12012 1504014663.041131
140 11.0208 5.49462 2.16735 1504014665.260067
141 11.0659 5.28669 2.22038 1504014667.478922
142 11.1626 5.09105 2.2743 1504014669.798681
143 11.2555 4.90407 2.34563 1504014672.118401
144 11.3577 4.71662 2.42485 1504014674.539008
145 11.4718 4.53448 2.50119 1504014676.959649
146 11.5874 4.36977 2.57444 1504014679.380276
147 11.7405 4.2064 2.65655 1504014681.901685
148 11.8807 4.0574 2.73789 1504014684.423203
149 12.0682 3.92731 2.81016 1504014686.843798
150 12.24 3.8168 2.87463 1504014689.1635041
151 12.4107 3.71968 2.93411 1504014691.4832761
152 12.6227 3.6229 3.00129 1504014693.702152
153 12.8107 3.55732 3.04726 1504014695.921047
154 12.9982 3.51099 3.08663 1504014698.1399128
155 13.1916 3.47017 3.1166 1504014700.157103
156 13.4152 3.42759 -3.13429 1504014702.1742709
157 13.6068 3.41821 -3.11147 1504014704.292324
158 13.8157 3.41177 -3.09716 1504014706.410336
159 14.0224 3.41958 -3.09191 1504014708.5283751
160 14.2257 3.42099 -3.09408 1504014710.5455208
161 14.422 3.42788 -3.09765 1504014712.5627148
162 14.6574 3.43906 -3.09988 1504014714.579904
163 14.8328 3.44175 -3.11418 1504014716.6979141
164 15.026 3.44727 -3.12987 1504014718.715126
165 15.2294 3.46079 3.13561 1504014720.73227
166 15.4466 3.46979 3.11808 1504014722.850299
167 15.656 3.47516 3.10292 1504014724.867456
168 15.8533 3.48044 3.08373 1504014726.985505
169 16.0709 3.47726 3.05817 1504014729.1035268
170 16.269 3.47643 3.03729 1504014731.120704
171 16.483 3.46108 3.01932 1504014733.238728
172 16.6754 3.43335 3.007 1504014735.2559109
173 16.8747 3.40219 2.99494 1504014737.273087
174 17.107 3.37601 2.98201 1504014739.391114
175 17.3093 3.34589 2.97523 1504014741.4083
176 17.5119 3.31284 2.97209 1504014743.223731


# GT - pose_x pose_y orientation time
0 17.3852 2.8287 3.0855 1504014281.4792686
1 17.1787 2.836 3.0861 1504014283.5841985
2 16.9765 2.8443 3.0902 1504014285.618135
3 16.7705 2.8544 3.0983 1504014287.7183633
4 16.5604 2.8638 3.1097 1504014289.8806467
5 16.3589 2.8711 3.1208 1504014291.860172
6 16.1474 2.8777 3.1311 1504014294.0180182
7 15.943 2.8781 3.1409 1504014296.0001698
8 15.7291 2.874 -3.13589 1504014298.1588786
9 15.5273 2.8706 -3.13339 1504014300.1404684
10 15.3166 2.8686 -3.13719 1504014302.3595357
11 15.1043 2.8722 -3.13479 1504014304.4010062
12 14.9059 2.8701 -3.13379 1504014306.3817012
13 14.6927 2.8708 -3.13369 1504014308.540977
14 14.4884 2.8712 -3.13949 1504014310.6409664
15 14.2806 2.872 3.1279 1504014312.7379127
16 14.0693 2.8761 3.1087 1504014314.7800407
17 13.8637 2.8853 3.0857 1504014316.880844
18 13.6594 2.8971 3.0624 1504014319.0401866
19 13.4563 2.9153 3.0313 1504014321.1379156
20 13.2561 2.9414 2.9943 1504014323.2401235
21 13.056 2.9769 2.9541 1504014325.3419485
22 12.8523 3.02 2.9073 1504014327.5566754
23 12.6565 3.0729 2.8556 1504014329.7815492
24 12.458 3.1408 2.7969 1504014332.1175265
25 12.2645 3.2205 2.7387 1504014334.4632506
26 12.0821 3.3061 2.6826 1504014336.7376952
27 11.897 3.4038 2.6205 1504014339.0789616
28 11.7197 3.5166 2.5577 1504014341.4212446
29 11.5535 3.6347 2.501 1504014343.6983752
30 11.3926 3.7611 2.4517 1504014345.9200418
31 11.2351 3.8971 2.4074 1504014348.0768998
32 11.0842 4.0408 2.3633 1504014350.3029685
33 10.9436 4.1866 2.323 1504014352.398336
34 10.8091 4.3342 2.2904 1504014354.4968362
35 10.6738 4.4946 2.2563 1504014356.6591225
36 10.5448 4.6578 2.2185 1504014358.8788548
37 10.4256 4.8262 2.1733 1504014361.099714
38 10.3178 4.9985 2.1305 1504014363.2627146
39 10.2093 5.1828 2.0907 1504014365.5377133
40 10.1152 5.3589 2.058 1504014367.637743
41 10.0227 5.5383 2.0258 1504014369.7435813
42 9.9345 5.7235 1.9923 1504014371.8369074
43 9.8499 5.9145 1.961 1504014373.9980211
44 9.7693 6.1057 1.9327 1504014376.1008635
45 9.697 6.2995 1.9103 1504014378.141611
46 9.6337 6.4901 1.8934 1504014380.115966
47 9.5724 6.6894 1.8792 1504014382.2783973
48 9.5128 6.8892 1.8682 1504014384.3815377
49 9.4539 7.0859 1.8596 1504014386.4765928
50 9.3983 7.2812 1.8535 1504014388.5785494
51 9.3366 7.4824 1.8481 1504014390.5008001
52 9.2812 7.6812 1.8527 1504014392.6584334
53 9.2231 7.8749 1.8557 1504014394.6367035
54 9.1643 8.0745 1.8607 1504014396.799409
55 9.1101 8.2638 1.8701 1504014398.7802858
56 9.0492 8.4662 1.8843 1504014400.9394531
57 8.9885 8.6525 1.9015 1504014402.7977126
58 8.9176 8.8514 1.9222 1504014404.95989
59 8.844 9.0374 1.9433 1504014406.9411952
60 8.7653 9.2243 1.9722 1504014409.1573544
61 8.6803 9.4099 2.01 1504014411.3201203
62 8.5877 9.5878 2.054 1504014413.4185147
63 8.4864 9.7629 2.1022 1504014415.6365979
64 8.3781 9.9344 2.1533 1504014417.8583417
65 8.2607 10.1015 2.2071 1504014420.0754113
66 8.1313 10.2656 2.2634 1504014422.4191132
67 7.997 10.4188 2.3169 1504014424.6355765
68 7.8523 10.5657 2.3684 1504014426.8604674
69 7.7056 10.7008 2.4139 1504014429.0213296
70 7.5457 10.8369 2.4598 1504014431.2954555
71 7.3894 10.9641 2.5002 1504014433.3979564
72 7.2207 11.08 2.5409 1504014435.5015137
73 7.0544 11.1878 2.5773 1504014437.5956063
74 6.8747 11.2958 2.6112 1504014439.7568612
75 6.6976 11.4 2.6436 1504014441.8577156
76 6.5104 11.4896 2.6828 1504014444.0745385
77 6.3281 11.571 2.716 1504014446.1782858
78 6.1407 11.6534 2.7508 1504014448.3369956
79 5.947 11.7307 2.7918 1504014450.556242
80 5.7499 11.7977 2.8391 1504014452.781448
81 5.5569 11.8522 2.8839 1504014454.876613
82 5.356 11.8992 2.9292 1504014457.0997176
83 5.1608 11.9365 2.9718 1504014459.199026
84 4.9538 11.9663 3.0177 1504014461.418684
85 4.7494 11.9867 3.0598 1504014463.6368723
86 4.5465 12.0143 3.0928 1504014465.6783977
87 4.3399 12.0137 3.1317 1504014467.8987408
88 4.1356 12.0135 -3.12949 1504014469.9963772
89 4.3408 12.011 -3.13699 1504014556.4576354
90 4.5427 12.0162 3.1123 1504014558.5553627
91 4.7465 12.0023 3.0717 1504014560.6526299
92 4.9511 11.9789 3.023 1504014562.9962363
93 5.1547 11.9495 2.9814 1504014565.0957792
94 5.3579 11.9122 2.937 1504014567.3146672
95 5.5578 11.8644 2.8855 1504014569.5355601
96 5.7577 11.8074 2.8366 1504014571.7525957
97 5.9473 11.7446 2.7958 1504014573.854493
98 6.1377 11.6702 2.7569 1504014576.0153742
99 6.321 11.5901 2.7194 1504014578.1128106
100 6.5014 11.5046 2.6846 1504014580.2178407
101 6.6842 11.4138 2.6489 1504014582.3791695
102 6.8632 11.3173 2.6164 1504014584.4719737
103 7.0353 11.2132 2.581 1504014586.5753188
104 7.2111 11.0997 2.547 1504014588.7366405
105 7.377 10.9856 2.5152 1504014590.8328547
106 7.5396 10.8625 2.4794 1504014592.938075
107 7.6955 10.7335 2.4394 1504014595.03524
108 7.8524 10.5964 2.3973 1504014597.2550015
109 8.0028 10.4537 2.3532 1504014599.4745588
110 8.1428 10.3034 2.3053 1504014601.6942196
111 8.2769 10.1478 2.2555 1504014603.9133625
112 8.4006 9.9877 2.2051 1504014606.1390693
113 8.5176 9.8252 2.155 1504014608.3523269
114 8.6298 9.6504 2.1048 1504014610.5131323
115 8.7312 9.4765 2.0604 1504014612.6166847
116 8.8239 9.293 2.0189 1504014614.831678
117 8.9129 9.1014 1.9838 1504014617.0543313
118 8.9941 8.9148 1.9579 1504014619.154059
119 9.0708 8.7206 1.9314 1504014621.3107657
120 9.139 8.5325 1.9093 1504014623.2946625
121 9.2036 8.3352 1.8913 1504014625.3391726
122 9.262 8.1478 1.8799 1504014627.312905
123 9.323 7.9487 1.8696 1504014629.4730506
124 9.3838 7.7511 1.8582 1504014631.5778813
125 9.4442 7.5525 1.8471 1504014633.6739655
126 9.4985 7.354 1.8415 1504014635.7115097
127 9.5549 7.1524 1.8457 1504014637.754479
128 9.6112 6.9533 1.8553 1504014639.8540406
129 9.668 6.7545 1.866 1504014641.9513698
130 9.728 6.5548 1.8782 1504014644.0562496
131 9.7924 6.3491 1.8948 1504014646.2171087
132 9.8558 6.1595 1.9129 1504014648.1918263
133 9.9287 5.9672 1.9334 1504014650.232428
134 10.0064 5.7795 1.9548 1504014652.3345673
135 10.0876 5.5857 1.9755 1504014654.492373
136 10.1725 5.399 1.998 1504014656.5929654
137 10.2578 5.2153 2.0324 1504014658.6966662
138 10.3475 5.0359 2.0766 1504014660.7934716
139 10.448 4.8573 2.1274 1504014663.0148053
140 10.5571 4.6848 2.1778 1504014665.2344546
141 10.6736 4.5215 2.2295 1504014667.45115
142 10.8028 4.3617 2.2886 1504014669.7932208
143 10.9416 4.2143 2.3591 1504014672.1345263
144 11.0902 4.0742 2.4373 1504014674.5363512
145 11.2491 3.9467 2.5124 1504014676.9348454
146 11.4191 3.8298 2.5884 1504014679.393559
147 11.5982 3.727 2.6698 1504014681.910173
148 11.7855 3.6394 2.7523 1504014684.434254
149 11.9779 3.5668 2.8265 1504014686.8302164
150 12.1737 3.5085 2.8954 1504014689.1774192
151 12.3731 3.4625 2.9588 1504014691.5107298
152 12.5706 3.4274 3.0146 1504014693.672977
153 12.7698 3.4053 3.0622 1504014695.8948271
154 12.9762 3.3925 3.1055 1504014698.1106157
155 13.1792 3.3861 3.1373 1504014700.152873
156 13.3837 3.3835 -3.12139 1504014702.1920218
157 13.5923 3.3905 -3.10139 1504014704.293161
158 13.7963 3.4001 -3.08479 1504014706.3925216
159 14.0099 3.413 -3.07899 1504014708.5527658
160 14.2066 3.4252 -3.08119 1504014710.5335202
161 14.4145 3.4368 -3.08459 1504014712.5716653
162 14.6172 3.448 -3.09049 1504014714.5534759
163 14.8226 3.457 -3.10089 1504014716.7105682
164 15.0195 3.4631 -3.11459 1504014718.6921775
165 15.2258 3.4654 -3.13239 1504014720.7317476
166 15.429 3.467 3.1333 1504014722.833301
167 15.6325 3.4659 3.1162 1504014724.8708522
168 15.836 3.4619 3.0973 1504014726.9717617
169 16.04 3.4523 3.0738 1504014729.0731144
170 16.2429 3.4353 3.0501 1504014731.1114774
171 16.4469 3.4167 3.0322 1504014733.2103515
172 16.6556 3.3872 3.0192 1504014735.2555473
173 16.8575 3.358 3.0071 1504014737.2921877
174 17.0594 3.3276 2.9965 1504014739.3894963
175 17.2618 3.2968 2.9894 1504014741.430835
176 17.4649 3.267 2.9862 1504014743.231963


# Displacement and sum
0 0.01476955722809492 0.01476955722809492
1 -0.003611005148274532 0.011158552079820389
2 0.02122573595942967 0.03238428803925006
3 2.679926960788559e-05 0.032411087308857944
4 -0.011964614626888831 0.020446472681969113
5 -0.0006140958379846351 0.01983237684398448
6 -0.007599661676971625 0.012232715167012853
7 0.01891237538850199 0.031145090555514843
8 0.021928639075931927 0.05307372963144677
9 -0.002856779726491898 0.05021694990495487
10 -0.017788492035737957 0.032428457869216915
11 -0.008924449196139689 0.023504008673077226
12 0.008847616273940179 0.032351624947017404
13 0.004690565920671352 0.03704219086768876
14 0.011937408202327832 0.04897959907001659
15 -0.001915637361694783 0.047063961708321805
16 -0.0044447417437171455 0.04261921996460466
17 0.028885208353533864 0.07150442831813852
18 0.013102355080184536 0.08460678339832306
19 0.031930013337321816 0.11653679673564488
20 -0.06003788338706384 0.05649891334858104
21 -0.013257292457220904 0.04324162089136013
22 0.0015766628215659884 0.04481828371292612
23 -0.004805414236231376 0.040012869476694746
24 -0.0030810708856980062 0.03693179859099674
25 0.0028065903342552045 0.039738388925251944
26 -0.019733412477739076 0.020004976447512868
27 -0.006993033347150013 0.013011943100362855
28 -0.007272976868410191 0.0057389662319526635
29 0.007929409776872898 0.013668376008825561
30 -0.0018898819343055873 0.011778494074519974
31 -0.013508544517092741 -0.001730050442572767
32 -0.0009281324923691714 -0.0026581829349419384
33 -0.0006291425482516932 -0.0032873254831936316
34 0.0014374737256434011 -0.0018498517575502305
35 0.0013176154161022025 -0.000532236341448028
36 -0.004221024953700109 -0.004753261295148137
37 -0.008075321831136406 -0.012828583126284543
38 0.00604254018848549 -0.006786042937799053
39 -0.01249284712197829 -0.019278890059777343
40 -0.003328179332908604 -0.022607069392685947
41 0.00432848675528924 -0.018278582637396706
42 0.007628581870123385 -0.010650000767273321
43 -0.0015802646325372427 -0.012230265399810564
44 0.003504032990708922 -0.008726232409101642
45 -0.009763316120284055 -0.018489548529385696
46 0.004642297353710051 -0.013847251175675646
47 0.0020835687249115553 -0.01176368245076409
48 0.0001692495008382422 -0.011594432949925848
49 -0.0003427508520053024 -0.01193718380193115
50 0.004788416937653056 -0.007148766864278094
51 0.0037612307625667085 -0.003387536101711386
52 -0.0032244357604808427 -0.0066119718621922285
53 0.018753829690444423 0.012141857828252195
54 -0.006043666942680381 0.006098190885571814
55 -0.003689180101728945 0.0024090107838428687
56 -0.013112325547898596 -0.010703314764055727
57 0.016353654379863747 0.00565033961580802
58 -0.0065258699482326765 -0.0008755303324246566
59 -0.02173594531703882 -0.022611475649463475
60 0.004231380024510123 -0.018380095624953352
61 -0.000379159354256392 -0.018759254979209744
62 0.0015312451449505937 -0.01722800983425915
63 0.0006748213298096994 -0.01655318850444945
64 -0.004770427801390559 -0.02132361630584001
65 -0.015910000179599426 -0.037233616485439436
66 -0.004842926998128133 -0.04207654348356757
67 -0.0046982618727682 -0.04677480535633577
68 -0.004662506120859167 -0.051437311477194936
69 0.00014878084882619103 -0.051288530628368745
70 -0.002719104556324653 -0.0540076351846934
71 -0.0050290340390089505 -0.05903666922370235
72 0.004463896576549969 -0.05457277264715238
73 0.0026958382691592286 -0.05187693437799315
74 0.005947061698402922 -0.04592987267959023
75 -0.0049483243959213274 -0.050878197075511555
76 -0.0018518190805419388 -0.052730016156053494
77 -0.0004438669759940783 -0.05317388313204757
78 -0.010300841136753447 -0.06347472426880102
79 -0.0006072210702807723 -0.06408194533908179
80 -0.006855980822365576 -0.07093792616144737
81 -0.011469946911374845 -0.08240787307282221
82 -0.010519969748558289 -0.0929278428213805
83 -0.002918333908028925 -0.09584617672940943
84 -0.005217948042628956 -0.10106412477203838
85 0.009765012364459397 -0.09129911240757899
86 -0.01958062755434184 -0.11087973996192083
87 -0.000841699162319437 -0.11172143912424026
88 -0.002513056546618958 -0.11423449567085922
89 -0.00613211597260474 -0.12036661164346396
90 -0.0032794115858837958 -0.12364602322934776
91 -0.016335038063874152 -0.1399810612932219
92 0.004327544060054228 -0.13565351723316768
93 0.0005066846756461296 -0.13514683255752155
94 -0.005727904144265189 -0.14087473670178674
95 -0.006470224528958873 -0.1473449612307456
96 -0.006163553200806332 -0.15350851443155195
97 -0.002913005172118982 -0.15642151960367093
98 -0.007390684085136795 -0.16381220368880772
99 -0.0007431502427214243 -0.16455535393152915
100 0.006101478261595961 -0.1584538756699332
101 -0.008447443742465505 -0.1669013194123987
102 -0.014783928396079865 -0.18168524780847856
103 0.005046144189657292 -0.17663910361882126
104 0.00028540686395608916 -0.17635369675486517
105 -0.0029836400637679727 -0.17933733681863315
106 0.0182270451653552 -0.16111029165327795
107 -0.002660213333068401 -0.16377050498634635
108 0.004570361108286292 -0.15920014387806006
109 0.0010838848560063286 -0.15811625902205373
110 -0.014033156385698853 -0.17214941540775258
111 -0.005777964742147479 -0.17792738014990006
112 -0.0007535639249658665 -0.17868094407486593
113 0.0036503816021715985 -0.17503056247269433
114 -0.007317630606164138 -0.18234819307885847
115 0.008301699468948431 -0.17404649360991004
116 -0.00013312858573005792 -0.1741796221956401
117 0.001760976779263429 -0.17241864541637666
118 0.00374531052189514 -0.16867333489448152
119 -0.010080018080767639 -0.17875335297524916
120 -0.01627302504715733 -0.1950263780224065
121 -0.00982340379802607 -0.20484978182043256
122 0.007466125077463526 -0.19738365674296904
123 0.03347000281351234 -0.1639136539294567
124 -0.0024862480073701565 -0.16639990193682686
125 0.0015308128267753351 -0.16486908911005152
126 -0.007228774017228767 -0.1720978631272803
127 0.0022559629234577827 -0.1698419002038225
128 0.007844863704256355 -0.16199703649956615
129 0.010638856458933532 -0.15135818004063262
130 0.004370940179590305 -0.1469872398610423
131 -0.012285245928425781 -0.1592724857894681
132 0.008242345283854119 -0.15103014050561397
133 0.0005251616176236429 -0.15050497888799033
134 -0.005766787637950299 -0.15627176652594063
135 0.005896967680120574 -0.15037479884582006
136 0.0004717975643722394 -0.14990300128144782
137 -0.020352703359751395 -0.1702557046411992
138 0.011296855062795846 -0.15895884957840337
139 0.010408011687491503 -0.14855083789091186
140 -0.012167922636100975 -0.16071876052701284
141 -0.012737409518794346 -0.17345617004580718
142 -0.006321500426669041 -0.17977767047247623
143 -0.009270027869839242 -0.18904769834231547
144 -0.011198516941847175 -0.20024621528416264
145 0.005086257798942395 -0.19515995748522025
146 -0.01739007300596196 -0.2125500304911822
147 0.0021830117782120906 -0.21036701871297012
148 -0.022567952835809063 -0.23293497154877918
149 2.161178269474706e-05 -0.23291335976608443
150 0.008242681053356377 -0.22467067871272806
151 -0.03245108478973194 -0.25712176350245997
152 0.0013123192838417619 -0.2558094442186182
153 0.013657400350640142 -0.24215204386797803
154 0.005439959084792251 -0.23671208478318578
155 -0.023101609789172334 -0.25981369457235814
156 0.01688794964351184 -0.2429257449288463
157 -0.004773485625583329 -0.24769923055442963
158 0.00714168718172975 -0.24055754337269988
159 -0.006226910022910426 -0.2467844533956103
160 0.011802485643658489 -0.23498196775195182
161 -0.03265615285172854 -0.26763812060368036
162 0.03017645548108952 -0.23746166512259084
163 0.00371562587124738 -0.23374603925134346
164 0.002463978698462488 -0.23128206055288097
165 -0.014180085003269005 -0.24546214555614998
166 -0.005965871748856405 -0.2514280173050064
167 0.0061686711156960505 -0.24525934618931036
168 -0.013397477537494984 -0.2586568237268053
169 0.00550918923682725 -0.25314763448997807
170 -0.009703627364864714 -0.26285126185484275
171 0.01638657175053551 -0.24646469010430724
172 0.0022794299199647983 -0.24418526018434245
173 -0.02959474533372275 -0.2737800055180652
174 0.00020010652110505345 -0.2735798989969601
175 -3.440484976385827e-06 -0.27358333948193647
176 0 -0.27358333948193647


# Displacement abs and sum
0 0.01476955722809492 0.01476955722809492
1 0.003611005148274532 0.018380562376369453
2 0.02122573595942967 0.03960629833579912
3 2.679926960788559e-05 0.03963309760540701
4 0.011964614626888831 0.05159771223229584
5 0.0006140958379846351 0.052211808070280474
6 0.007599661676971625 0.0598114697472521
7 0.01891237538850199 0.07872384513575409
8 0.021928639075931927 0.10065248421168602
9 0.002856779726491898 0.10350926393817791
10 0.017788492035737957 0.12129775597391587
11 0.008924449196139689 0.13022220517005556
12 0.008847616273940179 0.13906982144399574
13 0.004690565920671352 0.1437603873646671
14 0.011937408202327832 0.15569779556699492
15 0.001915637361694783 0.1576134329286897
16 0.0044447417437171455 0.16205817467240685
17 0.028885208353533864 0.19094338302594072
18 0.013102355080184536 0.20404573810612525
19 0.031930013337321816 0.23597575144344707
20 0.06003788338706384 0.2960136348305109
21 0.013257292457220904 0.3092709272877318
22 0.0015766628215659884 0.3108475901092978
23 0.004805414236231376 0.3156530043455292
24 0.0030810708856980062 0.3187340752312272
25 0.0028065903342552045 0.32154066556548244
26 0.019733412477739076 0.3412740780432215
27 0.006993033347150013 0.34826711139037153
28 0.007272976868410191 0.3555400882587817
29 0.007929409776872898 0.3634694980356546
30 0.0018898819343055873 0.36535937996996015
31 0.013508544517092741 0.37886792448705287
32 0.0009281324923691714 0.37979605697942204
33 0.0006291425482516932 0.38042519952767373
34 0.0014374737256434011 0.38186267325331713
35 0.0013176154161022025 0.38318028866941933
36 0.004221024953700109 0.38740131362311947
37 0.008075321831136406 0.3954766354542559
38 0.00604254018848549 0.40151917564274137
39 0.01249284712197829 0.41401202276471966
40 0.003328179332908604 0.41734020209762823
41 0.00432848675528924 0.4216686888529175
42 0.007628581870123385 0.42929727072304086
43 0.0015802646325372427 0.4308775353555781
44 0.003504032990708922 0.43438156834628705
45 0.009763316120284055 0.4441448844665711
46 0.004642297353710051 0.4487871818202811
47 0.0020835687249115553 0.45087075054519266
48 0.0001692495008382422 0.4510400000460309
49 0.0003427508520053024 0.4513827508980362
50 0.004788416937653056 0.45617116783568923
51 0.0037612307625667085 0.45993239859825596
52 0.0032244357604808427 0.4631568343587368
53 0.018753829690444423 0.4819106640491812
54 0.006043666942680381 0.4879543309918616
55 0.003689180101728945 0.4916435110935905
56 0.013112325547898596 0.504755836641489
57 0.016353654379863747 0.5211094910213527
58 0.0065258699482326765 0.5276353609695854
59 0.02173594531703882 0.5493713062866242
60 0.004231380024510123 0.5536026863111343
61 0.000379159354256392 0.5539818456653907
62 0.0015312451449505937 0.5555130908103413
63 0.0006748213298096994 0.556187912140151
64 0.004770427801390559 0.5609583399415415
65 0.015910000179599426 0.576868340121141
66 0.004842926998128133 0.5817112671192691
67 0.0046982618727682 0.5864095289920374
68 0.004662506120859167 0.5910720351128965
69 0.00014878084882619103 0.5912208159617227
70 0.002719104556324653 0.5939399205180473
71 0.0050290340390089505 0.5989689545570562
72 0.004463896576549969 0.6034328511336062
73 0.0026958382691592286 0.6061286894027654
74 0.005947061698402922 0.6120757511011683
75 0.0049483243959213274 0.6170240754970896
76 0.0018518190805419388 0.6188758945776316
77 0.0004438669759940783 0.6193197615536257
78 0.010300841136753447 0.6296206026903791
79 0.0006072210702807723 0.6302278237606599
80 0.006855980822365576 0.6370838045830255
81 0.011469946911374845 0.6485537514944003
82 0.010519969748558289 0.6590737212429586
83 0.002918333908028925 0.6619920551509875
84 0.005217948042628956 0.6672100031936165
85 0.009765012364459397 0.6769750155580758
86 0.01958062755434184 0.6965556431124177
87 0.000841699162319437 0.6973973422747372
88 0.002513056546618958 0.6999103988213561
89 0.00613211597260474 0.7060425147939609
90 0.0032794115858837958 0.7093219263798447
91 0.016335038063874152 0.7256569644437189
92 0.004327544060054228 0.729984508503773
93 0.0005066846756461296 0.7304911931794191
94 0.005727904144265189 0.7362190973236843
95 0.006470224528958873 0.7426893218526431
96 0.006163553200806332 0.7488528750534494
97 0.002913005172118982 0.7517658802255685
98 0.007390684085136795 0.7591565643107052
99 0.0007431502427214243 0.7598997145534266
100 0.006101478261595961 0.7660011928150225
101 0.008447443742465505 0.7744486365574881
102 0.014783928396079865 0.789232564953568
103 0.005046144189657292 0.7942787091432253
104 0.00028540686395608916 0.7945641160071814
105 0.0029836400637679727 0.7975477560709493
106 0.0182270451653552 0.8157748012363045
107 0.002660213333068401 0.818435014569373
108 0.004570361108286292 0.8230053756776592
109 0.0010838848560063286 0.8240892605336655
110 0.014033156385698853 0.8381224169193644
111 0.005777964742147479 0.8439003816615118
112 0.0007535639249658665 0.8446539455864777
113 0.0036503816021715985 0.8483043271886492
114 0.007317630606164138 0.8556219577948134
115 0.008301699468948431 0.8639236572637619
116 0.00013312858573005792 0.8640567858494919
117 0.001760976779263429 0.8658177626287553
118 0.00374531052189514 0.8695630731506505
119 0.010080018080767639 0.8796430912314182
120 0.01627302504715733 0.8959161162785755
121 0.00982340379802607 0.9057395200766015
122 0.007466125077463526 0.9132056451540651
123 0.03347000281351234 0.9466756479675774
124 0.0024862480073701565 0.9491618959749476
125 0.0015308128267753351 0.950692708801723
126 0.007228774017228767 0.9579214828189517
127 0.0022559629234577827 0.9601774457424095
128 0.007844863704256355 0.9680223094466658
129 0.010638856458933532 0.9786611659055993
130 0.004370940179590305 0.9830321060851895
131 0.012285245928425781 0.9953173520136154
132 0.008242345283854119 1.0035596972974694
133 0.0005251616176236429 1.004084858915093
134 0.005766787637950299 1.0098516465530434
135 0.005896967680120574 1.015748614233164
136 0.0004717975643722394 1.0162204117975362
137 0.020352703359751395 1.0365731151572877
138 0.011296855062795846 1.0478699702200835
139 0.010408011687491503 1.0582779819075752
140 0.012167922636100975 1.070445904543676
141 0.012737409518794346 1.0831833140624705
142 0.006321500426669041 1.0895048144891395
143 0.009270027869839242 1.0987748423589787
144 0.011198516941847175 1.1099733593008259
145 0.005086257798942395 1.1150596170997682
146 0.01739007300596196 1.1324496901057302
147 0.0021830117782120906 1.1346327018839422
148 0.022567952835809063 1.1572006547197513
149 2.161178269474706e-05 1.157222266502446
150 0.008242681053356377 1.1654649475558025
151 0.03245108478973194 1.1979160323455345
152 0.0013123192838417619 1.1992283516293762
153 0.013657400350640142 1.2128857519800165
154 0.005439959084792251 1.2183257110648087
155 0.023101609789172334 1.241427320853981
156 0.01688794964351184 1.258315270497493
157 0.004773485625583329 1.2630887561230764
158 0.00714168718172975 1.2702304433048062
159 0.006226910022910426 1.2764573533277166
160 0.011802485643658489 1.288259838971375
161 0.03265615285172854 1.3209159918231037
162 0.03017645548108952 1.3510924473041932
163 0.00371562587124738 1.3548080731754406
164 0.002463978698462488 1.357272051873903
165 0.014180085003269005 1.371452136877172
166 0.005965871748856405 1.3774180086260284
167 0.0061686711156960505 1.3835866797417244
168 0.013397477537494984 1.3969841572792194
169 0.00550918923682725 1.4024933465160467
170 0.009703627364864714 1.4121969738809115
171 0.01638657175053551 1.428583545631447
172 0.0022794299199647983 1.430862975551412
173 0.02959474533372275 1.4604577208851346
174 0.00020010652110505345 1.4606578274062396
175 3.440484976385827e-06 1.460661267891216
176 0 1.460661267891216


# Distance slam gt
0 0.010104162508591542
1 0.004705624294394666
2 0.0012389108119610793
3 0.022378391363100037
4 0.02246494157570659
5 0.011073215431843841
6 0.01658945448168745
7 0.013979717450649529
8 0.02452305242012066
9 0.04376804884844645
10 0.039965661510853186
11 0.02225129434437445
12 0.015244425210547563
13 0.02669267502518219
14 0.035893403293640797
15 0.05809071268283818
16 0.07574854784086595
17 0.09371619337126302
18 0.12809949258291414
19 0.16379082056086058
20 0.21889110557535235
21 0.22639196650941487
22 0.2669655116302478
23 0.3134771927907992
24 0.36872211758992707
25 0.42163591213273105
26 0.4788902722962742
27 0.5289588434840651
28 0.5721313209395206
29 0.6230723336018062
30 0.6772784730817896
31 0.7020540093895921
32 0.7477383620625607
33 0.779653873523373
34 0.8156148600902268
35 0.8411001733444117
36 0.8694786840975457
37 0.8994157708757391
38 0.945062228850566
39 0.9755744008531582
40 0.9997398836197339
41 1.0298572513217548
42 1.056478884076725
43 1.073351820979496
44 1.0928907769763643
45 1.1092198692775026
46 1.128111340072424
47 1.1288659141368385
48 1.150206812925397
49 1.1627689084250576
50 1.171885718148317
51 1.1772961203112828
52 1.1766875765894698
53 1.181581608734666
54 1.1709954296238727
55 1.1751793272943498
56 1.1869901819728743
57 1.1839432986422957
58 1.166315919894777
59 1.1638928364759367
60 1.1588940866619348
61 1.1294018064444558
62 1.0959660991107356
63 1.0652431829868707
64 1.0399058538637045
65 1.0002509919515215
66 0.9641472240275343
67 0.9259489983795001
68 0.8905892766028568
69 0.8570252425687364
70 0.8233541859977398
71 0.7867843789120369
72 0.7604678299573233
73 0.7377982125893232
74 0.7039032539347999
75 0.6829316161959407
76 0.6642981897461415
77 0.6511633024057791
78 0.6331695025030826
79 0.6073608894224254
80 0.578823075645744
81 0.5550390639405482
82 0.5284363224646839
83 0.4997167197523013
84 0.47413983433160295
85 0.44311001354065505
86 0.430292916976331
87 0.40477687384533245
88 0.4058893175485156
89 0.4027483369301482
90 0.41247590244764665
91 0.43039107146872857
92 0.4693723783948093
93 0.48915254226059096
94 0.5123168258021593
95 0.5413094294393916
96 0.5644054171426777
97 0.5902768506387487
98 0.6042826573715323
99 0.6204206124880133
100 0.6339586296439219
101 0.6504766947400956
102 0.6510196483210017
103 0.6726480884533902
104 0.6706931536850514
105 0.6917528948981716
106 0.7037604777195144
107 0.7770027400852588
108 0.814351744395505
109 0.8528091357976894
110 0.8929111983282553
111 0.9248626583985317
112 0.9630432570243136
113 0.9983855625959347
114 1.024778676056446
115 1.0463884082404589
116 1.084914846474138
117 1.1048781163549217
118 1.1244364391996564
119 1.1251428848817382
120 1.1360628435522384
121 1.1229926844374363
122 1.125906244942268
123 1.1196506812841225
124 1.1301318346104579
125 1.1645785241451085
126 1.164516149523054
127 1.1421159571602177
128 1.1417102742815277
129 1.1438593959049341
130 1.1336898318764268
131 1.12846353423582
132 1.1051241680915316
133 1.0947024447309879
134 1.092763401473531
135 1.0730263197610765
136 1.0541549691103302
137 1.0178146012413063
138 0.9958078610354507
139 0.9505884964589032
140 0.9331806483205701
141 0.8598924503099209
142 0.8132696124287444
143 0.7578363034983218
144 0.6958877110568913
145 0.6285543877819965
146 0.5655903914495012
147 0.500073644576477
148 0.42870390714338
149 0.37164707734623664
150 0.315348347070347
151 0.259914048100521
152 0.2023231573498198
153 0.1574258250732706
154 0.12051506171429364
155 0.08497955577666903
156 0.05418651215939306
157 0.03127449599913671
158 0.022639542839906695
159 0.014126089338524751
160 0.019558478979716
161 0.01165402934611034
162 0.041182078626509806
163 0.01834672995386431
164 0.01711253634035531
165 0.005849111043569234
166 0.01781976711407853
167 0.025258614372130762
168 0.025357870573059303
169 0.03972167670177258
170 0.04871228695103531
171 0.057208342049040975
172 0.05021814910965948
173 0.04741936418806099
174 0.06789173808351005
175 0.0683086971036625
176 0.06565291768078602


# Displacement mean and std deviation
-0.001545668584643709 0.011611284867920842

# Displacement mean absolute value and std deviation
0.008252323547408 0.008313253498267536

# Distance to GT
0.06565291768078602

# Orientation to GT
0.04432787234215219