# SLAM - pose_x pose_y orientation time
17.3751 2.82841 3.08439 1504014281.492995
17.1834 2.83623 3.0841 1504014283.6110258
16.9776 2.84487 3.08663 1504014285.628205
16.7927 2.85158 3.09351 1504014287.746222
16.5826 2.86036 3.10436 1504014289.864269
16.3691 2.86679 3.11542 1504014291.881453
16.1569 2.8641 3.12431 1504014293.999459
15.9449 2.86425 3.1351 1504014296.0166452
15.7499 2.86101 3.14104 1504014298.134665
15.57 2.86099 3.143875307179586 1504014300.1518478
15.3565 2.86631 3.1429553071795864 1504014302.370715
15.1265 2.87371 3.14095 1504014304.3879302
14.9192 2.87755 3.142095307179586 1504014306.4050539
14.715 2.88547 3.143395307179586 1504014308.523103
14.5156 2.89462 3.13783 1504014310.6411579
14.3207 2.91403 3.1225 1504014312.759182
14.1091 2.94055 3.10144 1504014314.776362
13.9011 2.97123 3.07863 1504014316.8943949
13.7286 3.0049 3.05477 1504014319.012417
13.5441 3.05357 3.02424 1504014321.1304371
13.3865 3.11721 2.98828 1504014323.24845
13.1334 3.18965 2.94482 1504014325.366494
12.9293 3.27562 2.89684 1504014327.5853891
12.7523 3.37138 2.84583 1504014329.804277
12.574 3.4908 2.78633 1504014332.124008
12.4042 3.61832 2.72872 1504014334.443825
12.2571 3.75187 2.67034 1504014336.763537
12.0819 3.89939 2.60729 1504014339.083246
11.9258 4.05032 2.54813 1504014341.403008
11.7893 4.21143 2.48963 1504014343.72276
11.6795 4.37461 2.43917 1504014345.941647
11.5385 4.53021 2.3983 1504014348.059676
11.4123 4.71271 2.35189 1504014350.2785752
11.298 4.88105 2.31257 1504014352.396631
11.1949 5.0528 2.2768 1504014354.514636
11.0837 5.22906 2.24403 1504014356.632681
10.9823 5.40919 2.21008 1504014358.851549
10.8882 5.59753 2.16271 1504014361.070459
10.8216 5.79808 2.11685 1504014363.289338
10.7516 5.99376 2.08101 1504014365.5082428
10.6709 6.18997 2.04529 1504014367.626249
10.6084 6.38539 2.01282 1504014369.744295
10.5546 6.57885 1.9809 1504014371.8623202
10.4962 6.77146 1.94846 1504014373.980363
10.436 6.97168 1.92386 1504014376.098382
10.386 7.16878 1.90359 1504014378.115564
10.3356 7.37326 1.88297 1504014380.132719
10.2796 7.56929 1.86926 1504014382.250759
10.2485 7.77335 1.85916 1504014384.368775
10.2047 7.97378 1.85032 1504014386.4867918
10.1596 8.17212 1.84384 1504014388.6048572
10.1085 8.37133 1.83959 1504014390.521167
10.0558 8.56697 1.84423 1504014392.6392052
10.0004 8.76481 1.84975 1504014394.6563761
9.94619 8.94621 1.85866 1504014396.774404
9.89142 9.14163 1.86632 1504014398.791571
9.84084 9.35065 1.87314 1504014400.909603
9.76562 9.5457 1.88817 1504014402.825909
9.69005 9.72525 1.91344 1504014404.943978
9.60848 9.91502 1.93392 1504014406.9611452
9.50659 10.1151 1.95665 1504014409.180012
9.39732 10.2825 1.99741 1504014411.298044
9.27472 10.4417 2.04204 1504014413.416057
9.14823 10.5976 2.08948 1504014415.634955
9.01917 10.7532 2.14388 1504014417.853834
8.86733 10.8968 2.19652 1504014420.072757
8.69844 11.0453 2.2539 1504014422.392511
8.53376 11.1733 2.30531 1504014424.611376
8.36216 11.2959 2.35722 1504014426.8302872
8.19102 11.4071 2.40328 1504014429.049181
8.01154 11.5158 2.44432 1504014431.2680802
7.83257 11.6142 2.48494 1504014433.38609
7.64618 11.7103 2.52411 1504014435.504124
7.47235 11.7958 2.55951 1504014437.622144
7.27973 11.8715 2.58524 1504014439.740161
7.09778 11.9534 2.6179 1504014441.858212
6.89897 12.0284 2.65688 1504014444.077087
6.71002 12.0984 2.6892 1504014446.1951308
6.51553 12.1637 2.72413 1504014448.313148
6.3045 12.2217 2.76785 1504014450.532037
6.09913 12.2593 2.81221 1504014452.750926
5.89445 12.2928 2.85821 1504014454.8689651
5.67813 12.3181 2.90223 1504014457.0878289
5.4692 12.3297 2.94391 1504014459.2058802
5.25715 12.3307 2.9885 1504014461.4247758
5.04711 12.3149 3.03964 1504014463.643662
4.85212 12.3172 3.07395 1504014465.660831
4.62664 12.2994 3.11717 1504014467.8797262
4.42151 12.3016 3.13834 1504014469.997748
4.62903 12.2923 3.12614 1504014556.4335942
4.83671 12.3055 3.09437 1504014558.551619
5.04412 12.3132 3.04808 1504014560.669649
5.26596 12.327 2.99326 1504014562.9894269
5.46734 12.3257 2.95308 1504014565.107448
5.6732 12.316 2.90656 1504014567.326297
5.88358 12.2967 2.85625 1504014569.5452008
6.09477 12.2601 2.80515 1504014571.764074
6.29678 12.2203 2.76568 1504014573.8821278
6.4945 12.1579 2.72215 1504014576.000136
6.69008 12.0888 2.68342 1504014578.118189
6.87661 12.0156 2.64835 1504014580.236192
7.06118 11.9439 2.61662 1504014582.3542368
7.24735 11.8429 2.57213 1504014584.472296
7.44183 11.7491 2.53703 1504014586.590349
7.61252 11.637 2.50031 1504014588.70833
7.78924 11.5411 2.47261 1504014590.826376
7.9612 11.426 2.43542 1504014592.944396
8.13741 11.3726 2.4192 1504014595.0624352
8.31846 11.2642 2.38012 1504014597.281313
8.48891 11.1544 2.33911 1504014599.500214
8.65471 11.035 2.29196 1504014601.719131
8.82303 10.8942 2.24274 1504014603.937994
8.97967 10.7572 2.19587 1504014606.156856
9.12456 10.6179 2.15169 1504014608.3757708
9.25587 10.4617 2.09861 1504014610.4938262
9.38223 10.2957 2.05155 1504014612.61183
9.50261 10.1394 2.01362 1504014614.830709
9.61092 9.95786 1.97861 1504014617.049654
9.70983 9.78203 1.95227 1504014619.167618
9.78397 9.59085 1.92638 1504014621.285677
9.87234 9.40017 1.90081 1504014623.302853
9.93683 9.18578 1.8894 1504014625.32003
10.007 8.99198 1.88345 1504014627.337205
10.054 8.79679 1.87649 1504014629.455223
10.0959 8.62866 1.85782 1504014631.573287
10.1945 8.44317 1.84031 1504014633.6913018
10.2473 8.24585 1.83469 1504014635.70846
10.2831 8.03226 1.8415 1504014637.725661
10.3368 7.83478 1.84956 1504014639.843699
10.3887 7.64276 1.85615 1504014641.96168
10.4257 7.44837 1.87052 1504014644.079743
10.4796 7.24419 1.886 1504014646.197761
10.5271 7.03737 1.90539 1504014648.2149389
10.5799 6.84715 1.9227 1504014650.2320871
10.655 6.65896 1.94005 1504014652.3501272
10.7195 6.45293 1.96337 1504014654.468161
10.7774 6.26233 1.98469 1504014656.5861928
10.8188 6.06455 2.01978 1504014658.704212
10.9049 5.86109 2.0694 1504014660.822258
10.94 5.67066 2.12012 1504014663.041131
11.0208 5.49462 2.16735 1504014665.260067
11.0659 5.28669 2.22038 1504014667.478922
11.1626 5.09105 2.2743 1504014669.798681
11.2555 4.90407 2.34563 1504014672.118401
11.3577 4.71662 2.42485 1504014674.539008
11.4718 4.53448 2.50119 1504014676.959649
11.5874 4.36977 2.57444 1504014679.380276
11.7405 4.2064 2.65655 1504014681.901685
11.8807 4.0574 2.73789 1504014684.423203
12.0682 3.92731 2.81016 1504014686.843798
12.24 3.8168 2.87463 1504014689.1635041
12.4107 3.71968 2.93411 1504014691.4832761
12.6227 3.6229 3.00129 1504014693.702152
12.8107 3.55732 3.04726 1504014695.921047
12.9982 3.51099 3.08663 1504014698.1399128
13.1916 3.47017 3.1166 1504014700.157103
13.4152 3.42759 3.148895307179586 1504014702.1742709
13.6068 3.41821 3.171715307179586 1504014704.292324
13.8157 3.41177 3.186025307179586 1504014706.410336
14.0224 3.41958 3.1912753071795863 1504014708.5283751
14.2257 3.42099 3.1891053071795863 1504014710.5455208
14.422 3.42788 3.1855353071795864 1504014712.5627148
14.6574 3.43906 3.183305307179586 1504014714.579904
14.8328 3.44175 3.169005307179586 1504014716.6979141
15.026 3.44727 3.1533153071795863 1504014718.715126
15.2294 3.46079 3.13561 1504014720.73227
15.4466 3.46979 3.11808 1504014722.850299
15.656 3.47516 3.10292 1504014724.867456
15.8533 3.48044 3.08373 1504014726.985505
16.0709 3.47726 3.05817 1504014729.1035268
16.269 3.47643 3.03729 1504014731.120704
16.483 3.46108 3.01932 1504014733.238728
16.6754 3.43335 3.007 1504014735.2559109
16.8747 3.40219 2.99494 1504014737.273087
17.107 3.37601 2.98201 1504014739.391114
17.3093 3.34589 2.97523 1504014741.4083
17.5119 3.31284 2.97209 1504014743.223731


# GT - pose_x pose_y orientation time
17.3852 2.8287 3.0855 1504014281.4792686
17.1787 2.836 3.0861 1504014283.5841985
16.9765 2.8443 3.0902 1504014285.618135
16.7705 2.8544 3.0983 1504014287.7183633
16.5604 2.8638 3.1097 1504014289.8806467
16.3589 2.8711 3.1208 1504014291.860172
16.1474 2.8777 3.1311 1504014294.0180182
15.943 2.8781 3.1409 1504014296.0001698
15.7291 2.874 3.1472953071795864 1504014298.1588786
15.5273 2.8706 3.1497953071795863 1504014300.1404684
15.3166 2.8686 3.1459953071795863 1504014302.3595357
15.1043 2.8722 3.148395307179586 1504014304.4010062
14.9059 2.8701 3.1493953071795864 1504014306.3817012
14.6927 2.8708 3.149495307179586 1504014308.540977
14.4884 2.8712 3.1436953071795863 1504014310.6409664
14.2806 2.872 3.1279 1504014312.7379127
14.0693 2.8761 3.1087 1504014314.7800407
13.8637 2.8853 3.0857 1504014316.880844
13.6594 2.8971 3.0624 1504014319.0401866
13.4563 2.9153 3.0313 1504014321.1379156
13.2561 2.9414 2.9943 1504014323.2401235
13.056 2.9769 2.9541 1504014325.3419485
12.8523 3.02 2.9073 1504014327.5566754
12.6565 3.0729 2.8556 1504014329.7815492
12.458 3.1408 2.7969 1504014332.1175265
12.2645 3.2205 2.7387 1504014334.4632506
12.0821 3.3061 2.6826 1504014336.7376952
11.897 3.4038 2.6205 1504014339.0789616
11.7197 3.5166 2.5577 1504014341.4212446
11.5535 3.6347 2.501 1504014343.6983752
11.3926 3.7611 2.4517 1504014345.9200418
11.2351 3.8971 2.4074 1504014348.0768998
11.0842 4.0408 2.3633 1504014350.3029685
10.9436 4.1866 2.323 1504014352.398336
10.8091 4.3342 2.2904 1504014354.4968362
10.6738 4.4946 2.2563 1504014356.6591225
10.5448 4.6578 2.2185 1504014358.8788548
10.4256 4.8262 2.1733 1504014361.099714
10.3178 4.9985 2.1305 1504014363.2627146
10.2093 5.1828 2.0907 1504014365.5377133
10.1152 5.3589 2.058 1504014367.637743
10.0227 5.5383 2.0258 1504014369.7435813
9.9345 5.7235 1.9923 1504014371.8369074
9.8499 5.9145 1.961 1504014373.9980211
9.7693 6.1057 1.9327 1504014376.1008635
9.697 6.2995 1.9103 1504014378.141611
9.6337 6.4901 1.8934 1504014380.115966
9.5724 6.6894 1.8792 1504014382.2783973
9.5128 6.8892 1.8682 1504014384.3815377
9.4539 7.0859 1.8596 1504014386.4765928
9.3983 7.2812 1.8535 1504014388.5785494
9.3366 7.4824 1.8481 1504014390.5008001
9.2812 7.6812 1.8527 1504014392.6584334
9.2231 7.8749 1.8557 1504014394.6367035
9.1643 8.0745 1.8607 1504014396.799409
9.1101 8.2638 1.8701 1504014398.7802858
9.0492 8.4662 1.8843 1504014400.9394531
8.9885 8.6525 1.9015 1504014402.7977126
8.9176 8.8514 1.9222 1504014404.95989
8.844 9.0374 1.9433 1504014406.9411952
8.7653 9.2243 1.9722 1504014409.1573544
8.6803 9.4099 2.01 1504014411.3201203
8.5877 9.5878 2.054 1504014413.4185147
8.4864 9.7629 2.1022 1504014415.6365979
8.3781 9.9344 2.1533 1504014417.8583417
8.2607 10.1015 2.2071 1504014420.0754113
8.1313 10.2656 2.2634 1504014422.4191132
7.997 10.4188 2.3169 1504014424.6355765
7.8523 10.5657 2.3684 1504014426.8604674
7.7056 10.7008 2.4139 1504014429.0213296
7.5457 10.8369 2.4598 1504014431.2954555
7.3894 10.9641 2.5002 1504014433.3979564
7.2207 11.08 2.5409 1504014435.5015137
7.0544 11.1878 2.5773 1504014437.5956063
6.8747 11.2958 2.6112 1504014439.7568612
6.6976 11.4 2.6436 1504014441.8577156
6.5104 11.4896 2.6828 1504014444.0745385
6.3281 11.571 2.716 1504014446.1782858
6.1407 11.6534 2.7508 1504014448.3369956
5.947 11.7307 2.7918 1504014450.556242
5.7499 11.7977 2.8391 1504014452.781448
5.5569 11.8522 2.8839 1504014454.876613
5.356 11.8992 2.9292 1504014457.0997176
5.1608 11.9365 2.9718 1504014459.199026
4.9538 11.9663 3.0177 1504014461.418684
4.7494 11.9867 3.0598 1504014463.6368723
4.5465 12.0143 3.0928 1504014465.6783977
4.3399 12.0137 3.1317 1504014467.8987408
4.1356 12.0135 3.153695307179586 1504014469.9963772
4.3408 12.011 3.1461953071795863 1504014556.4576354
4.5427 12.0162 3.1123 1504014558.5553627
4.7465 12.0023 3.0717 1504014560.6526299
4.9511 11.9789 3.023 1504014562.9962363
5.1547 11.9495 2.9814 1504014565.0957792
5.3579 11.9122 2.937 1504014567.3146672
5.5578 11.8644 2.8855 1504014569.5355601
5.7577 11.8074 2.8366 1504014571.7525957
5.9473 11.7446 2.7958 1504014573.854493
6.1377 11.6702 2.7569 1504014576.0153742
6.321 11.5901 2.7194 1504014578.1128106
6.5014 11.5046 2.6846 1504014580.2178407
6.6842 11.4138 2.6489 1504014582.3791695
6.8632 11.3173 2.6164 1504014584.4719737
7.0353 11.2132 2.581 1504014586.5753188
7.2111 11.0997 2.547 1504014588.7366405
7.377 10.9856 2.5152 1504014590.8328547
7.5396 10.8625 2.4794 1504014592.938075
7.6955 10.7335 2.4394 1504014595.03524
7.8524 10.5964 2.3973 1504014597.2550015
8.0028 10.4537 2.3532 1504014599.4745588
8.1428 10.3034 2.3053 1504014601.6942196
8.2769 10.1478 2.2555 1504014603.9133625
8.4006 9.9877 2.2051 1504014606.1390693
8.5176 9.8252 2.155 1504014608.3523269
8.6298 9.6504 2.1048 1504014610.5131323
8.7312 9.4765 2.0604 1504014612.6166847
8.8239 9.293 2.0189 1504014614.831678
8.9129 9.1014 1.9838 1504014617.0543313
8.9941 8.9148 1.9579 1504014619.154059
9.0708 8.7206 1.9314 1504014621.3107657
9.139 8.5325 1.9093 1504014623.2946625
9.2036 8.3352 1.8913 1504014625.3391726
9.262 8.1478 1.8799 1504014627.312905
9.323 7.9487 1.8696 1504014629.4730506
9.3838 7.7511 1.8582 1504014631.5778813
9.4442 7.5525 1.8471 1504014633.6739655
9.4985 7.354 1.8415 1504014635.7115097
9.5549 7.1524 1.8457 1504014637.754479
9.6112 6.9533 1.8553 1504014639.8540406
9.668 6.7545 1.866 1504014641.9513698
9.728 6.5548 1.8782 1504014644.0562496
9.7924 6.3491 1.8948 1504014646.2171087
9.8558 6.1595 1.9129 1504014648.1918263
9.9287 5.9672 1.9334 1504014650.232428
10.0064 5.7795 1.9548 1504014652.3345673
10.0876 5.5857 1.9755 1504014654.492373
10.1725 5.399 1.998 1504014656.5929654
10.2578 5.2153 2.0324 1504014658.6966662
10.3475 5.0359 2.0766 1504014660.7934716
10.448 4.8573 2.1274 1504014663.0148053
10.5571 4.6848 2.1778 1504014665.2344546
10.6736 4.5215 2.2295 1504014667.45115
10.8028 4.3617 2.2886 1504014669.7932208
10.9416 4.2143 2.3591 1504014672.1345263
11.0902 4.0742 2.4373 1504014674.5363512
11.2491 3.9467 2.5124 1504014676.9348454
11.4191 3.8298 2.5884 1504014679.393559
11.5982 3.727 2.6698 1504014681.910173
11.7855 3.6394 2.7523 1504014684.434254
11.9779 3.5668 2.8265 1504014686.8302164
12.1737 3.5085 2.8954 1504014689.1774192
12.3731 3.4625 2.9588 1504014691.5107298
12.5706 3.4274 3.0146 1504014693.672977
12.7698 3.4053 3.0622 1504014695.8948271
12.9762 3.3925 3.1055 1504014698.1106157
13.1792 3.3861 3.1373 1504014700.152873
13.3837 3.3835 3.1617953071795863 1504014702.1920218
13.5923 3.3905 3.1817953071795864 1504014704.293161
13.7963 3.4001 3.1983953071795863 1504014706.3925216
14.0099 3.413 3.204195307179586 1504014708.5527658
14.2066 3.4252 3.2019953071795864 1504014710.5335202
14.4145 3.4368 3.1985953071795863 1504014712.5716653
14.6172 3.448 3.1926953071795863 1504014714.5534759
14.8226 3.457 3.182295307179586 1504014716.7105682
15.0195 3.4631 3.168595307179586 1504014718.6921775
15.2258 3.4654 3.1507953071795862 1504014720.7317476
15.429 3.467 3.1333 1504014722.833301
15.6325 3.4659 3.1162 1504014724.8708522
15.836 3.4619 3.0973 1504014726.9717617
16.04 3.4523 3.0738 1504014729.0731144
16.2429 3.4353 3.0501 1504014731.1114774
16.4469 3.4167 3.0322 1504014733.2103515
16.6556 3.3872 3.0192 1504014735.2555473
16.8575 3.358 3.0071 1504014737.2921877
17.0594 3.3276 2.9965 1504014739.3894963
17.2618 3.2968 2.9894 1504014741.430835
17.4649 3.267 2.9862 1504014743.231963


# Displacement and sum
0 -0.00030999999999981043 -0.00030999999999981043
1 -0.0015699999999996272 -0.0018799999999994377
2 -0.0012199999999999989 -0.0030999999999994365
3 -0.0005500000000004945 -0.003649999999999931
4 -3.999999999981796e-05 -0.003689999999999749
5 -0.0014099999999999113 -0.00509999999999966
6 0.0009900000000002684 -0.004109999999999392
7 -0.00045530717958675027 -0.004565307179586142
8 0.0003353071795864082 -0.004229999999999734
9 -0.0028800000000002157 -0.00710999999999995
10 -0.0003946928204134892 -0.007504692820413439
11 0.00014530717958560757 -0.007359385640827831
12 0.001200000000000312 -0.006159385640827519
13 -0.00023469282041377326 -0.006394078461241293
14 -0.0004653071795863717 -0.006859385640827664
15 0.0018599999999997507 -0.004999385640827914
16 -0.00018999999999946837 -0.005189385640827382
17 0.0005599999999996719 -0.00462938564082771
18 -0.0005699999999997374 -0.0051993856408274475
19 -0.001040000000000152 -0.006239385640827599
20 0.0032600000000000406 -0.0029793856408275587
21 0.001180000000000181 -0.0017993856408273778
22 -0.0006900000000000794 -0.0024893856408274573
23 0.0007999999999999119 -0.0016893856408275454
24 -0.0005899999999998684 -0.002279385640827414
25 0.0022799999999998377 6.143591724239172e-07
26 0.0009500000000000064 0.0009506143591724303
27 -0.0036399999999998656 -0.0026893856408274353
28 0.0017999999999998018 -0.0008893856408276335
29 0.001160000000000494 0.0002706143591728605
30 -0.003430000000000266 -0.0031593856408274057
31 0.0023100000000000342 -0.0008493856408273714
32 -0.000980000000000203 -0.0018293856408275744
33 0.003169999999999895 0.0013406143591723207
34 -0.0013299999999998313 1.061435917248943e-05
35 -0.003849999999999909 -0.0038393856408274196
36 0.002169999999999561 -0.0016693856408278585
37 0.0030600000000005068 0.0013906143591726483
38 -0.003960000000000186 -0.0025693856408275373
39 0.0030199999999998006 0.00045061435917226333
40 0.00026999999999999247 0.0007206143591722558
41 -0.0015799999999999148 -0.000859385640827659
42 0.001140000000000141 0.0002806143591724819
43 -0.0036999999999998145 -0.0034193856408273327
44 -0.0021299999999999653 -0.005549385640827298
45 0.0037199999999997235 -0.0018293856408275744
46 -0.0004899999999998794 -0.002319385640827454
47 -0.0008999999999999009 -0.0032193856408273547
48 0.00023999999999979593 -0.0029793856408275587
49 0.00038000000000004697 -0.0025993856408275118
50 -0.0011499999999999844 -0.003749385640827496
51 4.0000000000040004e-05 -0.003709385640827456
52 0.0025200000000000777 -0.0011893856408273784
53 0.003909999999999858 0.0027206143591724796
54 -0.0017400000000000748 0.0009806143591724048
55 -0.007379999999999942 -0.006399385640827537
56 -0.0021700000000000053 -0.008569385640827543
57 0.004570000000000185 -0.003999385640827358
58 -0.0006200000000000649 -0.0046193856408274225
59 -0.006170000000000009 -0.010789385640827431
60 0.0029600000000000737 -0.007829385640827358
61 0.0006300000000001305 -0.007199385640827227
62 -0.0007600000000000939 -0.007959385640827321
63 0.0032999999999994145 -0.004659385640827907
64 -0.0011599999999996058 -0.005819385640827512
65 0.0010799999999999699 -0.0047393856408275425
66 -0.0020899999999999253 -0.006829385640827468
67 0.00041000000000002146 -0.006419385640827446
68 0.000560000000000116 -0.00585938564082733
69 -0.0048600000000003085 -0.010719385640827639
70 0.000220000000000109 -0.01049938564082753
71 -0.0015300000000002534 -0.012029385640827783
72 -0.0009999999999998899 -0.013029385640827673
73 -0.008169999999999789 -0.02119938564082746
74 0.00025999999999992696 -0.020939385640827535
75 -0.0002199999999996649 -0.0211593856408272
76 -0.000880000000000436 -0.022039385640827636
77 0.00013000000000040757 -0.021909385640827228
78 0.0027200000000000557 -0.019189385640827172
79 -0.002940000000000609 -0.02212938564082778
80 0.001200000000000312 -0.02092938564082747
81 -0.0012799999999999478 -0.022209385640827417
82 -0.000920000000000254 -0.02312938564082767
83 -0.0013099999999997003 -0.02443938564082737
84 0.009039999999999715 -0.015399385640827656
85 0.0013100000000001444 -0.014089385640827512
86 0.004320000000000324 -0.009769385640827188
87 -0.0008253071795865097 -0.010594692820413698
88 0.0047000000000001485 -0.00589469282041355
89 -0.0021253071795865885 -0.008020000000000138
90 0.005689999999999973 -0.0023300000000001653
91 0.006120000000000569 0.003790000000000404
92 -0.001420000000000421 0.0023699999999999832
93 0.002120000000000122 0.004490000000000105
94 -0.0011900000000002464 0.0032999999999998586
95 0.002200000000000202 0.00550000000000006
96 -0.0013300000000002754 0.004169999999999785
97 0.004630000000000134 0.008799999999999919
98 0.0012300000000000644 0.010029999999999983
99 0.00026999999999999247 0.010299999999999976
100 -0.003970000000000251 0.006329999999999725
101 0.01199000000000039 0.018320000000000114
102 -0.000300000000000189 0.018019999999999925
103 0.0027200000000005 0.020740000000000425
104 -0.004100000000000215 0.01664000000000021
105 0.0013899999999997803 0.01802999999999999
106 -0.023779999999999912 -0.005749999999999922
107 -0.0030199999999998006 -0.008769999999999722
108 -0.003089999999999815 -0.011859999999999538
109 -0.0007500000000004725 -0.01261000000000001
110 -0.0005799999999998029 -0.013189999999999813
111 -0.003530000000000477 -0.01672000000000029
112 -0.005919999999999703 -0.022639999999999993
113 0.0028800000000002157 -0.019759999999999778
114 0.0026599999999996626 -0.017100000000000115
115 -0.003569999999999851 -0.020669999999999966
116 -8.999999999992347e-05 -0.02075999999999989
117 0.00043999999999999595 -0.020319999999999894
118 -0.0006099999999999994 -0.020929999999999893
119 0.003469999999999862 -0.01746000000000003
120 -0.006589999999999874 -0.024049999999999905
121 -0.005450000000000177 -0.02950000000000008
122 -0.0033399999999998986 -0.03283999999999998
123 0.00727000000000011 -0.02556999999999987
124 0.006410000000000027 -0.019159999999999844
125 1.999999999990898e-05 -0.019139999999999935
126 0.002610000000000001 -0.016529999999999934
127 -0.0015399999999998748 -0.01806999999999981
128 -0.00411000000000028 -0.02218000000000009
129 0.0021700000000000053 -0.020010000000000083
130 -0.0011200000000000099 -0.021130000000000093
131 0.0012900000000000134 -0.01984000000000008
132 -0.003189999999999804 -0.023029999999999884
133 -0.004050000000000109 -0.027079999999999993
134 0.0026200000000000667 -0.024459999999999926
135 -0.0011799999999999589 -0.025639999999999885
136 0.0006899999999998574 -0.024950000000000028
137 0.00541999999999998 -0.019530000000000047
138 -8.000000000008001e-05 -0.019610000000000127
139 -0.003169999999999895 -0.022780000000000022
140 0.0013300000000002754 -0.021449999999999747
141 -0.0051800000000001845 -0.02662999999999993
142 0.0008299999999996643 -0.025800000000000267
143 0.001020000000000465 -0.024779999999999802
144 0.0012399999999996858 -0.023540000000000116
145 -0.002749999999999808 -0.026289999999999925
146 0.0007100000000002105 -0.025579999999999714
147 -0.0011600000000000499 -0.026739999999999764
148 -0.0019299999999997652 -0.02866999999999953
149 -0.0044300000000006 -0.03310000000000013
150 -0.0039199999999999235 -0.03702000000000005
151 0.011379999999999946 -0.025640000000000107
152 -0.0016299999999995762 -0.027269999999999683
153 -0.003930000000000433 -0.031200000000000117
154 -0.0018299999999999983 -0.033030000000000115
155 0.007800000000000029 -0.025230000000000086
156 0.0028199999999998226 -0.022410000000000263
157 -0.0022899999999999032 -0.024700000000000166
158 -0.0005499999999996064 -0.025249999999999773
159 -2.9999999999752447e-05 -0.025279999999999525
160 0.00016999999999978144 -0.025109999999999744
161 -0.003669999999999618 -0.02877999999999936
162 0.0038999999999997925 -0.02487999999999957
163 0.0019899999999997142 -0.022889999999999855
164 -9.469282041330018e-05 -0.022984692820413155
165 3.469282041379529e-05 -0.02294999999999936
166 -0.0019400000000002748 -0.024889999999999635
167 0.0002900000000001235 -0.02459999999999951
168 0.0020599999999997287 -0.022539999999999782
169 -0.0028199999999998226 -0.025359999999999605
170 7.00000000000145e-05 -0.02528999999999959
171 -0.0006800000000000139 -0.025969999999999605
172 -4.000000000026205e-05 -0.026009999999999867
173 0.0023300000000006094 -0.023679999999999257
174 -0.00032000000000032003 -0.023999999999999577
175 -5.999999999994898e-05 -0.024059999999999526
176 0 -0.024059999999999526


# Displacement abs and sum
0 0.00030999999999981043 0.00030999999999981043
1 0.0015699999999996272 0.0018799999999994377
2 0.0012199999999999989 0.0030999999999994365
3 0.0005500000000004945 0.003649999999999931
4 3.999999999981796e-05 0.003689999999999749
5 0.0014099999999999113 0.00509999999999966
6 0.0009900000000002684 0.006089999999999929
7 0.00045530717958675027 0.006545307179586679
8 0.0003353071795864082 0.006880614359173087
9 0.0028800000000002157 0.009760614359173303
10 0.0003946928204134892 0.010155307179586792
11 0.00014530717958560757 0.0103006143591724
12 0.001200000000000312 0.011500614359172712
13 0.00023469282041377326 0.011735307179586485
14 0.0004653071795863717 0.012200614359172857
15 0.0018599999999997507 0.014060614359172607
16 0.00018999999999946837 0.014250614359172076
17 0.0005599999999996719 0.014810614359171748
18 0.0005699999999997374 0.015380614359171485
19 0.001040000000000152 0.016420614359171637
20 0.0032600000000000406 0.019680614359171678
21 0.001180000000000181 0.02086061435917186
22 0.0006900000000000794 0.021550614359171938
23 0.0007999999999999119 0.02235061435917185
24 0.0005899999999998684 0.022940614359171718
25 0.0022799999999998377 0.025220614359171556
26 0.0009500000000000064 0.026170614359171562
27 0.0036399999999998656 0.029810614359171428
28 0.0017999999999998018 0.03161061435917123
29 0.001160000000000494 0.032770614359171724
30 0.003430000000000266 0.03620061435917199
31 0.0023100000000000342 0.038510614359172024
32 0.000980000000000203 0.03949061435917223
33 0.003169999999999895 0.04266061435917212
34 0.0013299999999998313 0.04399061435917195
35 0.003849999999999909 0.04784061435917186
36 0.002169999999999561 0.050010614359171424
37 0.0030600000000005068 0.05307061435917193
38 0.003960000000000186 0.057030614359172116
39 0.0030199999999998006 0.06005061435917192
40 0.00026999999999999247 0.06032061435917191
41 0.0015799999999999148 0.061900614359171824
42 0.001140000000000141 0.06304061435917196
43 0.0036999999999998145 0.06674061435917178
44 0.0021299999999999653 0.06887061435917174
45 0.0037199999999997235 0.07259061435917147
46 0.0004899999999998794 0.07308061435917135
47 0.0008999999999999009 0.07398061435917125
48 0.00023999999999979593 0.07422061435917104
49 0.00038000000000004697 0.07460061435917109
50 0.0011499999999999844 0.07575061435917108
51 4.0000000000040004e-05 0.07579061435917112
52 0.0025200000000000777 0.0783106143591712
53 0.003909999999999858 0.08222061435917105
54 0.0017400000000000748 0.08396061435917113
55 0.007379999999999942 0.09134061435917107
56 0.0021700000000000053 0.09351061435917107
57 0.004570000000000185 0.09808061435917126
58 0.0006200000000000649 0.09870061435917132
59 0.006170000000000009 0.10487061435917133
60 0.0029600000000000737 0.1078306143591714
61 0.0006300000000001305 0.10846061435917154
62 0.0007600000000000939 0.10922061435917163
63 0.0032999999999994145 0.11252061435917105
64 0.0011599999999996058 0.11368061435917065
65 0.0010799999999999699 0.11476061435917062
66 0.0020899999999999253 0.11685061435917055
67 0.00041000000000002146 0.11726061435917057
68 0.000560000000000116 0.11782061435917068
69 0.0048600000000003085 0.12268061435917099
70 0.000220000000000109 0.1229006143591711
71 0.0015300000000002534 0.12443061435917135
72 0.0009999999999998899 0.12543061435917124
73 0.008169999999999789 0.13360061435917103
74 0.00025999999999992696 0.13386061435917096
75 0.0002199999999996649 0.13408061435917062
76 0.000880000000000436 0.13496061435917106
77 0.00013000000000040757 0.13509061435917147
78 0.0027200000000000557 0.13781061435917152
79 0.002940000000000609 0.14075061435917213
80 0.001200000000000312 0.14195061435917244
81 0.0012799999999999478 0.1432306143591724
82 0.000920000000000254 0.14415061435917265
83 0.0013099999999997003 0.14546061435917235
84 0.009039999999999715 0.15450061435917206
85 0.0013100000000001444 0.1558106143591722
86 0.004320000000000324 0.16013061435917253
87 0.0008253071795865097 0.16095592153875904
88 0.0047000000000001485 0.1656559215387592
89 0.0021253071795865885 0.16778122871834578
90 0.005689999999999973 0.17347122871834575
91 0.006120000000000569 0.17959122871834632
92 0.001420000000000421 0.18101122871834674
93 0.002120000000000122 0.18313122871834686
94 0.0011900000000002464 0.1843212287183471
95 0.002200000000000202 0.1865212287183473
96 0.0013300000000002754 0.18785122871834758
97 0.004630000000000134 0.19248122871834772
98 0.0012300000000000644 0.19371122871834778
99 0.00026999999999999247 0.19398122871834778
100 0.003970000000000251 0.19795122871834803
101 0.01199000000000039 0.20994122871834842
102 0.000300000000000189 0.2102412287183486
103 0.0027200000000005 0.2129612287183491
104 0.004100000000000215 0.21706122871834932
105 0.0013899999999997803 0.2184512287183491
106 0.023779999999999912 0.242231228718349
107 0.0030199999999998006 0.2452512287183488
108 0.003089999999999815 0.24834122871834863
109 0.0007500000000004725 0.2490912287183491
110 0.0005799999999998029 0.2496712287183489
111 0.003530000000000477 0.2532012287183494
112 0.005919999999999703 0.2591212287183491
113 0.0028800000000002157 0.2620012287183493
114 0.0026599999999996626 0.26466122871834896
115 0.003569999999999851 0.2682312287183488
116 8.999999999992347e-05 0.26832122871834874
117 0.00043999999999999595 0.26876122871834873
118 0.0006099999999999994 0.26937122871834873
119 0.003469999999999862 0.2728412287183486
120 0.006589999999999874 0.27943122871834847
121 0.005450000000000177 0.28488122871834864
122 0.0033399999999998986 0.28822122871834854
123 0.00727000000000011 0.29549122871834865
124 0.006410000000000027 0.3019012287183487
125 1.999999999990898e-05 0.3019212287183486
126 0.002610000000000001 0.3045312287183486
127 0.0015399999999998748 0.30607122871834846
128 0.00411000000000028 0.31018122871834874
129 0.0021700000000000053 0.31235122871834875
130 0.0011200000000000099 0.31347122871834876
131 0.0012900000000000134 0.3147612287183488
132 0.003189999999999804 0.3179512287183486
133 0.004050000000000109 0.3220012287183487
134 0.0026200000000000667 0.32462122871834875
135 0.0011799999999999589 0.3258012287183487
136 0.0006899999999998574 0.32649122871834857
137 0.00541999999999998 0.33191122871834855
138 8.000000000008001e-05 0.33199122871834863
139 0.003169999999999895 0.3351612287183485
140 0.0013300000000002754 0.3364912287183488
141 0.0051800000000001845 0.341671228718349
142 0.0008299999999996643 0.34250122871834865
143 0.001020000000000465 0.3435212287183491
144 0.0012399999999996858 0.3447612287183488
145 0.002749999999999808 0.3475112287183486
146 0.0007100000000002105 0.3482212287183488
147 0.0011600000000000499 0.34938122871834887
148 0.0019299999999997652 0.35131122871834863
149 0.0044300000000006 0.35574122871834923
150 0.0039199999999999235 0.35966122871834916
151 0.011379999999999946 0.3710412287183491
152 0.0016299999999995762 0.3726712287183487
153 0.003930000000000433 0.3766012287183491
154 0.0018299999999999983 0.3784312287183491
155 0.007800000000000029 0.38623122871834914
156 0.0028199999999998226 0.38905122871834896
157 0.0022899999999999032 0.39134122871834887
158 0.0005499999999996064 0.39189122871834847
159 2.9999999999752447e-05 0.3919212287183482
160 0.00016999999999978144 0.392091228718348
161 0.003669999999999618 0.3957612287183476
162 0.0038999999999997925 0.3996612287183474
163 0.0019899999999997142 0.40165122871834713
164 9.469282041330018e-05 0.40174592153876043
165 3.469282041379529e-05 0.4017806143591742
166 0.0019400000000002748 0.4037206143591745
167 0.0002900000000001235 0.4040106143591746
168 0.0020599999999997287 0.40607061435917435
169 0.0028199999999998226 0.4088906143591742
170 7.00000000000145e-05 0.4089606143591742
171 0.0006800000000000139 0.4096406143591742
172 4.000000000026205e-05 0.40968061435917447
173 0.0023300000000006094 0.4120106143591751
174 0.00032000000000032003 0.4123306143591754
175 5.999999999994898e-05 0.41239061435917534
176 0 0.41239061435917534


# Displacement mean and std deviation
-0.00013593220338982783 0.0035329782315533533

# Displacement mean absolute value and std deviation
0.0023298904766055105 0.0026593275683095565

# Distance to GT
0.06565291768078602