1504013831.189990997
1504013872.827129364
1504013873.128544092
1504013875.406049728
1504013877.868224144
1504013880.205690384
1504013882.728555202
1504013885.126215458
1504013887.528851032
1504013889.925991058
1504013892.328561783
1504013894.788892746
1504013897.192329884
1504013899.525159836
1504013904.148412228
1504013904.504484177
1504013906.849844456
1504013909.244507313
1504013911.109771252
1504013913.209885597
1504013915.668132782
1504013918.009746313
1504013920.404931545
1504013922.808215141
1504013925.267281532
1504013927.670535803
1504013930.185591221
1504013934.804160595
1504013935.108819246
1504013937.270854473
1504013939.786159754
1504013942.186690807
1504013944.164649725
1504013946.205774546
1504013948.665577412
1504013951.005712271
1504013953.349040508
1504013955.866476536
1504013957.912424564
1504013960.244601965
1504013962.346612692
1504013967.029087543
1504013967.449058056
1504013969.127908230
1504013971.107726574
1504013973.509590626
1504013975.964281559
1504013978.365603924
1504013980.764971256
1504013983.166150808
1504013985.624453306
1504013988.027076244
1504013990.483592749
1504013992.826584816
1504013997.203938484
1504013997.686293125
1504013999.907942057
1504014002.365692616
1504014004.823359251
1504014007.226680994
1504014009.623166084
1504014012.026024342
1504014014.483503580
1504014016.950354099
1504014019.282960892
1504014021.266871691
1504014023.724844217
1504014027.624326706
1504014028.468018293
1504014030.867926121
1504014032.906465292
1504014034.884942293
1504014037.405087948
1504014039.684846640
1504014041.723147154
1504014044.126420498
1504014046.582230091
1504014048.627096653
1504014050.665545225
1504014052.642528057
1504014055.044499397
1504014058.946885824
1504014059.908106327
1504014062.362699986
1504014064.282555580
