1504013463.872498751
1504013503.953913212
1504013511.874329329
1504013514.213721752
1504013516.673161268
1504013518.717203140
1504013520.693673849
1504013523.093373775
1504013525.555079937
1504013527.954298019
1504013530.354169369
1504013535.274952412
1504013535.691957951
1504013537.615283728
1504013540.075061321
1504013542.353904247
1504013544.876006365
1504013547.334633827
1504013549.674648762
1504013552.077569008
1504013554.474162102
1504013556.877647638
1504013559.391184807
1504013561.794092178
1504013566.893979073
1504013567.251410961
1504013569.355863094
1504013571.873266697
1504013574.272580385
1504013576.613878727
1504013579.133694172
1504013581.472523689
1504013583.934113026
1504013586.331595421
1504013588.733463764
1504013591.072580338
1504013593.533387661
1504013598.753790379
1504013599.231200457
1504013601.211867332
1504013603.613178015
1504013606.011739492
1504013608.053439140
1504013609.973136425
1504013612.492681026
1504013614.892703533
1504013617.355380058
1504013619.691622257
1504013622.031324863
1504013624.133738518
1504013629.172184944
1504013629.593330383
1504013631.754805088
1504013634.211474419
1504013636.611929893
1504013639.071200371
1504013641.354877949
1504013643.752986908
1504013646.211822987
1504013648.553951740
1504013650.955648661
1504013653.410085917
1504013655.450878620
1504013660.189995766
1504013660.671981096
1504013662.651711702
1504013665.112831593
1504013667.452430010
1504013669.971819878
1504013672.370877266
1504013674.770861626
1504013677.229684998
1504013679.691930294
1504013682.031541824
1504013684.431286573
1504013686.770439863
1504013691.752257109
1504013692.109121323
1504013694.031469822
1504013696.370023489
