16.6633 3.00220188035 -179.455215308 1504013463.14
16.6655627982 3.00208883277 -179.387719583 1504013477.73
16.6663291842 3.00141199196 -179.412149611 1504013492.12
16.5314134044 2.9932591882 -179.438795474 1504013511.08
16.2609137052 2.9959396687 -179.937675773 1504013513.67
16.0544402532 3.0226945512 179.876329463 1504013515.76
15.819011372 3.03584324597 179.237577935 1504013517.89
15.6217132816 3.04208839277 178.895749776 1504013520.01
15.4116826367 3.05613516663 178.558347533 1504013522.02
15.2078006842 3.07086571733 178.16189085 1504013524.11
14.9871421055 3.08317777258 177.860420993 1504013526.32
14.7654737032 3.10934634789 177.521176316 1504013528.55
14.553949756 3.13350794684 177.297203986 1504013530.71
14.3446365819 3.15255966444 176.574428024 1504013532.87
14.1504700644 3.17982589035 175.792339818 1504013534.84
13.9298464619 3.20079849229 174.658265596 1504013537.07
13.7305213451 3.23413070894 173.717689037 1504013539.23
13.2922877586 3.32738967855 171.137926702 1504013543.85
13.0441791769 3.37707451045 169.224599577 1504013546.35
12.8205470948 3.46604847843 167.323187094 1504013548.64
12.6220072242 3.54048976358 165.071227733 1504013550.85
12.4411042652 3.63671806388 162.327947855 1504013553.03
12.2729785625 3.740016263 159.735288899 1504013555.12
12.0978978473 3.85423723721 157.105261105 1504013557.33
11.9063253415 3.99579609937 153.952316431 1504013559.75
11.7488654379 4.12101854815 150.956017971 1504013561.95
11.6002537559 4.25403227537 147.962106316 1504013564.12
11.4432627304 4.41441644747 144.543187989 1504013566.47
11.3137002764 4.57030936871 141.602309848 1504013568.56
11.1760838174 4.73731410276 138.762081946 1504013570.73
10.9131009994 5.12415966297 132.404077499 1504013575.64
10.7804382891 5.34689846023 128.724860098 1504013578.45
10.7037271835 5.55855669239 125.946073857 1504013580.68
10.6587155439 5.77126941208 123.566914758 1504013582.78
10.5601286074 5.92793215444 121.580995965 1504013584.82
10.5033069539 6.1296377542 119.060567099 1504013587.02
10.4646941037 6.35203445744 116.494317642 1504013589.36
10.361559986 6.56877374888 114.106207504 1504013591.83
10.2890219034 6.78023317335 112.464614323 1504013594.13
10.2434149857 6.99690281439 110.644697132 1504013596.35
10.190184744 7.20444807009 109.159084787 1504013598.5
10.1586441476 7.40907570156 107.874067729 1504013600.55
10.1347775308 7.59277130329 106.860746246 1504013602.43
10.0782875569 7.99545837233 105.125037321 1504013606.49
10.0201932621 8.19861751892 104.643635825 1504013608.59
9.99623718296 8.39423567509 104.431829364 1504013610.49
9.9576292632 8.58393834252 103.884062477 1504013612.42
9.92374876581 8.7821483184 104.60059572 1504013614.46
9.87566473958 8.97680579738 105.360875748 1504013616.54
9.82101188408 9.17574363719 106.352926778 1504013618.61
9.75209017762 9.37111123558 107.55835707 1504013620.81
9.68288564107 9.57806303817 109.047673787 1504013622.8
9.60960017216 9.75329557498 110.316688493 1504013624.83
9.51786099692 9.94920017155 111.795402639 1504013627.0
9.42994837973 10.1245409895 113.419142361 1504013629.08
9.31957066632 10.3225096495 115.385608583 1504013631.43
9.18480811539 10.5014898919 117.665538861 1504013633.66
8.95996833229 10.8112748314 121.748851652 1504013637.62
8.85330410427 10.9733700657 123.756889134 1504013639.66
8.69878212978 11.1135903931 126.093888755 1504013641.77
8.55202209533 11.271114635 127.85386927 1504013643.92
8.38877051371 11.4444984538 130.232339676 1504013646.32
8.21850149095 11.5871525814 131.553690464 1504013648.54
8.08119652426 11.7186295236 133.071319678 1504013650.47
7.93146355073 11.8515080881 134.339553631 1504013652.5
7.76276320327 12.0011869132 135.846824896 1504013654.76
7.61250532654 12.1294982723 137.117331593 1504013656.7
7.46884187163 12.2501569482 138.148535999 1504013658.6
7.27900023936 12.3900218391 139.538261683 1504013660.9
7.13345904752 12.5023594825 140.548483644 1504013662.8
6.97119913468 12.616652669 142.000234435 1504013664.8
6.56101563164 12.8753077637 145.805915218 1504013669.71
6.38763732683 12.9888042732 147.918198545 1504013671.93
6.19902400657 13.0461376339 150.234515697 1504013673.91
5.98391702741 13.1270972865 153.268706979 1504013676.12
5.7964862121 13.194679872 156.421986058 1504013678.48
5.59848944107 13.2334094723 159.561167252 1504013680.64
5.36423173558 13.2680616716 163.32310958 1504013682.99
5.17609944558 13.3006003321 166.523209484 1504013685.26
4.94384886517 13.3056177307 170.342461981 1504013687.72
4.72501716583 13.2761470795 174.078447897 1504013689.95
4.46480802979 13.2519924693 177.152876779 1504013692.58
4.22808921067 13.2364274058 178.472615842 1504013694.98
4.14263990521 13.2042276816 178.636850217 1504013697.44
4.13416117744 13.1805836024 178.830027448 1504013757.56
