1504013831.488087893
1504013872.709688663
1504013875.406049728
1504013877.807906628
1504013880.027611256
1504013882.969100714
1504013885.607563972
1504013887.888151169
1504013890.045363903
1504013892.268637657
1504013894.188737631
1504013896.525258064
1504013898.631387711
1504013900.727323055
1504013904.205512047
1504013906.124189377
1504013908.107970715
1504013910.207120419
1504013912.006421089
1504013914.407044411
1504013916.328056812
1504013918.426490784
1504013920.646057606
1504013922.808215141
1504013924.906119823
1504013926.824295998
1504013929.228055239
1504013931.268181324
1504013934.985435963
1504013936.967036963
1504013939.305587053
1504013941.224311352
1504013943.206567764
1504013945.128257275
1504013947.224658489
1504013949.267179966
1504013951.367189884
1504013953.526355267
1504013955.624384880
1504013957.486173630
1504013959.528225422
1504013961.624932289
1504013965.526285648
1504013967.567572117
1504013969.306183577
1504013971.643734932
1504013973.509590626
1504013975.908481598
1504013977.827062130
1504013979.925508499
1504013982.148003578
1504013984.604867935
1504013986.885422707
1504013988.867538452
1504013991.085958481
1504013993.305524349
1504013997.749757051
1504013999.964042187
1504014002.243914127
1504014004.406242371
1504014006.742709160
1504014009.147574425
1504014011.187170982
1504014013.947340965
1504014016.225547314
1504014018.630282402
1504014020.842972994
1504014023.065130234
1504014025.109753132
1504014029.669230938
1504014031.764974356
1504014033.623445034
1504014035.604663849
1504014037.706305742
1504014039.804565191
1504014041.843812943
1504014043.945112705
1504014045.987516880
1504014048.022230148
1504014050.066991806
1504014052.403788567
1504014054.385341883
1504014056.604071140
1504014060.564001322
1504014062.785852194
1504014064.764789104
1504014066.922791958
