16.664287561 3.00138815856 -179.415093658 1504013463.84
16.6805316835 2.99763571223 -177.505582378 1504013503.95
16.4404506051 3.01532467306 -177.192061966 1504013511.92
16.2052599014 3.01417550619 -177.604498949 1504013514.21
15.9627361364 3.02318363541 -177.507228877 1504013516.72
15.7442911035 3.04671683456 -177.641651635 1504013518.71
15.5485942273 3.06676017751 -178.079704647 1504013520.68
15.3350992929 3.06161181087 -179.492892096 1504013523.02
15.1132599697 3.06508035205 -179.532731682 1504013525.54
14.8568757079 3.08693294051 -179.660913913 1504013527.94
14.6198622087 3.10785795396 179.414232023 1504013530.34
14.1063108355 3.16227553285 178.54876989 1504013535.21
14.0718717516 3.18698221042 178.059010565 1504013535.75
13.8876454046 3.19367607684 177.128145795 1504013537.61
13.6511280571 3.2109747496 176.126389011 1504013540.12
13.4290167295 3.25385168274 174.986017688 1504013542.4
13.2031296948 3.30561935415 173.497294536 1504013544.86
12.9774423223 3.37230146737 172.055542192 1504013547.31
12.7341382335 3.51424518799 166.788564873 1504013549.76
12.5481158145 3.5689495581 163.624339984 1504013552.12
12.3555846756 3.62837903129 160.587831613 1504013554.46
12.2088169127 3.73565674357 158.492912324 1504013556.84
11.9942565634 3.86700104656 154.877333964 1504013559.43
11.8209116601 4.00978531981 151.618257053 1504013561.83
11.4443679044 4.33646749603 145.423065197 1504013566.94
11.422065329 4.35210464522 145.016599159 1504013567.24
11.3067286919 4.59396029671 141.154702728 1504013569.35
11.1514265292 4.73019616475 136.923427862 1504013571.86
11.0470927784 4.9174268874 134.816898391 1504013574.24
10.9069948007 5.11091454635 131.688442432 1504013576.61
10.7670223469 5.32248000388 128.357777946 1504013579.13
10.6928290769 5.51651118526 125.675910769 1504013581.45
10.6364399547 5.70419443182 124.067720208 1504013583.92
10.5728582434 5.94638135458 120.949138979 1504013586.39
10.4635664965 6.1400243122 118.359676165 1504013588.73
10.4129373423 6.343307999 116.370947994 1504013591.04
10.3471371823 6.60773410766 113.23461049 1504013593.53
10.1641530888 7.08540502177 110.512691204 1504013598.73
10.147276946 7.13171176625 110.139340444 1504013599.2
10.1232048242 7.3227419789 109.573049271 1504013601.15
10.0928614517 7.54986812953 108.198236652 1504013603.53
10.0444315288 7.80151902384 107.223175061 1504013606.03
10.0223865835 7.99387616597 106.202329798 1504013608.02
9.96981748161 8.15972125518 106.250715443 1504013609.94
9.93543653971 8.41820498538 104.377185479 1504013612.55
9.87448318718 8.64493408962 105.070424857 1504013614.88
9.81739676954 8.87407906442 106.201764125 1504013617.34
9.74251972213 9.08854039834 108.764645882 1504013619.63
9.66978856331 9.30985298681 109.462824606 1504013622.02
9.60264767548 9.51834960184 110.092801707 1504013624.13
9.37427378548 9.95749837973 115.246678017 1504013629.15
9.35479510032 9.99839863326 115.640160155 1504013629.65
9.23303801544 10.1624697488 115.687263373 1504013631.81
9.12387201664 10.3692059714 118.202888576 1504013634.24
8.99325196682 10.5447651047 120.777268682 1504013636.66
8.82964660706 10.7211228106 123.510255656 1504013639.04
8.73117159478 10.915939916 124.559498509 1504013641.35
8.57637395079 11.0917062172 126.150534457 1504013643.73
8.38849924736 11.2389831648 128.468589792 1504013646.27
8.24748859928 11.4092770321 130.253623017 1504013648.54
8.09037580029 11.5947322531 131.358490474 1504013650.94
7.89325219458 11.7412537458 133.647416793 1504013653.45
7.76329199449 11.8881795782 133.649564226 1504013655.43
7.41221344022 12.2183726259 136.646726593 1504013660.23
7.38122142347 12.2469813727 136.895951179 1504013660.65
7.2410761093 12.3726050846 138.163845599 1504013662.62
7.03171417782 12.5141385684 139.620579157 1504013665.14
6.87216439991 12.645645301 141.185949689 1504013667.42
6.65212892323 12.7801597104 142.765280744 1504013669.93
6.47142996738 12.8890896203 144.475495025 1504013672.34
6.25967718561 12.9937554921 148.636075872 1504013674.73
6.02441479234 13.0498877021 153.71132726 1504013677.23
5.81998455817 13.1333949357 156.798663555 1504013679.67
5.58824885803 13.1841023965 159.867449203 1504013682.03
5.39021183638 13.2102847575 163.126318713 1504013684.43
5.1854770171 13.2350316659 165.206522 1504013686.75
4.73957870794 13.1936015265 173.120763458 1504013691.74
4.68292280032 13.1750890227 174.325932621 1504013692.16
4.50303686963 13.1873000489 175.973173461 1504013694.01
4.28611464837 13.1737473275 177.534633081 1504013696.36
