4.00515660887 12.9243710726 178.273331826 1504013831.48
4.37103126522 12.8882862914 176.396367188 1504013872.71
4.62401950073 12.8632574834 172.638124025 1504013875.39
4.83609175804 12.8513806147 169.252561193 1504013877.8
5.02933757338 12.8736771361 165.709982089 1504013880.02
5.27481240821 12.8278213601 161.362955362 1504013882.96
5.51902738975 12.7900021985 157.025062309 1504013885.61
5.74788396063 12.7917587978 153.413816855 1504013887.98
5.91407197122 12.7026181921 150.613474474 1504013889.98
6.1050235607 12.6375648348 148.053056041 1504013892.18
6.27459659557 12.5703759404 145.762484482 1504013894.18
6.48302760978 12.4667264657 143.454155871 1504013896.57
6.66118363944 12.3607886928 141.620616592 1504013898.68
6.83254842328 12.261647808 139.852098755 1504013900.71
7.12746536439 12.0656995615 137.518532219 1504013904.26
7.26165994956 11.940347506 136.61184442 1504013906.12
7.42181555762 11.8185337374 135.730291382 1504013908.12
7.57120456078 11.6767727046 134.732779844 1504013910.18
7.70631927491 11.5483328991 133.753848301 1504013911.99
7.87184326647 11.3639326792 132.003292165 1504013914.4
7.9978286473 11.2383435256 131.293777711 1504013916.31
8.14013519334 11.0881770643 130.336105835 1504013918.42
8.28414052717 10.9228166098 128.556485127 1504013920.64
8.44059954212 10.7575509789 126.930551362 1504013922.79
8.53746816912 10.6142750628 125.253483153 1504013924.89
8.65606370491 10.4666034986 123.650459289 1504013926.8
8.83356297038 10.2758611819 121.423241349 1504013929.19
8.96024490865 10.1113778691 119.55267784 1504013931.31
9.16164821068 9.82280195363 115.983975326 1504013935.02
9.24334792763 9.65016050467 114.404916205 1504013937.0
9.37136920975 9.45869550967 112.806214264 1504013939.32
9.46283524161 9.29151825998 111.332595559 1504013941.26
9.55055332241 9.11020819122 109.945843801 1504013943.23
9.61886094923 8.91628700031 108.702471712 1504013945.09
9.69439801524 8.74168285232 108.061800298 1504013947.22
9.76059055501 8.55261719192 107.509434974 1504013949.26
9.82838600078 8.35008491323 106.992099512 1504013951.4
9.8939902131 8.14977566905 106.119131212 1504013953.55
9.95194536237 7.9610695442 105.773265074 1504013955.51
10.0064762739 7.76706084445 105.714485057 1504013957.48
10.0688403074 7.57599887429 106.029685323 1504013959.5
10.1192621821 7.37806976653 106.334551777 1504013961.59
10.2029227494 7.00789333273 107.293827434 1504013965.5
10.2587870777 6.79725678544 108.361591624 1504013967.62
10.2926833598 6.61584974959 109.409658316 1504013969.3
10.369077983 6.40607282108 110.96426876 1504013971.57
10.4109073094 6.22468474169 112.474652129 1504013973.56
10.4942643808 6.00286591753 114.08712278 1504013975.91
10.5506237359 5.83655855823 115.751489957 1504013977.83
10.6085270884 5.64354718077 117.77499947 1504013979.97
10.6905307379 5.45660217005 120.342750347 1504013982.2
10.7683486818 5.25186264919 123.459038925 1504013984.6
10.8439486773 5.06266412062 126.044407664 1504013986.89
10.9156233178 4.89540150248 128.360228338 1504013988.8
10.99360204 4.675546098 131.115669258 1504013991.17
11.1251362921 4.53101153488 133.797225654 1504013993.3
11.3541706444 4.19687668567 139.859833564 1504013997.68
11.5192019923 4.06695545096 143.264107013 1504013999.99
11.6013930036 3.88721331119 146.881979917 1504014002.24
11.7412907288 3.75427894477 150.292826905 1504014004.4
11.8866876795 3.61544699387 154.198280496 1504014006.71
12.0467217884 3.48735439149 158.450653884 1504014009.14
12.1777266783 3.38118429968 161.607536626 1504014011.12
12.3927238135 3.25219819014 165.749572332 1504014013.93
12.5766005763 3.15102995138 168.911647687 1504014016.21
12.7823927737 3.05728661285 171.960312571 1504014018.61
12.9921849364 2.98183439387 174.147059763 1504014020.89
13.1890901101 2.91490670119 175.792039922 1504014023.1
13.3954515533 2.86714458285 177.092886119 1504014025.15
13.8334622823 2.80729708579 178.358125338 1504014029.72
14.0469612197 2.79764250145 178.326121892 1504014031.82
14.233334378 2.7721617183 178.300552773 1504014033.61
14.4357205493 2.76120795425 178.150516423 1504014035.66
14.6282255149 2.75177380098 177.810697738 1504014037.7
14.8284830171 2.74031532301 177.653396658 1504014039.72
15.0315996547 2.72823429959 177.472277991 1504014041.81
15.2518538558 2.71493395678 177.433734234 1504014043.97
15.4507158365 2.69930097993 177.397104235 1504014045.99
15.6521388874 2.68499679865 177.249243305 1504014048.02
15.8527884875 2.6735705524 177.032662288 1504014050.07
16.0988881533 2.66171343865 176.796049492 1504014052.39
16.3012584436 2.64417988707 176.700134233 1504014054.48
16.5046540465 2.62956795635 176.860142875 1504014056.53
16.9039879526 2.58903943336 177.265100089 1504014060.54
17.1338200505 2.57892783256 177.20250126 1504014062.81
17.3763490965 2.55845357996 176.884529146 1504014064.76
17.3781795695 2.55762411123 176.855835319 1504014066.97
