1504013463.154642582
1504013477.676075935
1504013492.192262888
1504013511.037329912
1504013513.677214384
1504013515.774086475
1504013517.931909561
1504013520.034167528
1504013522.015448570
1504013524.113074303
1504013526.397413015
1504013528.556897879
1504013530.715382338
1504013532.814297199
1504013534.799392700
1504013537.072523832
1504013539.234494209
1504013543.793647766
1504013546.315870047
1504013548.653117895
1504013550.878415108
1504013553.034093857
1504013555.133931875
1504013557.356739521
1504013559.755650043
1504013561.975355387
1504013564.131761074
1504013566.414222240
1504013568.513481617
1504013570.731619358
1504013575.651519537
1504013578.411091089
1504013580.635504246
1504013582.735262871
1504013584.832518816
1504013587.052955627
1504013589.275744438
1504013591.792925835
1504013594.132744789
1504013596.290359020
1504013598.453546286
1504013600.492748737
1504013602.473908186
1504013606.557224274
1504013608.592880964
1504013610.510997534
1504013612.432250023
1504013614.476252317
1504013616.512743473
1504013618.610220909
1504013620.772288322
1504013622.812139988
1504013624.792956352
1504013627.011103153
1504013629.115086317
1504013631.450501442
1504013633.613040924
1504013637.689675570
1504013639.674891949
1504013641.713263035
1504013643.993150949
1504013646.332479954
1504013648.553951740
1504013650.472749472
1504013652.511318684
1504013654.794119358
1504013656.712643147
1504013658.632818222
1504013660.914249420
1504013662.771321297
1504013664.809863091
1504013669.672460556
1504013671.952877045
1504013673.931607723
1504013676.152835369
1504013678.493208408
1504013680.649987459
1504013682.992069483
1504013685.272637844
1504013687.674152851
1504013689.950439930
1504013692.530590534
1504013694.990172863
1504013697.451668501
1504013757.626992702
