4.00508754349 12.9239916957 178.280595926 1504013831.19
4.38276293279 12.9283844251 177.745466603 1504013872.82
4.41952986166 12.9312749772 177.07953232 1504013873.13
4.6413387752 12.9325533613 172.746282419 1504013875.48
4.84266390103 12.9006708643 169.254458302 1504013877.86
5.06141116256 12.8688723409 165.807776277 1504013880.19
5.26265087549 12.8408640743 162.671253719 1504013882.72
5.44623019184 12.7942352495 157.656878869 1504013885.12
5.6829864458 12.7616609204 155.447235919 1504013887.53
5.88059529841 12.7178271591 150.925197419 1504013889.91
6.07984607427 12.6422288025 147.794403397 1504013892.32
6.24106905099 12.5318742607 146.916673678 1504013894.78
6.48908169784 12.4489567503 143.310586645 1504013897.22
6.72521428083 12.269638767 141.387788124 1504013899.58
7.07216075809 12.0181409388 137.070036333 1504013904.12
7.09740526296 11.9944498404 136.884806474 1504013904.48
7.28372124161 11.8248955651 135.277910206 1504013906.83
7.48252591955 11.6695909734 136.381944138 1504013909.23
7.59413590931 11.5238776208 132.904050673 1504013911.12
7.75336870518 11.4092915222 132.327631129 1504013913.19
7.9396161296 11.2119077731 132.111155596 1504013915.7
8.1006572084 11.072420944 130.8382401 1504013918.0
8.24366169619 10.8432764935 128.77199793 1504013920.43
8.38114433846 10.6340863128 127.123522904 1504013922.81
8.52389983676 10.4816773409 125.026366194 1504013925.23
8.67640667742 10.3030279948 122.716561293 1504013927.67
8.85195307333 10.153127065 120.282245063 1504013930.24
9.10069841558 9.7978640601 117.268388163 1504013934.85
9.11212405931 9.77597666195 117.035265151 1504013935.11
9.22442884155 9.58113343131 114.545142103 1504013937.31
9.29821196812 9.37144566249 113.205512387 1504013939.78
9.39912675844 9.15222051548 110.623146003 1504013942.16
9.47168472931 8.95892714232 108.720821152 1504013944.21
9.5470838087 8.77957209452 106.965569835 1504013946.19
9.64068152581 8.5566664691 108.657119019 1504013948.59
9.71007873764 8.34982620323 108.593916856 1504013951.0
9.79189756726 8.12618585389 106.210216357 1504013953.46
9.85928051332 7.89424672345 105.684718944 1504013955.91
9.97873476773 7.75487772929 105.872598853 1504013957.9
10.0125472119 7.51081668292 106.085535392 1504013960.22
9.9715710091 7.20065921553 107.107709854 1504013962.32
10.1775501473 6.82059400937 107.290307958 1504013967.01
10.1754905512 6.78533461859 107.471544682 1504013967.49
10.1803146731 6.61563836478 107.736382469 1504013969.19
10.2443010267 6.43393532595 108.98489467 1504013971.09
10.338374763 6.22200860668 111.937960894 1504013973.5
10.4055203506 5.97380615629 113.697977148 1504013975.99
10.4597224457 5.76055941827 115.270576464 1504013978.42
10.5407649516 5.55491797637 117.297717737 1504013980.7
10.6046362577 5.33946815431 120.226178784 1504013983.21
10.6674677124 5.14419489755 122.573145966 1504013985.6
10.6546914611 4.83816607696 127.494346924 1504013988.07
10.745160782 4.61907361507 131.079199228 1504013990.54
10.8904667525 4.46173450037 134.00575811 1504013992.86
11.0907636361 4.12585442665 139.381034255 1504013997.2
11.1288186617 4.09328988962 140.19907142 1504013997.68
11.2470686454 3.92497604609 143.126874754 1504013999.89
11.4895430247 3.81679061835 148.928770675 1504014002.41
11.5311944228 3.59050200313 150.176941996 1504014004.86
11.7168168793 3.50944431735 154.711303402 1504014007.2
11.8705231819 3.36938077172 159.041519934 1504014009.62
12.0519087016 3.23803574583 162.779189783 1504014012.02
12.5090792227 3.22462340363 168.751424988 1504014014.54
12.7150838621 3.13985751449 170.857448122 1504014016.91
12.6458363063 2.89971227446 172.759014946 1504014019.32
12.8260936512 2.85835632813 175.113338383 1504014021.2
13.0479198301 2.81054373824 176.309648726 1504014023.71
13.4285484012 2.7110423077 178.690477382 1504014027.67
13.511143221 2.70913629158 178.86236472 1504014028.51
13.825167715 2.77148387121 -178.816875402 1504014030.92
14.0421386518 2.77667312579 -178.605787829 1504014032.89
14.229043982 2.75521077663 178.656123534 1504014034.93
14.4889195718 2.75079082822 179.835777613 1504014037.42
14.7073079144 2.74277430087 178.630752904 1504014039.73
14.7787685268 2.60363009601 178.174967158 1504014041.7
15.0556832214 2.60681225984 179.02517202 1504014044.17
15.2977928805 2.57463194651 178.27212078 1504014046.62
15.5075396054 2.55107961161 177.319868069 1504014048.61
15.7172858988 2.54011818753 176.630738278 1504014050.66
15.91422244 2.51576361335 174.743021892 1504014052.62
16.1640943336 2.49567761134 175.626952915 1504014055.03
16.5474412579 2.44224855842 176.099403251 1504014058.96
16.640400088 2.4358721572 176.20692293 1504014059.91
16.8994496374 2.40592672078 176.191139217 1504014062.35
17.1240806382 2.39001920202 175.769934066 1504014064.34
