17.5865 2.81973838556 176.660076973 1504014238.74
17.1941346027 2.84578633921 178.497191723 1504014283.69
17.12737572 2.8430779773 178.475713863 1504014284.41
16.8930669478 2.84414948336 178.828111617 1504014286.82
16.6862836229 2.86261920542 179.131304638 1504014289.09
16.4467009681 2.87237446773 179.933507641 1504014291.3
16.2287262112 2.8870847964 -179.126666323 1504014293.29
16.0024108011 2.84670605138 -177.822349175 1504014295.63
15.7794387872 2.83275624203 -177.343033325 1504014297.9
15.5800300784 2.87377862532 -177.92558453 1504014300.01
15.3471448766 2.88502342466 -178.989539074 1504014302.34
15.1231248314 2.87784381555 -178.132352031 1504014304.46
14.9044585635 2.89229555039 -177.428871805 1504014306.78
14.6618370749 2.90112507767 -178.948252247 1504014309.25
14.4251444458 2.89259500724 -177.807975775 1504014311.65
14.0827532601 2.91617046968 178.962555184 1504014315.48
14.0255075707 2.91723390028 178.628950311 1504014316.07
13.7753876152 2.94418134718 177.978996928 1504014318.5
13.5517217064 2.95925731294 176.399551521 1504014320.88
13.3086766838 3.05666935275 172.944235648 1504014323.38
13.0881939515 3.13868916655 170.336438056 1504014325.81
12.9038477796 3.17971245763 167.531349731 1504014328.21
12.7070992319 3.37474435834 163.621706495 1504014330.65
12.5107398585 3.48276733245 159.953917931 1504014333.02
12.3571436782 3.62409415239 156.355528149 1504014335.4
12.1887035905 3.67593904761 152.324314546 1504014337.75
12.0454163064 3.84376324663 147.944329328 1504014340.14
11.887217291 3.97387803341 144.58898314 1504014342.6
11.6041191635 4.3875021665 137.891572816 1504014347.03
11.5782386539 4.41104158255 137.457580513 1504014347.4
11.401204464 4.53543830124 137.019517799 1504014349.75
11.3546657929 4.82591637952 131.979532214 1504014352.4
11.2221330224 4.99537024973 129.994651891 1504014354.72
11.1013301992 5.2228519417 128.013358853 1504014357.07
10.9632179211 5.44417205289 124.129320378 1504014359.59
10.8412738384 5.6764482957 122.677056111 1504014361.9
10.7749248454 5.86543542361 119.743384022 1504014364.33
10.7004726588 6.07862724863 116.889055867 1504014366.79
10.6017233252 6.29466350511 115.566376075 1504014369.19
10.5409111291 6.51445728475 113.67395196 1504014371.53
10.480251712 6.72602011845 112.611152414 1504014373.93
10.3640713843 7.1592184527 108.460309318 1504014377.99
10.3534356299 7.19194400566 108.265984389 1504014378.36
10.3101622404 7.35758331041 109.071449802 1504014380.28
10.229113618 7.52224775083 106.875877918 1504014382.68
10.1916857123 7.84590971199 107.090177286 1504014385.19
10.1590039658 8.00377982812 103.908811588 1504014387.59
10.1227019929 8.22166140641 105.483370745 1504014389.7
10.0597538374 8.441341241 105.534669631 1504014392.05
10.0148245373 8.62805278615 104.351048069 1504014394.03
9.92620719289 8.817404779 107.683194243 1504014396.07
9.89344938291 9.05885579866 107.70304511 1504014398.47
9.83806915356 9.2845042712 108.352572951 1504014400.86
9.76935524789 9.47833712583 109.015979713 1504014402.78
9.66460371781 9.67507962959 111.430476021 1504014405.18
9.51327903153 9.98801136254 113.78491933 1504014408.59
9.47149983228 10.0796255311 114.741584649 1504014409.68
9.37990622246 10.2906907754 115.074256485 1504014412.19
9.23046004244 10.4688741317 120.133942158 1504014414.59
9.08959338415 10.6510004453 123.233208281 1504014416.94
8.95926011698 10.797222312 125.915400276 1504014419.29
8.77039654237 10.9577649018 129.103130908 1504014421.81
8.63757923186 11.1094997479 132.195460948 1504014424.14
8.49023821579 11.2537430054 135.284830719 1504014426.64
8.28447440132 11.3777575485 137.276688736 1504014429.01
8.08572467069 11.5030039089 140.201478012 1504014431.22
7.87449889125 11.6431470463 143.013975704 1504014433.85
7.64952768543 11.7398403599 146.831223414 1504014436.15
7.30703455456 11.9128490857 150.638605364 1504014440.22
7.23259239623 11.9540953459 151.421700143 1504014441.11
7.02989754444 12.0445577503 152.210876062 1504014443.41
6.76394229678 12.1068317889 156.224463609 1504014445.9
6.57379091944 12.1977213611 157.066888956 1504014448.21
6.3722046133 12.249882062 158.750068369 1504014450.57
6.13717021156 12.3127467304 161.381720761 1504014452.83
5.89275491576 12.3815273781 162.978518942 1504014455.49
5.73073232905 12.428289352 168.38799237 1504014457.87
5.52058860866 12.4637807008 171.357532044 1504014460.31
5.27425178787 12.4493419261 173.257351747 1504014462.79
5.05930023399 12.4796876015 174.127690994 1504014465.1
4.79965367267 12.4516567734 177.276974199 1504014467.59
4.34622930647 12.377963717 178.054158142 1504014471.5
4.34691802819 12.3781093459 178.069317474 1504014498.85
4.7335999613 12.3808912105 177.911996063 1504014557.05
4.76433136791 12.3773886522 177.68961347 1504014557.4
4.99861328761 12.3692549862 176.122505991 1504014559.79
5.20774780508 12.3451465649 173.36431323 1504014562.09
5.43685461609 12.3802499724 171.456625482 1504014564.36
5.67057863919 12.3564690112 167.871304036 1504014566.87
5.88992562248 12.2988321326 164.436261212 1504014569.29
6.119159666 12.2781755659 161.879158059 1504014571.66
6.31841731014 12.2184196936 159.28874678 1504014574.05
6.5435695615 12.1945433976 155.056463094 1504014576.55
6.75059493219 12.0972963248 153.188462323 1504014578.87
6.96810495913 12.0221614598 151.30200632 1504014581.29
7.18008476628 11.9203114485 148.17616281 1504014583.75
7.5289830935 11.7774921477 144.323508223 1504014587.59
7.60708443375 11.7217408733 143.44325953 1504014588.61
7.81637601343 11.6469990885 143.195822174 1504014591.01
8.00335052149 11.5172913512 141.333231078 1504014593.34
8.17962562878 11.3680260526 138.754867876 1504014595.74
8.37086301382 11.2394388519 134.67791537 1504014598.21
8.55938238299 11.1147816711 133.50601349 1504014600.66
8.73229167831 11.0118551951 130.21940388 1504014602.96
8.97611305101 10.8677948148 127.61752403 1504014605.27
9.12256269275 10.7005516943 123.364071647 1504014607.75
9.27000685028 10.5180263053 119.952767261 1504014610.25
9.4225616235 10.3303703659 117.962369625 1504014612.65
9.5517372328 10.1407398288 115.148459832 1504014615.15
9.73950939497 9.83394418748 112.148312531 1504014619.07
9.76869616102 9.76333191227 111.566334034 1504014619.85
9.87076193749 9.54434276546 110.879054151 1504014622.19
9.95162047622 9.32134263807 110.417611659 1504014624.37
10.0184388013 9.10068076808 108.443598396 1504014626.77
10.1090458515 8.87879854046 108.135329114 1504014629.1
10.1880861044 8.63041315956 106.340939137 1504014631.56
10.2264446127 8.47944044202 106.21287655 1504014633.49
10.2902705444 8.24822736482 107.894403746 1504014635.95
10.3366687839 8.04628885592 106.41820447 1504014637.96
10.3402463103 7.84277651049 107.529100078 1504014640.45
10.4080555314 7.6109208046 107.999381351 1504014642.85
10.4364717641 7.42331699643 109.040296437 1504014645.16
10.5044741971 7.18983033672 111.177981438 1504014647.27
10.6059621423 6.84671722453 111.952037652 1504014650.88
10.6203295715 6.81372626726 112.164469851 1504014651.25
10.6483726138 6.56413639706 114.955115145 1504014653.64
10.7420769114 6.33387300733 113.507323937 1504014656.15
10.8292307389 6.12606125306 114.596669148 1504014658.45
10.8660836772 5.90952949589 119.623635955 1504014660.95
10.9523501668 5.71425749319 122.561699781 1504014663.25
11.0382413135 5.50133038693 124.481686001 1504014665.83
11.1752456578 5.42171804109 127.143005408 1504014668.23
11.2827909547 5.20327715988 131.38400703 1504014670.61
11.3852043337 4.94885637837 135.219173809 1504014673.01
11.5130394937 4.78128380237 139.248759244 1504014675.3
11.5678853049 4.56668186806 145.781710554 1504014677.76
11.7931586377 4.36280502994 152.508163376 1504014681.65
11.8946511096 4.31213371124 155.124591458 1504014683.03
12.0743413985 4.22346833272 158.728484682 1504014685.75
12.3056499573 4.03694482767 162.316939165 1504014688.24
12.4272951098 3.87731582624 167.253499138 1504014690.62
12.6231075879 3.77833201651 169.920724728 1504014693.0
12.8147530943 3.67597043399 173.360152891 1504014695.46
13.0194400012 3.62636013248 174.834924851 1504014697.91
13.2806196278 3.51882736888 176.245384631 1504014700.31
13.3897842681 3.41442706229 178.768105996 1504014702.24
13.691147655 3.42525789266 179.349409958 1504014704.62
13.940337984 3.44112327143 -176.554811391 1504014707.11
14.1433377263 3.41340300567 -178.524860755 1504014709.51
14.5218214121 3.45683769259 -175.942995175 1504014713.24
14.5520134375 3.45927680455 -175.992049363 1504014713.51
14.7522143012 3.45939613088 -176.994285206 1504014715.49
14.967903001 3.45355695791 -178.728631722 1504014717.97
15.2041435483 3.45520044653 -179.134592374 1504014720.42
15.428885188 3.48605464059 179.466125876 1504014722.76
15.7023071818 3.48706396894 178.039620756 1504014725.09
15.8874671841 3.49925151536 177.529174392 1504014727.55
16.1377612078 3.49946683208 174.764900176 1504014729.89
16.3542933314 3.47607030228 174.155937271 1504014732.05
16.5763618472 3.44719451549 172.87062301 1504014733.98
16.824499038 3.40915760626 173.315607547 1504014736.45
17.0250323783 3.40126202009 172.51700667 1504014738.54
17.2367453029 3.39384987714 170.170163948 1504014740.86
17.5639455089 3.33859219856 170.422873094 1504014744.9
