17.5865 2.8197 176.660076973 1504014238.45
17.0127581345 2.8432738079 177.022746289 1504014285.46
16.7830785539 2.85128123375 177.777477942 1504014287.77
16.5584848992 2.86338381232 178.356105913 1504014289.94
16.3517061402 2.87048845288 179.037937427 1504014291.97
16.1194437528 2.87761737767 179.837092101 1504014294.37
15.8754695087 2.87790183588 179.780481847 1504014296.57
15.6698901682 2.87201747558 -179.53881834 1504014298.78
15.4605097198 2.86258331274 -179.467901429 1504014300.91
15.2346326275 2.86232966615 -179.54699339 1504014303.19
15.0283927831 2.86519301592 -179.454740238 1504014305.28
14.8066639231 2.86872812745 -179.204294147 1504014307.51
14.6013217355 2.8729323315 -179.363475844 1504014309.67
14.3720544572 2.88402615218 179.882799477 1504014311.94
13.9130494058 2.91046478438 177.254603316 1504014316.55
13.6555156724 2.92471638055 175.490617738 1504014319.27
13.4131782063 3.01286667329 173.300714253 1504014321.86
13.1766997744 3.05152538967 170.703876525 1504014324.36
12.9298785767 3.1253759182 167.679043825 1504014327.02
12.7138863817 3.2235543506 164.460696216 1504014329.45
12.5122088588 3.36166987495 160.922796104 1504014331.99
12.3186396472 3.45991279588 157.61460582 1504014334.39
12.1321496341 3.61365434417 154.004255471 1504014336.96
11.956052623 3.77268772597 149.934560244 1504014339.46
11.7847124491 3.94085853465 146.172171527 1504014342.04
11.4520061079 4.34333140794 139.164013726 1504014347.46
11.2450096207 4.53538356886 135.844875582 1504014350.4
11.1575590916 4.76841153334 133.54025069 1504014352.66
11.0377761198 4.96153207597 131.550380187 1504014355.09
10.894971901 5.19020658646 129.111266436 1504014357.66
10.8046932435 5.38155297633 126.522359164 1504014359.89
10.7120936201 5.58443754911 123.756789617 1504014362.17
10.6199954056 5.81308487116 121.152709521 1504014364.69
10.5497670521 6.02713154247 119.071064138 1504014367.06
10.4772399068 6.26303657405 116.695188387 1504014369.55
10.3977878159 6.49667972478 114.440630116 1504014372.15
10.2565700666 6.98042876239 110.599859593 1504014377.28
10.1653623634 7.24052276757 109.18687735 1504014379.99
10.1522903498 7.47631657626 108.279075935 1504014382.37
10.1041944747 7.70559643788 107.839029166 1504014384.66
10.0457712744 7.95767995863 106.968665502 1504014387.2
10.0047339918 8.19812202819 106.583415614 1504014389.52
9.9429167806 8.45502465246 106.6855631 1504014392.27
9.86271124059 8.69359937273 107.008672195 1504014394.85
9.82296526156 8.88877442148 107.238686078 1504014396.91
9.76452456206 9.07903783157 107.867448722 1504014398.89
9.68690127804 9.30462252521 108.836485371 1504014401.29
9.6072833918 9.51599086028 110.192953465 1504014403.46
9.40646629193 9.99229843346 113.730871659 1504014408.79
9.30261430175 10.2112672889 116.251666464 1504014411.37
9.1438163206 10.415536242 119.064914459 1504014414.01
8.97149238054 10.588527717 121.81590569 1504014416.3
8.85708313512 10.7592251025 124.816095217 1504014418.55
8.68477452283 10.9112806629 128.826989625 1504014421.19
8.4880735642 11.0817712854 132.135847867 1504014423.78
8.26855396272 11.1878001019 135.587092834 1504014426.19
8.11225742328 11.3311148815 138.458196225 1504014428.47
7.92155804343 11.4487064266 141.083057102 1504014430.88
7.70112762939 11.5759779998 144.000127341 1504014433.39
7.49138111409 11.6748036134 146.352951429 1504014435.6
7.0416615421 11.8752247062 150.958387303 1504014440.59
6.8033104531 11.945633621 153.537208197 1504014443.12
6.60465035121 12.0327049552 155.757168531 1504014445.38
6.4067704885 12.1125808257 157.850966245 1504014447.77
6.14256889177 12.1536042983 160.288900126 1504014450.3
5.93519893152 12.2127293332 163.071387338 1504014452.59
5.70759263789 12.2686821869 166.020121365 1504014455.17
5.47225597287 12.2819774461 169.09143538 1504014457.68
5.20119809487 12.2832336679 172.32758371 1504014460.38
4.94475824474 12.2764977462 175.573341318 1504014463.19
4.68290022822 12.2703237398 177.897790115 1504014465.72
4.1299300159 12.1921247287 -178.434152403 1504014471.43
4.1298969204 12.1909213544 -178.423230812 1504014474.08
4.54076275823 12.1701337332 -179.759790236 1504014557.42
4.75741846827 12.1642376689 177.877336965 1504014559.6
4.99547427223 12.1488661933 174.964515153 1504014562.21
5.25725650192 12.1489839465 171.728697381 1504014565.06
5.52855063542 12.1445097034 168.343530649 1504014567.9
5.75474406695 12.125097527 165.234932391 1504014570.36
5.99586388799 12.0958690051 162.101924242 1504014572.88
6.21744223435 12.0593086034 159.526097567 1504014575.33
6.43793868258 12.0087221906 157.099151073 1504014577.67
6.64847261227 11.9443555996 154.891376884 1504014580.01
6.88642117607 11.8717203382 152.710110503 1504014582.6
7.084732858 11.7827001996 150.41702351 1504014584.89
7.57611124587 11.5396572865 145.261414323 1504014590.48
7.79054289583 11.3827294375 142.590696696 1504014593.21
8.01552817461 11.2920708576 139.879279177 1504014595.69
8.19410010734 11.1543566589 137.236106887 1504014598.08
8.3695062468 11.0228749856 134.539538125 1504014600.4
8.54619830339 10.8736228595 131.420894159 1504014602.85
8.71069332204 10.7289814545 128.329955009 1504014605.22
8.87123174771 10.6019906319 125.604663938 1504014607.39
9.00423969481 10.4480851964 122.738891736 1504014609.57
9.15377804606 10.2823928743 119.711204546 1504014611.87
9.2745079867 10.1337486016 117.411839723 1504014613.98
9.39705220976 9.9596294328 115.312728619 1504014616.27
9.63182503809 9.57358768342 111.848140303 1504014620.77
9.74821631106 9.37271963477 110.265050593 1504014623.11
9.81523915182 9.17789959977 109.181271446 1504014625.09
9.87962427652 9.02026399513 108.58230755 1504014626.89
9.95180518981 8.81325278861 108.011908582 1504014629.09
10.0227431876 8.60739433832 107.230831351 1504014631.33
10.0882027614 8.41564790553 106.608658474 1504014633.4
10.1535776754 8.21291363999 106.097280534 1504014635.5
10.2132397586 8.02498617869 106.388376159 1504014637.45
10.2742080758 7.82889404922 106.604775398 1504014639.48
10.3268659883 7.61922348321 107.45949455 1504014641.71
10.3696355202 7.41982559781 108.096390309 1504014643.79
10.4179455807 7.22062689709 108.726787363 1504014645.77
10.472650451 7.00938967747 109.877026558 1504014647.88
10.602168312 6.58818339029 112.331529428 1504014652.32
10.6793420759 6.38175652481 113.530421669 1504014654.59
10.7381898873 6.20762816908 114.709832449 1504014656.5
10.8050302381 6.01391838164 116.752854805 1504014658.62
10.8768380763 5.82307962008 119.22139734 1504014660.81
10.9467473104 5.64022176533 122.077103025 1504014662.98
11.0236596797 5.44739540259 125.024567257 1504014665.32
11.0888581133 5.26797158936 127.91289807 1504014667.45
11.1735520523 5.08656863946 131.145978687 1504014669.73
11.2818911038 4.92085729618 135.134012903 1504014672.0
11.3939702613 4.74629913745 139.708620464 1504014674.51
11.506329877 4.57769879163 144.02181193 1504014676.84
11.6408827618 4.40368413525 148.522159526 1504014679.43
11.9639713828 4.1144425375 158.54030204 1504014684.85
12.1822414989 4.03584456834 163.174636167 1504014687.54
12.3008857365 3.86194639143 166.819192074 1504014689.75
12.4764084446 3.75392967807 170.588630462 1504014692.16
12.6707947489 3.66642412138 173.7814187 1504014694.45
12.8711517113 3.59552097991 176.618282339 1504014696.76
13.0693891842 3.53769282758 178.710492985 1504014698.85
13.3000672825 3.48063242227 -179.367273718 1504014701.29
13.5045571298 3.45689120741 -177.913292328 1504014703.37
13.7404448331 3.43475918397 -176.802783836 1504014705.77
13.9655441891 3.42454638939 -176.317285621 1504014708.06
14.1597842943 3.42039093227 -176.347186512 1504014710.05
14.7299925666 3.43517790436 -177.355064761 1504014715.57
14.9686422282 3.44736562963 -178.042398883 1504014718.15
15.1592474012 3.45273891373 -178.932982985 1504014720.23
15.3678066793 3.45702833586 179.970498886 1504014722.28
15.5878048315 3.46291548536 178.956829683 1504014724.45
15.8198324468 3.47489866993 177.678555673 1504014726.9
16.0871545606 3.46877862054 175.929557571 1504014729.66
16.3496296976 3.45990876418 174.400652763 1504014732.24
16.6087981591 3.46149220408 173.318718624 1504014734.71
16.8211828913 3.43268556325 172.616287689 1504014736.8
17.0089839507 3.40992656425 171.984185161 1504014738.76
17.2267181219 3.37810883353 171.500168232 1504014740.92
17.5487781076 3.33744838035 171.233576799 1504014745.69
17.5489778402 3.33755600479 171.233576799 1504014747.9
