1504014238.704042435
1504014283.700587511
1504014284.357255220
1504014286.761568546
1504014289.156565666
1504014291.263300896
1504014293.240889072
1504014295.580335379
1504014297.921188831
1504014299.958164215
1504014302.359535694
1504014304.401006222
1504014306.797589779
1504014309.200912714
1504014311.598402739
1504014315.441740751
1504014316.098264456
1504014318.440636158
1504014320.898815393
1504014323.360711098
1504014325.820078850
1504014328.223939419
1504014330.619624376
1504014333.024247885
1504014335.419847012
1504014337.760715008
1504014340.156815052
1504014342.559984684
1504014346.998171329
1504014347.423337460
1504014349.756936312
1504014352.339350939
1504014354.676736355
1504014357.080646515
1504014359.536785603
1504014361.879992962
1504014364.338053226
1504014366.798622847
1504014369.196982622
1504014371.538997412
1504014373.937080383
1504014377.959410191
1504014378.379444599
1504014380.299550772
1504014382.758788109
1504014385.217237949
1504014387.618879795
1504014389.597146988
1504014392.063066006
1504014394.038334846
1504014396.075965881
1504014398.480181932
1504014400.876194000
1504014402.797712564
1504014405.260620594
1504014408.618272066
1504014409.698793888
1504014412.155602217
1504014414.558748722
1504014416.955910206
1504014419.359288216
1504014421.755855560
1504014424.099588394
1504014426.618216276
1504014429.078391552
1504014431.355722427
1504014433.821540594
1504014436.156521797
1504014440.237385273
1504014441.075432301
1504014443.420819283
1504014445.876276016
1504014448.277145863
1504014450.618215561
1504014452.838768959
1504014455.476954222
1504014457.877915859
1504014460.337430000
1504014462.737276077
1504014465.136891365
1504014467.596302509
1504014471.555764198
1504014498.859267712
1504014557.054974556
1504014557.415886641
1504014559.635877371
1504014562.093473673
1504014564.378095150
1504014566.893177509
1504014569.295340300
1504014571.632726192
1504014574.095809460
1504014576.554017067
1504014578.896620035
1504014581.292614460
1504014583.757272243
1504014587.593376637
1504014588.619729042
1504014590.952407837
1504014593.357048512
1504014595.751826763
1504014598.218327045
1504014600.615432262
1504014602.956528902
1504014605.352924347
1504014607.818470716
1504014610.272366524
1504014612.673584700
1504014615.131904474
1504014619.034908295
1504014619.872326851
1504014622.274373055
1504014624.310970306
1504014626.714572191
1504014629.112890005
1504014631.577881336
1504014633.496895313
1504014635.953577042
1504014637.997635603
1504014640.453494787
1504014642.859255314
1504014645.192570686
1504014647.232798815
1504014650.835287094
1504014651.255073071
1504014653.656044960
1504014656.111989975
1504014658.455361366
1504014660.912641287
1504014663.256432056
1504014665.771993160
1504014668.173658371
1504014670.572223663
1504014672.974772692
1504014675.311330318
1504014677.712676764
1504014681.733513355
1504014683.052844524
1504014685.816414833
1504014688.270342350
1504014690.673503399
1504014693.013655901
1504014695.472757578
1504014697.869579792
1504014700.273231983
1504014702.251836777
1504014704.652308941
1504014707.112026215
1504014709.512447119
1504014713.176633596
1504014713.532090425
1504014715.510467052
1504014717.914270401
1504014720.372489929
1504014722.775901079
1504014725.109673500
1504014727.576414585
1504014729.909496069
1504014732.072818995
1504014733.993547916
1504014736.509620190
1504014738.492387533
1504014740.830011368
1504014744.856138945
