1504014238.399653435
1504014285.439781189
1504014287.718363285
1504014289.880646706
1504014291.982390165
1504014294.382963181
1504014296.600288391
1504014298.818313599
1504014300.920769930
1504014303.139003277
1504014305.299003601
1504014307.461033821
1504014309.677767992
1504014311.903738737
1504014316.579355001
1504014319.278614044
1504014321.801264286
1504014324.380555630
1504014327.021941423
1504014329.422126770
1504014331.939354420
1504014334.340014458
1504014336.917002201
1504014339.441422701
1504014342.078062773
1504014347.423337460
1504014350.419907570
1504014352.699669361
1504014355.101332426
1504014357.676611900
1504014359.902209759
1504014362.237393856
1504014364.638826847
1504014367.099476337
1504014369.559031010
1504014372.139723301
1504014377.298872948
1504014379.996244431
1504014382.399007320
1504014384.677332878
1504014387.199787140
1504014389.537064075
1504014392.239873648
1504014394.878294468
1504014396.863959312
1504014398.837285757
1504014401.298746109
1504014403.518335342
1504014408.795099258
1504014411.379843473
1504014413.956172228
1504014416.238848686
1504014418.575587749
1504014421.218302727
1504014423.797778368
1504014426.139087677
1504014428.540569782
1504014430.940495014
1504014433.397956371
1504014435.617450714
1504014440.539232254
1504014443.057817221
1504014445.394909620
1504014447.740613937
1504014450.255515575
1504014452.597208023
1504014455.178005457
1504014457.699709654
1504014460.397377968
1504014463.214708328
1504014465.740562677
1504014471.374156713
1504014474.076286793
1504014557.352816105
1504014559.635877371
1504014562.215359449
1504014565.095779181
1504014567.857391834
1504014570.312565804
1504014572.894289494
1504014575.354808569
1504014577.695037365
1504014580.032910347
1504014582.556176662
1504014584.895199537
1504014590.476099968
1504014593.235668421
1504014595.631991386
1504014598.035140038
1504014600.432140589
1504014602.836324215
1504014605.233145952
1504014607.337602615
1504014609.554329395
1504014611.832678318
1504014613.995388031
1504014616.214819908
1504014620.832375765
1504014623.052726746
1504014625.098211765
1504014626.955968142
1504014629.112890005
1504014631.336995125
1504014633.434287548
1504014635.471675396
1504014637.451875448
1504014639.497603416
1504014641.713649511
1504014643.751846313
1504014645.793679476
1504014647.897690296
1504014652.273487091
1504014654.552253246
1504014656.533578873
1504014658.633449554
1504014660.793471575
1504014662.951991081
1504014665.353710175
1504014667.391149998
1504014669.673182487
1504014672.013083935
1504014674.474051952
1504014676.811442375
1504014679.393558979
1504014684.791377068
1504014687.553910494
1504014689.771267414
1504014692.173759460
1504014694.454051495
1504014696.792273045
1504014698.894232035
1504014701.230882645
1504014703.393102646
1504014705.733895063
1504014708.012856960
1504014710.056877375
1504014715.573767185
1504014718.152120829
1504014720.189584970
1504014722.231315851
1504014724.455008030
1504014726.853373528
1504014729.670139790
1504014732.253745079
1504014734.649396181
1504014736.750953674
1504014738.792923212
1504014740.949735165
1504014745.689571857
1504014747.910826921
